ts,arr_e_req,client_bill,assigned_type,realized_type,fail_time,fail_energy1,fail_energy2,fail_energy_both,fail_IR,chg_e_req,imbalance_bill,n_cars,avg_lax,payoff
166559.0,,,,,,,,,,0.0,0.0,0.0,0.0,
166560.0,10.779999999999994,1.5091999999999992,"[[0. 0. 0.]
 [0. 1. 0.]
 [0. 0. 0.]]","[[0. 0. 0.]
 [0. 1. 0.]
 [0. 0. 0.]]",0.0,0.0,0.0,0.0,0.0,0.10607337919227688,0.40740663480169703,1.0,0.27085771031048056,0.0
166561.0,0.0,0.0,"[[0. 0. 0.]
 [0. 0. 0.]
 [0. 0. 0.]]","[[0. 0. 0.]
 [0. 0. 0.]
 [0. 0. 0.]]",0.0,0.0,0.0,0.0,0.0,-0.0037321571336170895,-0.011653287434006001,1.0,0.22972722463902032,0.0
166562.0,0.0,0.0,"[[0. 0. 0.]
 [0. 0. 0.]
 [0. 0. 0.]]","[[0. 0. 0.]
 [0. 0. 0.]
 [0. 0. 0.]]",0.0,0.0,0.0,0.0,0.0,-0.07006219863101518,-0.14231033785931801,1.0,0.16850509790969836,0.0
166563.0,0.0,0.0,"[[0. 0. 0.]
 [0. 0. 0.]
 [0. 0. 0.]]","[[0. 0. 0.]
 [0. 0. 0.]
 [0. 0. 0.]]",0.0,0.0,0.0,0.0,0.0,0.10564888854242699,0.2615866480310492,1.0,0.15923932003113167,0.0
166564.0,0.0,0.0,"[[0. 0. 0.]
 [0. 0. 0.]
 [0. 0. 0.]]","[[0. 0. 0.]
 [0. 0. 0.]
 [0. 0. 0.]]",0.0,0.0,0.0,0.0,0.0,0.0022291168520593863,0.006928095176200574,1.0,0.1198877903880944,0.0
166565.0,0.0,0.0,"[[0. 0. 0.]
 [0. 0. 0.]
 [0. 0. 0.]]","[[0. 0. 0.]
 [0. 0. 0.]
 [0. 0. 0.]]",0.0,0.0,0.0,0.0,0.0,0.0003857205409254766,0.0006850396806836465,1.0,0.08,0.0
166566.0,0.0,0.0,"[[0. 0. 0.]
 [0. 0. 0.]
 [0. 0. 0.]]","[[0. 0. 0.]
 [0. 0. 0.]
 [0. 0. 0.]]",0.0,0.0,0.0,0.0,0.0,0.0,0.0,1.0,0.04,0.0
166567.0,0.0,0.0,"[[0. 0. 0.]
 [0. 0. 0.]
 [0. 0. 0.]]","[[0. 0. 0.]
 [0. 0. 0.]
 [0. 0. 0.]]",0.0,0.0,0.0,0.0,0.0,0.0,0.0,1.0,0.0,0.0
166568.0,0.0,0.0,"[[0. 0. 0.]
 [0. 0. 0.]
 [0. 0. 0.]]","[[0. 0. 0.]
 [0. 0. 0.]
 [0. 0. 0.]]",0.0,0.0,0.0,0.0,0.0,0.0,0.0,0.0,0.0,0.42821439560548585
166569.0,0.0,0.0,"[[0. 0. 0.]
 [0. 0. 0.]
 [0. 0. 0.]]","[[0. 0. 0.]
 [0. 0. 0.]
 [0. 0. 0.]]",0.0,0.0,0.0,0.0,0.0,0.0,0.0,0.0,0.0,0.0
166570.0,24.470599999999997,3.425884,"[[0. 0. 0.]
 [0. 0. 0.]
 [0. 1. 0.]]","[[0. 0. 0.]
 [0. 0. 0.]
 [0. 0. 0.]]",0.0,0.0,1.0,1.0,0.0,0.11988693531878875,1.5059717267004966,1.0,0.02407619936546583,0.0
166571.0,40.425000000000004,5.659500000000001,"[[0. 0. 0.]
 [0. 1. 0.]
 [0. 0. 0.]]","[[0. 0. 0.]
 [0. 1. 0.]
 [0. 0. 0.]]",0.0,0.0,0.0,0.0,0.0,0.03929854049584741,0.526914830968322,2.0,0.08447992990486763,0.0
166572.0,35.358399999999996,4.950176,"[[0. 1. 0.]
 [0. 0. 0.]
 [1. 0. 0.]]","[[0. 1. 0.]
 [0. 0. 0.]
 [0. 0. 0.]]",1.0,0.0,0.0,0.0,1.0,0.393728770535096,3.4654431467416975,4.0,0.14781920860598652,0.0
166573.0,25.6564,3.5918960000000006,"[[0. 1. 0.]
 [0. 0. 0.]
 [0. 0. 0.]]","[[0. 0. 0.]
 [0. 0. 0.]
 [0. 0. 0.]]",0.0,0.0,1.0,1.0,0.0,0.3768753117638136,1.7203604231394565,4.0,0.12225566293727777,0.0
166574.0,93.24699999999999,13.05458,"[[0. 0. 1.]
 [0. 0. 1.]
 [0. 1. 1.]]","[[0. 0. 0.]
 [0. 0. 0.]
 [0. 0. 0.]]",1.0,0.0,3.0,3.0,1.0,0.448858800633513,1.4830294772931234,8.0,0.02683276857611792,0.0
166575.0,18.002599999999997,2.520364,"[[0. 0. 0.]
 [0. 1. 0.]
 [0. 0. 0.]]","[[0. 0. 0.]
 [0. 0. 0.]
 [0. 0. 0.]]",1.0,0.0,1.0,1.0,1.0,0.6921982856430835,2.2166957899434108,6.0,0.0013995425813786344,0.40535723402690543
166576.0,18.325999999999993,2.5656399999999993,"[[0. 0. 0.]
 [1. 0. 0.]
 [0. 0. 0.]]","[[0. 0. 0.]
 [0. 0. 0.]
 [0. 0. 0.]]",1.0,0.0,0.0,0.0,1.0,0.6427113535714553,2.091125659980087,5.0,0.5603701181658021,0.0
166577.0,47.21639999999999,6.610296,"[[0. 0. 0.]
 [0. 0. 1.]
 [0. 0. 1.]]","[[0. 1. 0.]
 [0. 0. 1.]
 [0. 0. 0.]]",0.0,0.0,0.0,0.0,0.0,0.35551214429008454,1.1606760486782681,5.0,1.1675632607180728,0.0
166578.0,60.907,8.52698,"[[0. 1. 0.]
 [0. 0. 0.]
 [0. 1. 0.]]","[[0. 1. 0.]
 [0. 0. 0.]
 [0. 1. 0.]]",0.0,0.0,0.0,0.0,0.0,0.10852760941619821,0.3557100926225312,6.0,1.8511957993270125,0.42821439560548585
166579.0,100.66919999999999,14.093688,"[[1. 0. 0.]
 [1. 0. 0.]
 [0. 1. 0.]]","[[0. 0. 0.]
 [0. 0. 0.]
 [0. 1. 0.]]",2.0,1.0,0.0,1.0,2.0,0.5933054875639822,2.1344758220601774,8.0,2.450253128547852,0.0
166580.0,0.0,0.0,"[[0. 0. 0.]
 [0. 0. 0.]
 [0. 0. 0.]]","[[0. 0. 0.]
 [0. 0. 0.]
 [0. 0. 0.]]",0.0,0.0,0.0,0.0,0.0,0.2399359867386764,0.27448676882904577,6.0,2.279632095414287,0.40535723402690543
166581.0,3.126199999999999,0.4376679999999999,"[[0. 0. 1.]
 [0. 0. 0.]
 [0. 0. 0.]]","[[0. 0. 0.]
 [0. 0. 0.]
 [0. 0. 0.]]",0.0,0.0,1.0,1.0,0.0,0.5654551618021078,2.107564479068816,7.0,2.192528142483991,0.0
166582.0,44.84479999999999,6.278271999999999,"[[1. 0. 0.]
 [0. 0. 0.]
 [0. 0. 0.]]","[[0. 0. 0.]
 [0. 0. 0.]
 [0. 0. 0.]]",1.0,0.0,0.0,1.0,1.0,0.5033938793182161,1.5568965899553788,7.0,2.3325699982856536,0.0
166583.0,0.0,0.0,"[[0. 0. 0.]
 [0. 0. 0.]
 [0. 0. 0.]]","[[0. 0. 0.]
 [0. 0. 0.]
 [0. 0. 0.]]",0.0,0.0,0.0,0.0,0.0,0.24006403931975365,0.5020219190254689,7.0,2.1224068097241275,0.0
166584.0,0.0,0.0,"[[0. 0. 0.]
 [0. 0. 0.]
 [0. 0. 0.]]","[[0. 0. 0.]
 [0. 0. 0.]
 [0. 0. 0.]]",0.0,0.0,0.0,0.0,0.0,0.2642546764314175,0.22895025166018007,7.0,1.9192808974132671,0.0
166585.0,0.0,0.0,"[[0. 0. 0.]
 [0. 0. 0.]
 [0. 0. 0.]]","[[0. 0. 0.]
 [0. 0. 0.]
 [0. 0. 0.]]",0.0,0.0,0.0,0.0,0.0,0.2400923937559128,0.7832774253892898,7.0,1.7091259574149873,0.0
166586.0,0.0,0.0,"[[0. 0. 0.]
 [0. 0. 0.]
 [0. 0. 0.]]","[[0. 0. 0.]
 [0. 0. 0.]
 [0. 0. 0.]]",0.0,0.0,0.0,0.0,0.0,0.16854337846263925,0.4436061721136665,7.0,1.4781567584223005,0.0
166587.0,0.0,0.0,"[[0. 0. 0.]
 [0. 0. 0.]
 [0. 0. 0.]]","[[0. 0. 0.]
 [0. 0. 0.]
 [0. 0. 0.]]",0.0,0.0,0.0,0.0,0.0,0.09594552967205137,0.3130126960021004,7.0,1.226068185235988,0.0
166588.0,0.0,0.0,"[[0. 0. 0.]
 [0. 0. 0.]
 [0. 0. 0.]]","[[0. 0. 0.]
 [0. 0. 0.]
 [0. 0. 0.]]",0.0,0.0,0.0,0.0,0.0,0.11820081466514135,0.31526521287486503,7.0,0.9804538767749383,0.0
166589.0,0.0,0.0,"[[0. 0. 0.]
 [0. 0. 0.]
 [0. 0. 0.]]","[[0. 0. 0.]
 [0. 0. 0.]
 [0. 0. 0.]]",0.0,0.0,0.0,0.0,0.0,0.147214609282355,0.5631842092705773,7.0,0.7432799449298053,0.0
166590.0,41.9342,5.870788,"[[0. 0. 0.]
 [0. 0. 1.]
 [0. 0. 0.]]","[[0. 1. 0.]
 [0. 0. 0.]
 [0. 0. 0.]]",0.0,0.0,0.0,0.0,0.0,0.0288318302997068,0.14231391435935276,7.0,0.5160673864715383,0.4682144930556804
166591.0,92.8158,12.994212000000001,"[[0. 0. 1.]
 [0. 0. 0.]
 [1. 1. 0.]]","[[0. 1. 1.]
 [0. 0. 0.]
 [1. 0. 0.]]",0.0,0.0,0.0,0.0,0.0,-0.04611550260926713,0.08072057576726119,10.0,0.6759099429274152,0.0
166592.0,0.0,0.0,"[[0. 0. 0.]
 [0. 0. 0.]
 [0. 0. 0.]]","[[0. 0. 0.]
 [0. 0. 0.]
 [0. 0. 0.]]",0.0,0.0,0.0,0.0,0.0,0.35630133595023905,1.3747530746303993,8.0,0.4593983059158222,0.4682144930556804
166593.0,36.54419999999999,5.116187999999999,"[[0. 0. 0.]
 [1. 0. 0.]
 [1. 0. 0.]]","[[0. 0. 0.]
 [0. 0. 0.]
 [0. 0. 0.]]",2.0,0.0,0.0,0.0,2.0,0.645560864098105,2.608065890956344,8.0,0.35159783001708916,0.0
166594.0,85.80879999999998,12.013231999999999,"[[0. 0. 0.]
 [0. 0. 1.]
 [1. 1. 1.]]","[[0. 1. 0.]
 [0. 0. 1.]
 [0. 0. 0.]]",1.0,0.0,1.0,1.0,0.0,0.8711361560520633,11.096880810253595,10.0,0.48559068508193576,0.40535723402690543
166595.0,25.764199999999995,3.606988,"[[0. 0. 1.]
 [0. 0. 0.]
 [0. 0. 0.]]","[[0. 0. 0.]
 [0. 0. 0.]
 [0. 0. 0.]]",0.0,0.0,1.0,1.0,0.0,0.5139580899477003,3.3764990677204123,8.0,0.3395057657939941,0.8107144680538109
166596.0,0.0,0.0,"[[0. 0. 0.]
 [0. 0. 0.]
 [0. 0. 0.]]","[[0. 0. 0.]
 [0. 0. 0.]
 [0. 0. 0.]]",0.0,0.0,0.0,0.0,0.0,0.3782638822495935,1.4594933632718285,6.0,0.20954616790296676,0.6282143731485081
166597.0,40.748400000000004,5.704776000000001,"[[0. 0. 0.]
 [0. 1. 0.]
 [0. 0. 0.]]","[[0. 0. 0.]
 [0. 0. 0.]
 [0. 0. 0.]]",0.0,0.0,1.0,1.0,0.0,0.3039842877130414,1.4537744575588494,6.0,0.06677796069221514,0.0
166598.0,46.4618,6.504652,"[[1. 0. 0.]
 [0. 1. 0.]
 [0. 0. 0.]]","[[0. 0. 0.]
 [0. 1. 0.]
 [0. 0. 0.]]",1.0,0.0,0.0,1.0,1.0,0.7625183238030055,5.009440380056224,6.0,1.4762014730712716,0.40535723402690543
166599.0,0.0,0.0,"[[0. 0. 0.]
 [0. 0. 0.]
 [0. 0. 0.]]","[[0. 0. 0.]
 [0. 0. 0.]
 [0. 0. 0.]]",0.0,0.0,0.0,0.0,0.0,0.6416828094634233,8.201219651190115,6.0,1.4228728358242675,0.0
166600.0,156.72519999999997,21.941527999999998,"[[1. 0. 1.]
 [0. 2. 1.]
 [0. 1. 0.]]","[[0. 0. 1.]
 [0. 0. 0.]
 [0. 1. 0.]]",2.0,1.0,2.0,4.0,2.0,0.2289727018659213,2.0109298568672673,11.0,2.4245718488157624,0.3539287550364296
166601.0,24.039399999999993,3.3655159999999995,"[[0. 0. 0.]
 [0. 1. 0.]
 [0. 0. 0.]]","[[0. 0. 0.]
 [0. 1. 0.]
 [0. 0. 0.]]",0.0,0.0,0.0,0.0,0.0,0.5768510300102457,8.5636996511201,8.0,2.7431516834112073,1.2335715847187128
166602.0,63.602000000000004,8.904280000000002,"[[0. 1. 0.]
 [0. 0. 0.]
 [1. 0. 0.]]","[[0. 0. 0.]
 [0. 0. 0.]
 [1. 0. 0.]]",0.0,0.0,1.0,1.0,0.0,0.8338585513616408,3.151985324147002,8.0,2.989728716534594,0.0
166603.0,61.122600000000006,8.557164000000002,"[[0. 0. 0.]
 [1. 0. 0.]
 [0. 0. 0.]]","[[0. 0. 0.]
 [0. 0. 0.]
 [0. 0. 0.]]",1.0,0.0,0.0,0.0,1.0,0.7400091857274675,3.856927876011561,9.0,3.058204116018948,0.0
166604.0,0.0,0.0,"[[0. 0. 0.]
 [0. 0. 0.]
 [0. 0. 0.]]","[[0. 0. 0.]
 [0. 0. 0.]
 [0. 0. 0.]]",0.0,0.0,0.0,0.0,0.0,0.6918700774032851,2.6080734437794177,9.0,2.8994754112635404,0.0
166605.0,0.0,0.0,"[[0. 0. 0.]
 [0. 0. 0.]
 [0. 0. 0.]]","[[0. 0. 0.]
 [0. 0. 0.]
 [0. 0. 0.]]",0.0,0.0,0.0,0.0,0.0,0.22557458402280944,0.6642720350303694,8.0,2.645097108433812,0.0
166606.0,0.0,0.0,"[[0. 0. 0.]
 [0. 0. 0.]
 [0. 0. 0.]]","[[0. 0. 0.]
 [0. 0. 0.]
 [0. 0. 0.]]",0.0,0.0,0.0,0.0,0.0,0.17429556540202945,0.5877246465356433,8.0,2.3758012729144027,0.0
166607.0,0.0,0.0,"[[0. 0. 0.]
 [0. 0. 0.]
 [0. 0. 0.]]","[[0. 0. 0.]
 [0. 0. 0.]
 [0. 0. 0.]]",0.0,0.0,0.0,0.0,0.0,0.005203298271092566,0.018411350602433936,8.0,2.0573149596841747,0.0
166608.0,0.0,0.0,"[[0. 0. 0.]
 [0. 0. 0.]
 [0. 0. 0.]]","[[0. 0. 0.]
 [0. 0. 0.]
 [0. 0. 0.]]",0.0,0.0,0.0,0.0,0.0,0.02694188020433965,0.051168018884081644,8.0,1.745152597561801,0.0
166609.0,0.0,0.0,"[[0. 0. 0.]
 [0. 0. 0.]
 [0. 0. 0.]]","[[0. 0. 0.]
 [0. 0. 0.]
 [0. 0. 0.]]",0.0,0.0,0.0,0.0,0.0,0.3177158511578639,1.2085910978045116,8.0,1.517579026989543,0.0
166610.0,0.0,0.0,"[[0. 0. 0.]
 [0. 0. 0.]
 [0. 0. 0.]]","[[0. 0. 0.]
 [0. 0. 0.]
 [0. 0. 0.]]",0.0,0.0,0.0,0.0,0.0,0.3816104737779523,1.369523668294315,8.0,1.3085929829976748,0.0
166611.0,0.0,0.0,"[[0. 0. 0.]
 [0. 0. 0.]
 [0. 0. 0.]]","[[0. 0. 0.]
 [0. 0. 0.]
 [0. 0. 0.]]",0.0,0.0,0.0,0.0,0.0,0.17327049501468714,0.6668834812125278,8.0,1.0389989451837656,0.0
166612.0,0.0,0.0,"[[0. 0. 0.]
 [0. 0. 0.]
 [0. 0. 0.]]","[[0. 0. 0.]
 [0. 0. 0.]
 [0. 0. 0.]]",0.0,0.0,0.0,0.0,0.0,0.00326723028543694,0.012472978337684062,8.0,0.7199494121758926,0.0
166613.0,0.0,0.0,"[[0. 0. 0.]
 [0. 0. 0.]
 [0. 0. 0.]]","[[0. 0. 0.]
 [0. 0. 0.]
 [0. 0. 0.]]",0.0,0.0,0.0,0.0,0.0,0.00017389564536911858,0.0006304760518502763,6.0,0.48,0.82214324809211
166614.0,35.8974,5.025636,"[[0. 0. 0.]
 [0. 1. 0.]
 [0. 0. 0.]]","[[0. 0. 0.]
 [0. 1. 0.]
 [0. 0. 0.]]",0.0,0.0,0.0,0.0,0.0,0.029760884859827336,0.11240090993859587,6.0,0.3554577119592225,0.0
166615.0,45.81499999999999,6.4140999999999995,"[[0. 1. 0.]
 [0. 0. 0.]
 [1. 0. 0.]]","[[0. 1. 0.]
 [0. 0. 0.]
 [1. 0. 0.]]",0.0,0.0,0.0,0.0,0.0,-0.2651313289460349,-1.019589038594872,6.0,0.6251483472411777,1.0335716071756904
166616.0,77.6,10.864,"[[0. 0. 0.]
 [0. 0. 0.]
 [0. 0. 1.]]","[[0. 0. 0.]
 [0. 0. 0.]
 [0. 0. 0.]]",0.0,1.0,1.0,1.0,0.0,0.2644567483132726,2.306485976089036,5.0,0.5340141223540543,0.42821439560548585
166617.0,51.95960000000001,7.274344000000002,"[[1. 0. 0.]
 [0. 0. 0.]
 [0. 0. 0.]]","[[0. 0. 0.]
 [0. 0. 0.]
 [0. 0. 0.]]",1.0,0.0,0.0,1.0,1.0,0.20809302432457258,1.3066577183388546,6.0,0.40175027488483905,0.0
166618.0,0.0,0.0,"[[0. 0. 0.]
 [0. 0. 0.]
 [0. 0. 0.]]","[[0. 0. 0.]
 [0. 0. 0.]
 [0. 0. 0.]]",0.0,0.0,0.0,0.0,0.0,0.36366033842663525,1.9015071775651904,6.0,0.26754237333622377,0.0
166619.0,17.6792,2.4750880000000004,"[[0. 0. 0.]
 [0. 0. 0.]
 [1. 0. 0.]]","[[0. 0. 0.]
 [0. 0. 0.]
 [1. 0. 0.]]",0.0,0.0,0.0,0.0,0.0,0.2183685601570361,0.839758134939898,7.0,0.14381845986829522,0.0
166620.0,40.5328,5.6745920000000005,"[[0. 0. 0.]
 [0. 0. 0.]
 [2. 0. 0.]]","[[0. 0. 0.]
 [0. 0. 0.]
 [0. 0. 0.]]",2.0,0.0,0.0,0.0,2.0,0.6670998192556765,2.5808757807363616,7.0,0.10748386183358298,0.42821439560548585
166621.0,111.24959999999999,15.574944,"[[0. 1. 0.]
 [0. 2. 1.]
 [0. 1. 0.]]","[[0. 0. 0.]
 [0. 1. 0.]
 [0. 0. 0.]]",1.0,0.0,4.0,4.0,1.0,1.0567638617904058,2.8109918723624796,12.0,0.08107750402231105,0.0
166622.0,0.0,0.0,"[[0. 0. 0.]
 [0. 0. 0.]
 [0. 0. 0.]]","[[0. 0. 0.]
 [0. 0. 0.]
 [0. 0. 0.]]",0.0,0.0,0.0,0.0,0.0,1.0977393761616925,3.947470796677446,10.0,0.00041986799662159237,0.0
166623.0,85.05420000000001,11.907588000000002,"[[1. 0. 0.]
 [1. 0. 1.]
 [0. 0. 0.]]","[[0. 0. 0.]
 [0. 0. 0.]
 [0. 0. 0.]]",2.0,0.0,1.0,2.0,2.0,1.0218149474155365,3.9401184372343083,9.0,0.02207512542659586,0.3539287550364296
166624.0,50.7738,7.108332000000001,"[[1. 0. 0.]
 [0. 0. 0.]
 [0. 0. 1.]]","[[0. 0. 0.]
 [0. 0. 0.]
 [0. 0. 1.]]",1.0,0.0,1.0,1.0,1.0,0.4070323479434025,1.9218439340495694,6.0,0.3104352229510648,0.7821431506419154
166625.0,95.2952,13.341328,"[[0. 0. 0.]
 [0. 0. 0.]
 [2. 2. 0.]]","[[0. 1. 0.]
 [0. 0. 0.]
 [1. 0. 0.]]",2.0,0.0,0.0,0.0,2.0,1.0726643441947668,4.306103743335472,9.0,0.8286081059534566,0.40535723402690543
166626.0,72.76499999999999,10.1871,"[[0. 0. 0.]
 [0. 1. 1.]
 [0. 0. 0.]]","[[0. 0. 0.]
 [0. 1. 1.]
 [0. 0. 0.]]",0.0,0.0,0.0,0.0,0.0,0.0035300665894649474,0.01588247559932069,8.0,1.1558776340616697,0.0
166627.0,75.35220000000001,10.549308000000002,"[[1. 1. 0.]
 [0. 0. 0.]
 [0. 0. 0.]]","[[0. 1. 0.]
 [0. 0. 0.]
 [0. 0. 0.]]",1.0,0.0,0.0,1.0,1.0,0.8302334924815118,3.412591747496006,9.0,1.8778001046017458,0.0
166628.0,33.2024,4.6483360000000005,"[[0. 0. 0.]
 [0. 0. 0.]
 [0. 1. 0.]]","[[0. 0. 0.]
 [0. 0. 0.]
 [0. 1. 0.]]",0.0,0.0,0.0,0.0,0.0,0.8951681784915151,2.8910351492561897,8.0,2.215012665617459,0.40535723402690543
166629.0,66.297,9.28158,"[[0. 0. 0.]
 [0. 1. 0.]
 [0. 0. 0.]]","[[0. 0. 0.]
 [0. 1. 0.]
 [0. 0. 0.]]",0.0,0.0,0.0,0.0,0.0,-0.20273215011850038,-0.07947100284645214,8.0,2.0666654433748963,0.0
166630.0,0.0,0.0,"[[0. 0. 0.]
 [0. 0. 0.]
 [0. 0. 0.]]","[[0. 0. 0.]
 [0. 0. 0.]
 [0. 0. 0.]]",0.0,0.0,0.0,0.0,0.0,0.5194303983489204,0.5651402734036253,8.0,1.8976095336065566,0.0
166631.0,0.0,0.0,"[[0. 0. 0.]
 [0. 0. 0.]
 [0. 0. 0.]]","[[0. 0. 0.]
 [0. 0. 0.]
 [0. 0. 0.]]",0.0,0.0,0.0,0.0,0.0,0.7792034142637883,2.080161434718609,8.0,1.8042868904832945,0.0
166632.0,0.0,0.0,"[[0. 0. 0.]
 [0. 0. 0.]
 [0. 0. 0.]]","[[0. 0. 0.]
 [0. 0. 0.]
 [0. 0. 0.]]",0.0,0.0,0.0,0.0,0.0,0.028709282154008677,0.10898043505661692,7.0,1.5326386816553699,0.6282143731485081
166633.0,0.0,0.0,"[[0. 0. 0.]
 [0. 0. 0.]
 [0. 0. 0.]]","[[0. 0. 0.]
 [0. 0. 0.]
 [0. 0. 0.]]",0.0,0.0,0.0,0.0,0.0,0.5580876477171849,2.1368059855795574,7.0,1.4149914519003692,0.0
166634.0,0.0,0.0,"[[0. 0. 0.]
 [0. 0. 0.]
 [0. 0. 0.]]","[[0. 0. 0.]
 [0. 0. 0.]
 [0. 0. 0.]]",0.0,0.0,0.0,0.0,0.0,0.13405685677687082,0.5096305467229522,7.0,1.173989810235459,0.0
166635.0,0.0,0.0,"[[0. 0. 0.]
 [0. 0. 0.]
 [0. 0. 0.]]","[[0. 0. 0.]
 [0. 0. 0.]
 [0. 0. 0.]]",0.0,0.0,0.0,0.0,0.0,0.598408633105686,2.275388986521061,7.0,1.068072321684386,0.0
166636.0,0.0,0.0,"[[0. 0. 0.]
 [0. 0. 0.]
 [0. 0. 0.]]","[[0. 0. 0.]
 [0. 0. 0.]
 [0. 0. 0.]]",0.0,0.0,0.0,0.0,0.0,0.4029455126194862,1.320049499341437,7.0,0.9052928344464184,0.0
166637.0,0.0,0.0,"[[0. 0. 0.]
 [0. 0. 0.]
 [0. 0. 0.]]","[[0. 0. 0.]
 [0. 0. 0.]
 [0. 0. 0.]]",0.0,0.0,0.0,0.0,0.0,0.036873245076089536,0.13259618929361797,6.0,0.6760195966503716,0.6682144705986472
166638.0,37.08319999999999,5.191647999999999,"[[0. 0. 0.]
 [1. 0. 0.]
 [1. 0. 0.]]","[[0. 0. 0.]
 [0. 0. 0.]
 [0. 0. 0.]]",2.0,0.0,0.0,0.0,2.0,0.5608882014151163,-1.9092634376170559,8.0,0.9415870734256783,0.0
166639.0,151.35119999999998,21.189168,"[[0. 0. 0.]
 [1. 0. 3.]
 [0. 0. 0.]]","[[0. 1. 0.]
 [0. 1. 0.]
 [0. 0. 0.]]",1.0,0.0,1.0,1.0,1.0,0.5033694146027295,2.1342863179155733,11.0,0.9664218122191994,0.40535723402690543
166640.0,50.0192,7.002688,"[[0. 0. 2.]
 [0. 0. 0.]
 [0. 0. 1.]]","[[0. 0. 1.]
 [0. 0. 0.]
 [0. 0. 0.]]",1.0,0.0,2.0,2.0,1.0,0.6632888584366492,8.337275635005307,12.0,0.8537785710371338,0.3539287550364296
166641.0,78.2628,10.956792,"[[0. 0. 0.]
 [0. 0. 0.]
 [1. 1. 0.]]","[[0. 0. 0.]
 [0. 0. 0.]
 [0. 0. 0.]]",2.0,0.0,0.0,0.0,2.0,0.1980566332729662,0.8419783593700338,11.0,0.4996356786979581,0.8964288886611662
166642.0,0.0,0.0,"[[0. 0. 0.]
 [0. 0. 0.]
 [0. 0. 0.]]","[[0. 0. 0.]
 [0. 0. 0.]
 [0. 0. 0.]]",0.0,0.0,0.0,0.0,0.0,0.4953765842914231,1.9272130635273523,8.0,0.3237452304918267,0.40535723402690543
166643.0,0.0,0.0,"[[0. 0. 0.]
 [0. 0. 0.]
 [0. 0. 0.]]","[[0. 0. 0.]
 [0. 0. 0.]
 [0. 0. 0.]]",0.0,0.0,0.0,0.0,0.0,0.6098696884266632,2.7912515899911523,6.0,0.2611618671250378,0.42821439560548585
166644.0,120.9516,16.933224000000003,"[[1. 1. 0.]
 [0. 0. 1.]
 [1. 0. 0.]]","[[0. 1. 0.]
 [0. 0. 0.]
 [0. 0. 0.]]",2.0,0.0,2.0,2.0,2.0,1.1813716941880554,5.917254541849132,9.0,0.5160336327070176,0.42821439560548585
166645.0,2.9105999999999987,0.40748399999999985,"[[0. 0. 0.]
 [0. 0. 0.]
 [1. 0. 0.]]","[[0. 0. 0.]
 [0. 0. 0.]
 [0. 0. 0.]]",1.0,0.0,0.0,0.0,0.0,0.8175861702603928,3.699413903194225,10.0,0.3830768822373139,0.0
166646.0,45.922799999999995,6.429192,"[[0. 0. 0.]
 [0. 0. 0.]
 [0. 1. 0.]]","[[0. 0. 0.]
 [0. 0. 0.]
 [0. 0. 0.]]",0.0,0.0,1.0,1.0,0.0,0.2818365353293779,4.6723988173045585,5.0,0.2939729806980449,0.6053572115702046
166647.0,19.94299999999999,2.792019999999999,"[[0. 0. 1.]
 [1. 0. 1.]
 [0. 0. 0.]]","[[0. 0. 0.]
 [0. 0. 0.]
 [0. 0. 0.]]",1.0,0.0,2.0,2.0,1.0,0.5883216323085033,2.2549191523120267,8.0,0.23112109191506405,0.0
166648.0,133.54819999999998,18.696748,"[[0. 1. 0.]
 [0. 1. 1.]
 [0. 0. 0.]]","[[0. 0. 0.]
 [0. 1. 1.]
 [0. 0. 0.]]",0.0,1.0,0.0,1.0,0.0,0.1860767251450289,0.8867672413511497,8.0,1.0277765722084746,0.0
166649.0,93.78599999999999,13.13004,"[[0. 2. 0.]
 [1. 0. 0.]
 [0. 0. 0.]]","[[0. 0. 0.]
 [0. 0. 0.]
 [0. 0. 0.]]",1.0,0.0,2.0,2.0,1.0,1.0724246971567135,19.271042838027277,10.0,1.5917546659267914,0.0
166650.0,120.52040000000001,16.872856000000002,"[[0. 1. 0.]
 [0. 0. 0.]
 [1. 1. 0.]]","[[0. 1. 0.]
 [0. 1. 0.]
 [1. 0. 0.]]",0.0,0.0,0.0,0.0,0.0,0.8230387917565221,0.43127232688041095,12.0,2.223291420802692,0.0
166651.0,0.0,0.0,"[[0. 0. 0.]
 [0. 0. 0.]
 [0. 0. 0.]]","[[0. 0. 0.]
 [0. 0. 0.]
 [0. 0. 0.]]",0.0,0.0,0.0,0.0,0.0,0.310827640778995,0.6044975957869894,8.0,1.9920646944247877,0.40535723402690543
166652.0,45.81499999999999,6.4140999999999995,"[[1. 0. 0.]
 [1. 0. 0.]
 [0. 0. 0.]]","[[0. 0. 0.]
 [0. 0. 0.]
 [0. 0. 0.]]",2.0,0.0,0.0,1.0,2.0,0.6986522308624552,2.2373639041139266,9.0,2.785308979766593,0.0
166653.0,46.785199999999996,6.549928,"[[0. 0. 0.]
 [0. 0. 0.]
 [1. 0. 0.]]","[[0. 0. 0.]
 [0. 0. 0.]
 [1. 0. 0.]]",0.0,0.0,0.0,0.0,0.0,-0.07899501426833566,-0.1746737755501438,10.0,2.707079299193101,0.0
166654.0,0.0,0.0,"[[0. 0. 0.]
 [0. 0. 0.]
 [0. 0. 0.]]","[[0. 0. 0.]
 [0. 0. 0.]
 [0. 0. 0.]]",0.0,0.0,0.0,0.0,0.0,0.08986252180713589,0.1360159130072809,8.0,2.413221123718814,1.056428768753994
166655.0,0.0,0.0,"[[0. 0. 0.]
 [0. 0. 0.]
 [0. 0. 0.]]","[[0. 0. 0.]
 [0. 0. 0.]
 [0. 0. 0.]]",0.0,0.0,0.0,0.0,0.0,0.30648593857054823,1.0087065210233883,8.0,2.1823806694847914,0.0
166656.0,0.0,0.0,"[[0. 0. 0.]
 [0. 0. 0.]
 [0. 0. 0.]]","[[0. 0. 0.]
 [0. 0. 0.]
 [0. 0. 0.]]",0.0,0.0,0.0,0.0,0.0,0.1474910798613921,0.3939781725257506,8.0,1.9052871654444694,0.0
166657.0,0.0,0.0,"[[0. 0. 0.]
 [0. 0. 0.]
 [0. 0. 0.]]","[[0. 0. 0.]
 [0. 0. 0.]
 [0. 0. 0.]]",0.0,0.0,0.0,0.0,0.0,0.7805144549381733,2.7642699936090342,8.0,1.812345915971938,0.0
166658.0,0.0,0.0,"[[0. 0. 0.]
 [0. 0. 0.]
 [0. 0. 0.]]","[[0. 0. 0.]
 [0. 0. 0.]
 [0. 0. 0.]]",0.0,0.0,0.0,0.0,0.0,0.4243718641271912,1.3966926792154117,8.0,1.6157995491725754,0.0
166659.0,0.0,0.0,"[[0. 0. 0.]
 [0. 0. 0.]
 [0. 0. 0.]]","[[0. 0. 0.]
 [0. 0. 0.]
 [0. 0. 0.]]",0.0,0.0,0.0,0.0,0.0,0.31874227251112464,1.0339999320260858,8.0,1.3885245739030845,0.0
166660.0,0.0,0.0,"[[0. 0. 0.]
 [0. 0. 0.]
 [0. 0. 0.]]","[[0. 0. 0.]
 [0. 0. 0.]
 [0. 0. 0.]]",0.0,0.0,0.0,0.0,0.0,0.44318533688783646,0.8413430435478687,8.0,1.197451217361364,0.0
166661.0,0.0,0.0,"[[0. 0. 0.]
 [0. 0. 0.]
 [0. 0. 0.]]","[[0. 0. 0.]
 [0. 0. 0.]
 [0. 0. 0.]]",0.0,0.0,0.0,0.0,0.0,0.09509896981145738,0.31215285850912766,8.0,0.9051163722156061,0.0
166662.0,0.0,0.0,"[[0. 0. 0.]
 [0. 0. 0.]
 [0. 0. 0.]]","[[0. 0. 0.]
 [0. 0. 0.]
 [0. 0. 0.]]",0.0,0.0,0.0,0.0,0.0,0.22512632094615403,0.7488601939952867,8.0,0.6506076655817601,0.0
166663.0,48.6178,6.806492000000001,"[[0. 1. 0.]
 [0. 0. 0.]
 [1. 0. 0.]]","[[0. 0. 0.]
 [0. 0. 0.]
 [1. 0. 0.]]",0.0,0.0,1.0,1.0,0.0,0.17728112469100915,0.29215929349078307,8.0,0.6401310436146238,0.7821431506419154
166664.0,20.80539999999999,2.912755999999999,"[[0. 0. 1.]
 [0. 0. 0.]
 [0. 1. 0.]]","[[0. 0. 0.]
 [0. 0. 0.]
 [0. 0. 0.]]",1.0,0.0,1.0,1.0,1.0,0.29832032356594607,-1.3147573300198376,9.0,0.4095522030003274,0.0
166665.0,71.4714,10.005996000000001,"[[0. 0. 0.]
 [0. 2. 0.]
 [0. 0. 0.]]","[[0. 1. 0.]
 [0. 0. 0.]
 [0. 0. 0.]]",1.0,0.0,1.0,1.0,1.0,0.5045188624139704,1.6560327139876163,10.0,0.2111213266116642,0.0
166666.0,94.10940000000002,13.175316000000004,"[[1. 0. 1.]
 [0. 1. 0.]
 [0. 0. 0.]]","[[0. 0. 0.]
 [0. 0. 0.]
 [0. 0. 0.]]",1.0,0.0,3.0,3.0,1.0,0.7575372093979479,3.085297546435962,9.0,0.1222957875274309,0.759285989063335
166667.0,136.0436,19.046104000000003,"[[1. 2. 0.]
 [0. 1. 2.]
 [1. 1. 0.]]","[[0. 1. 0.]
 [0. 0. 0.]
 [0. 0. 0.]]",4.0,0.0,4.0,5.0,4.0,1.3129482360924025,5.254944020136232,15.0,0.15944436529976627,0.0
166668.0,65.54239999999999,9.175935999999998,"[[0. 0. 0.]
 [0. 1. 0.]
 [1. 1. 0.]]","[[0. 0. 0.]
 [0. 0. 0.]
 [0. 1. 0.]]",2.0,0.0,0.0,1.0,1.0,1.381444086946772,5.184283369493835,15.0,1.1164696959888518,0.0
166669.0,0.0,0.0,"[[0. 0. 0.]
 [0. 0. 0.]
 [0. 0. 0.]]","[[0. 0. 0.]
 [0. 0. 0.]
 [0. 0. 0.]]",0.0,0.0,0.0,0.0,0.0,0.6865764249916608,2.5765840077086994,7.0,1.0362010196227895,0.3539287550364296
166670.0,37.191,5.206740000000001,"[[1. 0. 0.]
 [0. 0. 1.]
 [0. 0. 0.]]","[[0. 0. 0.]
 [0. 0. 1.]
 [0. 0. 0.]]",1.0,0.0,1.0,1.0,1.0,0.5306250424990666,2.0244406621424345,6.0,1.5724017336072191,0.40535723402690543
166671.0,68.99199999999999,9.65888,"[[0. 1. 1.]
 [1. 0. 0.]
 [0. 0. 0.]]","[[0. 1. 0.]
 [0. 0. 0.]
 [0. 0. 0.]]",1.0,0.0,1.0,1.0,1.0,0.13189198548285033,0.4776600146246907,6.0,1.4733457390519311,0.40535723402690543
166672.0,21.559999999999995,3.0183999999999997,"[[1. 0. 0.]
 [0. 0. 0.]
 [0. 0. 0.]]","[[0. 0. 0.]
 [0. 0. 0.]
 [0. 0. 0.]]",1.0,0.0,0.0,1.0,1.0,0.22261099494138817,0.7999748714213726,5.0,2.0181053012166985,0.0
166673.0,14.229599999999998,1.992144,"[[0. 0. 0.]
 [0. 0. 1.]
 [0. 0. 0.]]","[[0. 0. 0.]
 [0. 0. 0.]
 [0. 0. 0.]]",0.0,0.0,1.0,1.0,0.0,0.4882356975728125,2.7306046093852254,6.0,1.9473375041469712,0.0
166674.0,0.0,0.0,"[[0. 0. 0.]
 [0. 0. 0.]
 [0. 0. 0.]]","[[0. 0. 0.]
 [0. 0. 0.]
 [0. 0. 0.]]",0.0,0.0,0.0,0.0,0.0,0.5491863947510719,2.2428772361633778,5.0,1.9071008189836465,0.0
166675.0,50.12700000000001,7.017780000000002,"[[1. 0. 0.]
 [0. 0. 0.]
 [0. 0. 0.]]","[[0. 0. 0.]
 [0. 0. 0.]
 [0. 0. 0.]]",1.0,0.0,0.0,1.0,1.0,0.14150350291513739,0.514959547808768,5.0,2.962265474377141,0.0
166676.0,0.0,0.0,"[[0. 0. 0.]
 [0. 0. 0.]
 [0. 0. 0.]]","[[0. 0. 0.]
 [0. 0. 0.]
 [0. 0. 0.]]",0.0,0.0,0.0,0.0,0.0,0.28864076710193776,0.9719111909856448,4.0,2.8862336975340686,0.40535723402690543
166677.0,0.0,0.0,"[[0. 0. 0.]
 [0. 0. 0.]
 [0. 0. 0.]]","[[0. 0. 0.]
 [0. 0. 0.]
 [0. 0. 0.]]",0.0,0.0,0.0,0.0,0.0,0.20175311768054963,0.6244662498448356,4.0,2.7849255135865922,0.0
166678.0,66.7282,9.341948,"[[0. 1. 0.]
 [0. 0. 0.]
 [0. 0. 0.]]","[[0. 1. 0.]
 [0. 0. 0.]
 [0. 0. 0.]]",0.0,0.0,0.0,0.0,0.0,0.3624510736685857,1.1218585632190035,5.0,2.9227658259265445,0.0
166679.0,0.0,0.0,"[[0. 0. 0.]
 [0. 0. 0.]
 [0. 0. 0.]]","[[0. 0. 0.]
 [0. 0. 0.]
 [0. 0. 0.]]",0.0,0.0,0.0,0.0,0.0,0.18429962728598326,0.6552220349271277,5.0,2.776380262955194,0.0
166680.0,0.0,0.0,"[[0. 0. 0.]
 [0. 0. 0.]
 [0. 0. 0.]]","[[0. 0. 0.]
 [0. 0. 0.]
 [0. 0. 0.]]",0.0,0.0,0.0,0.0,0.0,-0.035839423343543925,-0.11978968858346122,5.0,2.5655243549339777,0.0
166681.0,0.0,0.0,"[[0. 0. 0.]
 [0. 0. 0.]
 [0. 0. 0.]]","[[0. 0. 0.]
 [0. 0. 0.]
 [0. 0. 0.]]",0.0,0.0,0.0,0.0,0.0,0.21977417400479318,0.7764182019241334,5.0,2.4294586600990082,0.0
166682.0,0.0,0.0,"[[0. 0. 0.]
 [0. 0. 0.]
 [0. 0. 0.]]","[[0. 0. 0.]
 [0. 0. 0.]
 [0. 0. 0.]]",0.0,0.0,0.0,0.0,0.0,0.0570533069819212,0.22428796040732865,5.0,2.246055985766476,0.0
166683.0,0.0,0.0,"[[0. 0. 0.]
 [0. 0. 0.]
 [0. 0. 0.]]","[[0. 0. 0.]
 [0. 0. 0.]
 [0. 0. 0.]]",0.0,0.0,0.0,0.0,0.0,0.3865110816657544,1.3957688181113723,5.0,2.15849557316015,0.0
166684.0,0.0,0.0,"[[0. 0. 0.]
 [0. 0. 0.]
 [0. 0. 0.]]","[[0. 0. 0.]
 [0. 0. 0.]
 [0. 0. 0.]]",0.0,0.0,0.0,0.0,0.0,0.04983241858711411,0.24007265978528053,5.0,1.9729922767491286,0.0
166685.0,0.0,0.0,"[[0. 0. 0.]
 [0. 0. 0.]
 [0. 0. 0.]]","[[0. 0. 0.]
 [0. 0. 0.]
 [0. 0. 0.]]",0.0,0.0,0.0,0.0,0.0,0.18019494733044877,0.6892096345495003,5.0,1.825412625063441,0.0
166686.0,37.191,5.206740000000001,"[[0. 0. 0.]
 [0. 0. 0.]
 [0. 0. 2.]]","[[0. 0. 0.]
 [0. 0. 0.]
 [0. 1. 1.]]",0.0,0.0,0.0,0.0,0.0,0.12452879807779399,0.4768954851187188,7.0,1.8823553874975603,0.0
166687.0,23.823799999999995,3.3353319999999997,"[[1. 0. 0.]
 [0. 0. 0.]
 [0. 0. 0.]]","[[0. 0. 0.]
 [0. 0. 0.]
 [0. 0. 0.]]",1.0,0.0,1.0,1.0,1.0,0.10175731994930554,0.5603979124248154,8.0,1.621908204151019,0.0
166688.0,7.330399999999999,1.026256,"[[0. 0. 0.]
 [0. 0. 1.]
 [0. 0. 0.]]","[[0. 0. 0.]
 [0. 0. 0.]
 [0. 0. 0.]]",0.0,0.0,1.0,1.0,0.0,0.19040741976040523,0.7500529079201883,8.0,1.3695710030136474,0.6282143731485081
166689.0,7.653800000000004,1.0715320000000006,"[[0. 0. 0.]
 [0. 0. 0.]
 [1. 0. 0.]]","[[0. 0. 0.]
 [0. 0. 0.]
 [0. 0. 0.]]",1.0,0.0,0.0,0.0,0.0,0.2827113871073632,0.9980842810438352,8.0,1.1434143156266985,0.0
166690.0,0.0,0.0,"[[0. 0. 0.]
 [0. 0. 0.]
 [0. 0. 0.]]","[[0. 0. 0.]
 [0. 0. 0.]
 [0. 0. 0.]]",0.0,0.0,0.0,0.0,0.0,0.31565630468023415,1.3595948355187046,5.0,1.0352416042609485,0.40535723402690543
166691.0,0.0,0.0,"[[0. 0. 0.]
 [0. 0. 0.]
 [0. 0. 0.]]","[[0. 0. 0.]
 [0. 0. 0.]
 [0. 0. 0.]]",0.0,0.0,0.0,0.0,0.0,0.21378440685256778,0.8524011870025583,3.0,0.9774334317089682,0.4682144930556804
166692.0,34.9272,4.889808,"[[1. 0. 0.]
 [0. 0. 0.]
 [0. 0. 0.]]","[[0. 0. 0.]
 [0. 0. 0.]
 [0. 0. 0.]]",1.0,0.0,1.0,1.0,1.0,0.23045193111896517,0.9712166185077669,3.0,0.9548739934890308,0.6682144705986472
166693.0,32.98679999999999,4.6181519999999985,"[[0. 1. 0.]
 [0. 1. 0.]
 [0. 0. 0.]]","[[0. 0. 0.]
 [0. 0. 0.]
 [0. 0. 0.]]",1.0,0.0,2.0,2.0,1.0,0.233999868853084,1.715312638640645,5.0,0.860546682609928,0.0
166694.0,0.0,0.0,"[[0. 0. 0.]
 [0. 0. 0.]
 [0. 0. 0.]]","[[0. 0. 0.]
 [0. 0. 0.]
 [0. 0. 0.]]",0.0,0.0,0.0,0.0,0.0,0.4086533772190343,1.591459712241807,5.0,0.7794276650736469,0.0
166695.0,30.3996,4.255944,"[[0. 0. 1.]
 [0. 0. 1.]
 [0. 0. 0.]]","[[0. 1. 0.]
 [0. 0. 0.]
 [0. 0. 0.]]",0.0,0.0,1.0,1.0,0.0,0.34915393381627374,1.471474338675304,5.0,0.8081997185474722,0.0
166696.0,32.23219999999999,4.5125079999999995,"[[0. 0. 0.]
 [0. 0. 0.]
 [1. 0. 0.]]","[[0. 0. 0.]
 [0. 0. 0.]
 [1. 0. 0.]]",0.0,0.0,0.0,0.0,0.0,-0.003218993398774017,-0.011366909489750809,5.0,1.0859753594853316,0.0
166697.0,24.254999999999995,3.3956999999999997,"[[0. 0. 1.]
 [0. 0. 0.]
 [0. 0. 0.]]","[[0. 0. 1.]
 [0. 0. 0.]
 [0. 0. 0.]]",0.0,0.0,0.0,0.0,0.0,0.08741677040723236,0.4833797736438321,6.0,1.3007129808778024,0.0
166698.0,29.8606,4.180484000000001,"[[0. 0. 0.]
 [1. 0. 0.]
 [0. 0. 0.]]","[[0. 0. 0.]
 [0. 0. 0.]
 [0. 0. 0.]]",1.0,0.0,0.0,0.0,1.0,0.2955852254414434,1.1244061975792483,5.0,1.5559014100971313,0.40535723402690543
166699.0,0.0,0.0,"[[0. 0. 0.]
 [0. 0. 0.]
 [0. 0. 0.]]","[[0. 0. 0.]
 [0. 0. 0.]
 [0. 0. 0.]]",0.0,0.0,0.0,0.0,0.0,0.0690020382530932,0.24868334586414792,5.0,1.3759747303162129,0.0
166700.0,0.0,0.0,"[[0. 0. 0.]
 [0. 0. 0.]
 [0. 0. 0.]]","[[0. 0. 0.]
 [0. 0. 0.]
 [0. 0. 0.]]",0.0,0.0,0.0,0.0,0.0,0.0646013656751178,0.23292668407820474,4.0,1.234767854876247,0.4682144930556804
166701.0,0.0,0.0,"[[0. 0. 0.]
 [0. 0. 0.]
 [0. 0. 0.]]","[[0. 0. 0.]
 [0. 0. 0.]
 [0. 0. 0.]]",0.0,0.0,0.0,0.0,0.0,0.1512868464504198,0.520789840220925,4.0,1.118778573843642,0.0
166702.0,0.0,0.0,"[[0. 0. 0.]
 [0. 0. 0.]
 [0. 0. 0.]]","[[0. 0. 0.]
 [0. 0. 0.]
 [0. 0. 0.]]",0.0,0.0,0.0,0.0,0.0,0.019052567130076546,0.06368130037556785,4.0,0.964321138826937,0.0
166703.0,0.0,0.0,"[[0. 0. 0.]
 [0. 0. 0.]
 [0. 0. 0.]]","[[0. 0. 0.]
 [0. 0. 0.]
 [0. 0. 0.]]",0.0,0.0,0.0,0.0,0.0,0.04374275815956613,0.08444102035122644,4.0,0.8170463048369926,0.0
166704.0,0.0,0.0,"[[0. 0. 0.]
 [0. 0. 0.]
 [0. 0. 0.]]","[[0. 0. 0.]
 [0. 0. 0.]
 [0. 0. 0.]]",0.0,0.0,0.0,0.0,0.0,0.24371875323638006,-0.7726859352606192,4.0,0.727946305778485,0.0
166705.0,0.0,0.0,"[[0. 0. 0.]
 [0. 0. 0.]
 [0. 0. 0.]]","[[0. 0. 0.]
 [0. 0. 0.]
 [0. 0. 0.]]",0.0,0.0,0.0,0.0,0.0,0.03640741326559188,0.08915447360478139,4.0,0.5785375532739299,0.0
166706.0,0.0,0.0,"[[0. 0. 0.]
 [0. 0. 0.]
 [0. 0. 0.]]","[[0. 0. 0.]
 [0. 0. 0.]
 [0. 0. 0.]]",0.0,0.0,0.0,0.0,0.0,0.19106037497755543,0.39694703505336915,4.0,0.4741187532674006,0.0
166707.0,0.0,0.0,"[[0. 0. 0.]
 [0. 0. 0.]
 [0. 0. 0.]]","[[0. 0. 0.]
 [0. 0. 0.]
 [0. 0. 0.]]",0.0,0.0,0.0,0.0,0.0,0.0675391596882871,0.2597826238250275,4.0,0.33376650881308406,0.0
166708.0,0.0,0.0,"[[0. 0. 0.]
 [0. 0. 0.]
 [0. 0. 0.]]","[[0. 0. 0.]
 [0. 0. 0.]
 [0. 0. 0.]]",0.0,0.0,0.0,0.0,0.0,0.04495688624787494,0.18586975050321414,4.0,0.1868448757215568,0.0
166709.0,0.0,0.0,"[[0. 0. 0.]
 [0. 0. 0.]
 [0. 0. 0.]]","[[0. 0. 0.]
 [0. 0. 0.]
 [0. 0. 0.]]",0.0,0.0,0.0,0.0,0.0,0.02317852273821296,0.09050749558817395,4.0,0.03358771869994605,0.0
166710.0,52.39079999999999,7.334712,"[[0. 0. 0.]
 [0. 1. 0.]
 [1. 0. 1.]]","[[0. 0. 0.]
 [0. 0. 0.]
 [1. 0. 1.]]",1.0,0.0,1.0,1.0,1.0,-0.07156551336010127,-0.2847162383518263,4.0,0.815596522561346,0.6053572115702046
166711.0,86.34779999999999,12.088692,"[[1. 1. 1.]
 [1. 0. 0.]
 [0. 0. 1.]]","[[0. 1. 1.]
 [0. 0. 0.]
 [0. 0. 1.]]",2.0,0.0,0.0,1.0,2.0,-0.07360402361557628,-0.9923000047757531,8.0,1.7498973491926852,0.3539287550364296
166712.0,8.300599999999996,1.1620839999999995,"[[0. 0. 1.]
 [0. 0. 0.]
 [0. 0. 0.]]","[[0. 0. 0.]
 [0. 0. 0.]
 [0. 0. 0.]]",0.0,0.0,1.0,1.0,0.0,0.7996371762055072,7.6138253369583575,8.0,1.6717190731797422,0.0
166713.0,0.0,0.0,"[[0. 0. 0.]
 [0. 0. 0.]
 [0. 0. 0.]]","[[0. 0. 0.]
 [0. 0. 0.]
 [0. 0. 0.]]",0.0,0.0,0.0,0.0,0.0,0.38405588937786705,1.4246937272361324,7.0,1.50344442281694,0.0
166714.0,0.0,0.0,"[[0. 0. 0.]
 [0. 0. 0.]
 [0. 0. 0.]]","[[0. 0. 0.]
 [0. 0. 0.]
 [0. 0. 0.]]",0.0,0.0,0.0,0.0,0.0,0.49295935031438304,1.7963438725456118,7.0,1.366850779272033,0.0
166715.0,7.869399999999995,1.1017159999999995,"[[0. 1. 1.]
 [0. 0. 0.]
 [0. 0. 1.]]","[[0. 0. 0.]
 [0. 0. 0.]
 [0. 0. 0.]]",2.0,0.0,2.0,3.0,2.0,0.13400211815011737,0.4477814780104322,9.0,1.1364702789004046,0.0
166716.0,0.0,0.0,"[[0. 0. 0.]
 [0. 0. 0.]
 [0. 0. 0.]]","[[0. 0. 0.]
 [0. 0. 0.]
 [0. 0. 0.]]",0.0,0.0,0.0,0.0,0.0,0.10744797458072586,0.5199622385910486,6.0,0.9277278715057068,0.0
166717.0,62.95519999999999,8.813728,"[[0. 0. 1.]
 [1. 1. 0.]
 [0. 0. 0.]]","[[0. 0. 0.]
 [0. 1. 0.]
 [0. 0. 0.]]",1.0,0.0,1.0,1.0,1.0,0.3584631623889625,1.3179973554717372,9.0,0.7984080642006777,0.0
166718.0,21.9912,3.078768,"[[0. 0. 0.]
 [0. 1. 0.]
 [1. 0. 0.]]","[[0. 0. 0.]
 [0. 0. 0.]
 [0. 0. 0.]]",2.0,0.0,1.0,1.0,2.0,0.42486596022951767,1.5587482348900545,10.0,0.559646642135483,0.0
166719.0,0.0,0.0,"[[0. 0. 0.]
 [0. 0. 0.]
 [0. 0. 0.]]","[[0. 0. 0.]
 [0. 0. 0.]
 [0. 0. 0.]]",0.0,0.0,0.0,0.0,0.0,0.035581047986427985,0.13016970595354813,7.0,0.2899974924588074,0.0
166720.0,52.9298,7.410172000000001,"[[0. 0. 0.]
 [1. 0. 0.]
 [0. 0. 1.]]","[[0. 0. 0.]
 [0. 0. 0.]
 [0. 0. 0.]]",2.0,0.0,1.0,1.0,2.0,0.22780238115684764,0.8525276312413866,6.0,0.5998672760680722,0.759285989063335
166721.0,0.0,0.0,"[[0. 0. 0.]
 [0. 0. 0.]
 [0. 0. 0.]]","[[0. 0. 0.]
 [0. 0. 0.]
 [0. 0. 0.]]",0.0,0.0,0.0,0.0,0.0,0.19912907050081968,0.7321577664174138,3.0,0.5377957329410379,1.2735716821688519
166722.0,36.8676,5.1614640000000005,"[[0. 0. 1.]
 [0. 0. 0.]
 [1. 0. 0.]]","[[0. 0. 0.]
 [0. 0. 0.]
 [0. 0. 0.]]",1.0,0.0,1.0,1.0,1.0,0.5384010627865792,1.2990540842914582,4.0,0.5576214966607701,0.42821439560548585
166723.0,20.050799999999995,2.8071119999999996,"[[1. 0. 0.]
 [0. 0. 0.]
 [0. 0. 0.]]","[[0. 0. 0.]
 [0. 0. 0.]
 [0. 0. 0.]]",1.0,0.0,0.0,1.0,1.0,0.2657754453714106,0.9263868923865888,5.0,0.8005379898597259,0.0
166724.0,115.7772,16.208808,"[[0. 0. 1.]
 [0. 0. 0.]
 [1. 0. 0.]]","[[0. 0. 0.]
 [0. 0. 0.]
 [1. 0. 0.]]",0.0,1.0,0.0,1.0,0.0,0.15282977533340453,0.34258322438735955,5.0,0.9753975608658072,0.0
166725.0,92.2768,12.918752,"[[0. 0. 0.]
 [0. 1. 0.]
 [1. 0. 0.]]","[[0. 0. 0.]
 [0. 1. 0.]
 [1. 0. 0.]]",0.0,0.0,0.0,0.0,0.0,0.3779134121274257,-0.295074792189094,7.0,1.1425211418365924,0.0
166726.0,0.0,0.0,"[[0. 0. 0.]
 [0. 0. 0.]
 [0. 0. 0.]]","[[0. 0. 0.]
 [0. 0. 0.]
 [0. 0. 0.]]",0.0,0.0,0.0,0.0,0.0,0.5892529830192264,0.8937789246435626,7.0,1.0339401914421855,0.0
166727.0,0.0,0.0,"[[0. 0. 0.]
 [0. 0. 0.]
 [0. 0. 0.]]","[[0. 0. 0.]
 [0. 0. 0.]
 [0. 0. 0.]]",0.0,0.0,0.0,0.0,0.0,0.4592804124768604,1.2477730246171341,6.0,0.926520466557882,0.6682144705986472
166728.0,0.0,0.0,"[[0. 0. 0.]
 [0. 0. 0.]
 [0. 0. 0.]]","[[0. 0. 0.]
 [0. 0. 0.]
 [0. 0. 0.]]",0.0,0.0,0.0,0.0,0.0,0.34960871310771574,0.9554106911807627,6.0,0.7882248194619447,0.0
166729.0,0.0,0.0,"[[0. 0. 0.]
 [0. 0. 0.]
 [0. 0. 0.]]","[[0. 0. 0.]
 [0. 0. 0.]
 [0. 0. 0.]]",0.0,0.0,0.0,0.0,0.0,0.15410620977775258,-0.26000799713702416,6.0,0.5930557168518366,0.0
166730.0,0.0,0.0,"[[0. 0. 0.]
 [0. 0. 0.]
 [0. 0. 0.]]","[[0. 0. 0.]
 [0. 0. 0.]
 [0. 0. 0.]]",0.0,0.0,0.0,0.0,0.0,0.06671400044399724,0.17142829554089478,6.0,0.3724634260719084,0.0
166731.0,0.0,0.0,"[[0. 0. 0.]
 [0. 0. 0.]
 [0. 0. 0.]]","[[0. 0. 0.]
 [0. 0. 0.]
 [0. 0. 0.]]",0.0,0.0,0.0,0.0,0.0,0.620623751522855,1.875773226602677,6.0,0.3130085174240118,0.0
166732.0,0.0,0.0,"[[0. 0. 0.]
 [0. 0. 0.]
 [0. 0. 0.]]","[[0. 0. 0.]
 [0. 0. 0.]
 [0. 0. 0.]]",0.0,0.0,0.0,0.0,0.0,0.16011120179105515,0.4317878889901175,5.0,0.15958632158140962,0.0
166733.0,35.142799999999994,4.919992,"[[0. 0. 0.]
 [0. 0. 0.]
 [0. 0. 1.]]","[[0. 0. 0.]
 [0. 0. 0.]
 [0. 0. 1.]]",0.0,0.0,0.0,0.0,0.0,0.06798646508785842,0.2219622112188402,5.0,0.3273148895479021,0.3539287550364296
166734.0,33.0946,4.633244,"[[1. 0. 0.]
 [0. 0. 0.]
 [0. 0. 0.]]","[[0. 0. 0.]
 [0. 0. 0.]
 [0. 0. 0.]]",1.0,0.0,0.0,1.0,1.0,0.07294549767890453,0.39355554907722573,4.0,0.3055724632210117,0.42821439560548585
166735.0,159.8674,22.381436000000004,"[[1. 0. 1.]
 [0. 1. 0.]
 [0. 0. 1.]]","[[0. 0. 1.]
 [0. 1. 0.]
 [0. 0. 1.]]",1.0,0.0,0.0,1.0,1.0,0.14185079386471472,0.48104441215402055,7.0,0.630578754933194,0.3539287550364296
166736.0,28.674799999999987,4.014471999999999,"[[0. 0. 0.]
 [1. 0. 0.]
 [1. 0. 0.]]","[[0. 0. 0.]
 [0. 0. 0.]
 [1. 0. 0.]]",1.0,0.0,0.0,0.0,1.0,0.7137337029309225,9.183754302352767,8.0,0.8501610648176688,0.0
166737.0,13.475000000000001,1.8865000000000003,"[[1. 0. 0.]
 [0. 0. 0.]
 [0. 0. 0.]]","[[0. 0. 0.]
 [0. 0. 0.]
 [0. 0. 0.]]",1.0,0.0,1.0,1.0,1.0,0.30677426522441353,6.437351181469094,9.0,0.6092415526858356,0.0
166738.0,104.7816,14.669424000000001,"[[1. 1. 1.]
 [0. 0. 0.]
 [1. 0. 0.]]","[[0. 1. 0.]
 [0. 0. 0.]
 [0. 0. 0.]]",2.0,0.0,2.0,2.0,2.0,0.5877476742753862,2.9091158885934467,12.0,1.3907299824763144,0.0
166739.0,61.98499999999999,8.6779,"[[0. 0. 0.]
 [0. 0. 0.]
 [0. 1. 1.]]","[[0. 0. 0.]
 [0. 0. 0.]
 [0. 0. 0.]]",1.0,0.0,2.0,2.0,1.0,0.9067707414551567,2.3322143470226626,11.0,1.2645178345359964,0.0
166740.0,49.264599999999994,6.897044,"[[0. 0. 0.]
 [1. 0. 0.]
 [0. 0. 1.]]","[[0. 0. 0.]
 [0. 0. 0.]
 [0. 0. 0.]]",1.0,0.0,1.0,1.0,1.0,0.674140502229172,2.145384734294117,11.0,1.037831435184483,0.0
166741.0,0.0,0.0,"[[0. 0. 0.]
 [0. 0. 0.]
 [0. 0. 0.]]","[[0. 0. 0.]
 [0. 0. 0.]
 [0. 0. 0.]]",0.0,0.0,0.0,0.0,0.0,0.8517984574073398,2.911106408035325,9.0,0.9256273500666182,0.0
166742.0,34.7116,4.859624,"[[0. 0. 2.]
 [0. 0. 0.]
 [0. 0. 0.]]","[[0. 0. 0.]
 [0. 0. 0.]
 [0. 0. 0.]]",0.0,0.0,2.0,2.0,0.0,0.661924536034487,2.549733312804844,10.0,0.7493872150948327,0.6682144705986472
166743.0,39.7782,5.568948000000001,"[[0. 0. 0.]
 [1. 0. 1.]
 [1. 0. 0.]]","[[0. 0. 0.]
 [0. 0. 0.]
 [0. 0. 0.]]",2.0,0.0,1.0,1.0,1.0,1.504127826468121,5.937093356634967,13.0,0.7193516737037408,0.0
166744.0,11.858000000000004,1.6601200000000007,"[[0. 1. 0.]
 [0. 0. 0.]
 [0. 0. 0.]]","[[0. 0. 0.]
 [0. 0. 0.]
 [0. 0. 0.]]",1.0,0.0,0.0,1.0,1.0,0.7378537538494588,3.7040258443242835,6.0,0.7300000384599469,1.0335716071756904
166745.0,0.0,0.0,"[[0. 0. 0.]
 [0. 0. 0.]
 [0. 0. 0.]]","[[0. 0. 0.]
 [0. 0. 0.]
 [0. 0. 0.]]",0.0,0.0,0.0,0.0,0.0,0.06411124512553217,0.21741405446970466,2.0,0.6686505824964654,1.0221432256350769
166746.0,105.1968,14.727552000000001,"[[0. 1. 0.]
 [0. 0. 0.]
 [1. 0. 0.]]","[[0. 0. 0.]
 [0. 0. 0.]
 [0. 0. 0.]]",1.0,1.0,0.0,1.0,1.0,0.3326975458860398,1.2839463690834045,3.0,0.8550946923200852,0.0
166747.0,88.50380000000001,12.390532000000002,"[[0. 0. 1.]
 [1. 1. 0.]
 [0. 0. 0.]]","[[0. 0. 0.]
 [0. 0. 0.]
 [0. 0. 0.]]",2.0,0.0,2.0,2.0,2.0,0.44932738003134726,1.5079426873852015,6.0,1.0974081119655679,0.0
166748.0,0.0,0.0,"[[0. 0. 0.]
 [0. 0. 0.]
 [0. 0. 0.]]","[[0. 0. 0.]
 [0. 0. 0.]
 [0. 0. 0.]]",0.0,0.0,0.0,0.0,0.0,0.2008717646487057,0.06877849221571683,6.0,0.9158435344088278,0.0
166749.0,0.0,0.0,"[[0. 0. 0.]
 [0. 0. 0.]
 [0. 0. 0.]]","[[0. 0. 0.]
 [0. 0. 0.]
 [0. 0. 0.]]",0.0,0.0,0.0,0.0,0.0,0.43343649470647383,1.2753435420243286,4.0,0.8819341510507113,0.0
166750.0,0.0,0.0,"[[0. 0. 0.]
 [0. 0. 0.]
 [0. 0. 0.]]","[[0. 0. 0.]
 [0. 0. 0.]
 [0. 0. 0.]]",0.0,0.0,0.0,0.0,0.0,0.37886921609565616,0.9026180204262912,4.0,0.8321506502785384,0.0
166751.0,0.0,0.0,"[[0. 0. 0.]
 [0. 0. 0.]
 [0. 0. 0.]]","[[0. 0. 0.]
 [0. 0. 0.]
 [0. 0. 0.]]",0.0,0.0,0.0,0.0,0.0,0.32795161080360413,0.445227106826973,3.0,0.807554755239587,0.0
166752.0,0.0,0.0,"[[0. 0. 0.]
 [0. 0. 0.]
 [0. 0. 0.]]","[[0. 0. 0.]
 [0. 0. 0.]
 [0. 0. 0.]]",0.0,0.0,0.0,0.0,0.0,0.23480132386422325,0.8336386202475383,3.0,0.755860594909179,0.0
166753.0,0.0,0.0,"[[0. 0. 0.]
 [0. 0. 0.]
 [0. 0. 0.]]","[[0. 0. 0.]
 [0. 0. 0.]
 [0. 0. 0.]]",0.0,0.0,0.0,0.0,0.0,0.014270610928535462,0.053041006699180604,3.0,0.6400120453611167,0.0
166754.0,0.0,0.0,"[[0. 0. 0.]
 [0. 0. 0.]
 [0. 0. 0.]]","[[0. 0. 0.]
 [0. 0. 0.]
 [0. 0. 0.]]",0.0,0.0,0.0,0.0,0.0,0.01700283443927765,0.06250241939878465,3.0,0.5249583244707248,0.0
166755.0,0.0,0.0,"[[0. 0. 0.]
 [0. 0. 0.]
 [0. 0. 0.]]","[[0. 0. 0.]
 [0. 0. 0.]
 [0. 0. 0.]]",0.0,0.0,0.0,0.0,0.0,0.003129290819168091,0.018062266608238224,3.0,0.4058686636181191,0.0
166756.0,0.0,0.0,"[[0. 0. 0.]
 [0. 0. 0.]
 [0. 0. 0.]]","[[0. 0. 0.]
 [0. 0. 0.]
 [0. 0. 0.]]",0.0,0.0,0.0,0.0,0.0,0.12279321659867858,0.40669113337482343,3.0,0.3215903266286438,0.0
166757.0,32.34,4.5276000000000005,"[[0. 0. 0.]
 [0. 0. 0.]
 [0. 0. 1.]]","[[0. 0. 0.]
 [0. 0. 0.]
 [0. 0. 1.]]",0.0,0.0,0.0,0.0,0.0,0.36795630977490734,1.528932058376695,4.0,0.5886321621995259,0.0
166758.0,0.0,0.0,"[[0. 0. 0.]
 [0. 0. 0.]
 [0. 0. 0.]]","[[0. 0. 0.]
 [0. 0. 0.]
 [0. 0. 0.]]",0.0,0.0,0.0,0.0,0.0,-0.10044829843938351,-0.34329210474643707,2.0,0.4777615262308207,0.0
166759.0,78.80179999999999,11.032252,"[[0. 1. 0.]
 [1. 1. 0.]
 [0. 0. 0.]]","[[0. 1. 0.]
 [0. 1. 0.]
 [0. 0. 0.]]",1.0,0.0,0.0,0.0,1.0,0.31157362187065724,1.1495820352539745,5.0,0.9953084135035603,0.0
166760.0,66.40479999999998,9.296671999999997,"[[0. 0. 1.]
 [0. 0. 0.]
 [2. 1. 0.]]","[[0. 0. 1.]
 [0. 1. 0.]
 [0. 0. 0.]]",2.0,0.0,0.0,0.0,1.0,0.052737526156409927,0.7313640127370928,9.0,1.002366020584739,0.0
166761.0,11.5346,1.614844,"[[0. 1. 0.]
 [0. 0. 0.]
 [0. 0. 0.]]","[[0. 0. 0.]
 [0. 0. 0.]
 [0. 0. 0.]]",1.0,0.0,0.0,1.0,1.0,0.18395641630047554,0.7534854811667479,9.0,0.7330806144176045,0.0
166762.0,0.0,0.0,"[[0. 0. 0.]
 [0. 0. 0.]
 [0. 0. 0.]]","[[0. 0. 0.]
 [0. 0. 0.]
 [0. 0. 0.]]",0.0,0.0,0.0,0.0,0.0,0.5320990822603605,1.6686627219684904,8.0,0.5678730747115276,0.0
166763.0,55.8404,7.817656000000001,"[[0. 0. 1.]
 [0. 0. 0.]
 [0. 0. 0.]]","[[0. 0. 0.]
 [0. 0. 0.]
 [0. 0. 0.]]",0.0,0.0,1.0,1.0,0.0,0.1252211556614988,0.2408253265681945,7.0,0.35710104726759995,0.42821439560548585
166764.0,17.787,2.49018,"[[0. 0. 0.]
 [0. 0. 0.]
 [0. 0. 1.]]","[[0. 0. 0.]
 [0. 0. 0.]
 [0. 0. 0.]]",1.0,0.0,1.0,1.0,1.0,0.4151788913040368,1.1691437579121677,8.0,0.17188036110150165,0.0
166765.0,77.6,10.864,"[[0. 0. 0.]
 [0. 1. 0.]
 [0. 0. 0.]]","[[0. 0. 0.]
 [0. 0. 0.]
 [0. 0. 0.]]",0.0,1.0,1.0,1.0,0.0,0.7215039795218053,1.800873932886426,8.0,0.09383179707370774,0.0
166766.0,1.7248000000000019,0.2414720000000003,"[[0. 0. 0.]
 [0. 0. 1.]
 [0. 0. 0.]]","[[0. 0. 0.]
 [0. 0. 0.]
 [0. 0. 0.]]",0.0,0.0,1.0,1.0,0.0,0.45433523657835506,1.6763152888794952,6.0,0.01960204771468377,0.8335716296323913
166767.0,0.0,0.0,"[[0. 0. 0.]
 [0. 0. 0.]
 [0. 0. 0.]]","[[0. 0. 0.]
 [0. 0. 0.]
 [0. 0. 0.]]",0.0,0.0,0.0,0.0,0.0,0.6220719773401717,2.3489437864364886,5.0,0.0005684411227337982,0.0
166768.0,39.4548,5.523672,"[[0. 0. 0.]
 [0. 0. 0.]
 [1. 0. 0.]]","[[0. 0. 0.]
 [0. 0. 0.]
 [1. 0. 0.]]",0.0,0.0,0.0,0.0,0.0,0.44360741580476193,1.8170159751363049,5.0,0.3819416919060474,0.6682144705986472
166769.0,45.060399999999994,6.308456,"[[0. 0. 1.]
 [1. 0. 0.]
 [0. 0. 0.]]","[[0. 0. 1.]
 [0. 0. 0.]
 [0. 0. 0.]]",1.0,0.0,0.0,0.0,1.0,0.13489879341637728,0.7230575327117823,4.0,0.7332922654466327,1.01071444559711
166770.0,94.9718,13.296052000000001,"[[0. 0. 1.]
 [1. 1. 0.]
 [0. 0. 0.]]","[[0. 0. 0.]
 [0. 0. 0.]
 [0. 0. 0.]]",1.0,0.0,2.0,2.0,1.0,0.2531405973461488,1.5318043826610155,6.0,0.6545331664927851,0.0
166771.0,54.546800000000005,7.636552000000002,"[[0. 0. 0.]
 [0. 0. 0.]
 [0. 1. 1.]]","[[0. 0. 0.]
 [0. 0. 0.]
 [0. 0. 1.]]",1.0,0.0,0.0,0.0,1.0,0.5736187902078085,2.2150863202664732,8.0,0.8573547744941723,0.0
166772.0,0.0,0.0,"[[0. 0. 0.]
 [0. 0. 0.]
 [0. 0. 0.]]","[[0. 0. 0.]
 [0. 0. 0.]
 [0. 0. 0.]]",0.0,0.0,0.0,0.0,0.0,0.5651965500976501,1.9935612715044315,7.0,0.7417755890680343,0.0
166773.0,0.0,0.0,"[[0. 0. 0.]
 [0. 0. 0.]
 [0. 0. 0.]]","[[0. 0. 0.]
 [0. 0. 0.]
 [0. 0. 0.]]",0.0,0.0,0.0,0.0,0.0,0.5289145359598884,1.1661507688843578,5.0,0.6956416358927291,0.0
166774.0,0.0,0.0,"[[0. 0. 0.]
 [0. 0. 0.]
 [0. 0. 0.]]","[[0. 0. 0.]
 [0. 0. 0.]
 [0. 0. 0.]]",0.0,0.0,0.0,0.0,0.0,0.21423968046503997,0.5547950765322658,4.0,0.5978029718308963,0.0
166775.0,0.0,0.0,"[[0. 0. 0.]
 [0. 0. 0.]
 [0. 0. 0.]]","[[0. 0. 0.]
 [0. 0. 0.]
 [0. 0. 0.]]",0.0,0.0,0.0,0.0,0.0,0.05098277290165425,0.12166528925250769,3.0,0.49263432394774115,0.0
166776.0,0.0,0.0,"[[0. 0. 0.]
 [0. 0. 0.]
 [0. 0. 0.]]","[[0. 0. 0.]
 [0. 0. 0.]
 [0. 0. 0.]]",0.0,0.0,0.0,0.0,0.0,0.37350770682096485,0.878788932608366,3.0,0.4812911113865673,0.0
166777.0,0.0,0.0,"[[0. 0. 0.]
 [0. 0. 0.]
 [0. 0. 0.]]","[[0. 0. 0.]
 [0. 0. 0.]
 [0. 0. 0.]]",0.0,0.0,0.0,0.0,0.0,0.0519344938993454,0.11500374329071045,3.0,0.3763993277936496,0.0
166778.0,0.0,0.0,"[[0. 0. 0.]
 [0. 0. 0.]
 [0. 0. 0.]]","[[0. 0. 0.]
 [0. 0. 0.]
 [0. 0. 0.]]",0.0,0.0,0.0,0.0,0.0,0.20860301384329796,0.8544379447021486,3.0,0.31708384091169994,0.0
166779.0,0.0,0.0,"[[0. 0. 0.]
 [0. 0. 0.]
 [0. 0. 0.]]","[[0. 0. 0.]
 [0. 0. 0.]
 [0. 0. 0.]]",0.0,0.0,0.0,0.0,0.0,0.08661935378090305,0.31681894838903096,3.0,0.22228219837523536,0.0
166780.0,0.0,0.0,"[[0. 0. 0.]
 [0. 0. 0.]
 [0. 0. 0.]]","[[0. 0. 0.]
 [0. 0. 0.]
 [0. 0. 0.]]",0.0,0.0,0.0,0.0,0.0,0.10536870217478204,0.25111469102294054,3.0,0.13293491173517197,0.0
166781.0,0.0,0.0,"[[0. 0. 0.]
 [0. 0. 0.]
 [0. 0. 0.]]","[[0. 0. 0.]
 [0. 0. 0.]
 [0. 0. 0.]]",0.0,0.0,0.0,0.0,0.0,0.07705468531167173,0.30119135394626245,3.0,0.03535082018947643,0.0
166782.0,47.755399999999995,6.685756,"[[0. 0. 0.]
 [0. 0. 0.]
 [0. 1. 0.]]","[[0. 0. 0.]
 [0. 0. 0.]
 [0. 0. 0.]]",0.0,0.0,1.0,1.0,0.0,0.4417670256784842,4.113734543118045,4.0,0.026664864023217293,0.0
166783.0,42.473200000000006,5.9462480000000015,"[[0. 2. 0.]
 [0. 0. 0.]
 [0. 0. 0.]]","[[0. 1. 0.]
 [0. 0. 0.]
 [0. 0. 0.]]",0.0,0.0,1.0,1.0,0.0,0.17078793777744275,2.435845883756999,4.0,0.23805591592338543,1.0221432256350769
166784.0,199.6456,27.950384000000003,"[[1. 2. 0.]
 [1. 0. 0.]
 [0. 1. 1.]]","[[0. 1. 0.]
 [0. 0. 0.]
 [0. 0. 0.]]",3.0,0.0,2.0,3.0,3.0,0.8247443895086541,14.198139614269383,9.0,0.2971815565077212,0.6053572115702046
166785.0,51.52839999999999,7.213976,"[[0. 0. 0.]
 [0. 0. 0.]
 [0. 0. 2.]]","[[0. 1. 0.]
 [0. 0. 0.]
 [0. 0. 1.]]",0.0,0.0,0.0,0.0,0.0,0.3995827135440224,1.504668666121371,9.0,0.22057448766146137,0.0
166786.0,64.8956,9.085384000000001,"[[0. 0. 0.]
 [0. 1. 0.]
 [2. 0. 0.]]","[[0. 0. 0.]
 [0. 0. 0.]
 [0. 0. 0.]]",2.0,0.0,1.0,1.0,2.0,0.9668145426393899,3.6120191313007606,11.0,0.18086669259580332,0.0
166787.0,66.7282,9.341948,"[[0. 0. 1.]
 [1. 0. 0.]
 [0. 0. 0.]]","[[0. 1. 0.]
 [0. 0. 0.]
 [0. 0. 0.]]",1.0,0.0,0.0,0.0,1.0,0.9164929528327106,3.1842631153219623,11.0,0.11919011251204926,0.40535723402690543
166788.0,31.369799999999994,4.391772,"[[1. 0. 0.]
 [0. 0. 0.]
 [0. 0. 0.]]","[[0. 0. 0.]
 [0. 0. 0.]
 [0. 0. 0.]]",1.0,0.0,1.0,1.0,1.0,0.9932221077343713,3.972888430937485,9.0,0.0517274529438664,0.40535723402690543
166789.0,25.548599999999997,3.576804,"[[0. 0. 0.]
 [0. 0. 0.]
 [1. 0. 1.]]","[[0. 0. 0.]
 [0. 0. 0.]
 [0. 0. 0.]]",2.0,0.0,1.0,1.0,2.0,1.0017914871901734,3.49985873964759,9.0,0.04835770376282607,0.0
166790.0,96.7884,13.550376,"[[1. 0. 0.]
 [1. 0. 0.]
 [0. 0. 0.]]","[[0. 0. 0.]
 [0. 0. 0.]
 [0. 0. 0.]]",2.0,1.0,0.0,1.0,2.0,1.0677329187136781,3.9489034265706673,10.0,0.3998302856817588,0.0
166791.0,50.5582,7.0781480000000006,"[[0. 0. 0.]
 [3. 0. 0.]
 [0. 0. 0.]]","[[0. 0. 0.]
 [0. 0. 0.]
 [0. 0. 0.]]",3.0,0.0,0.0,0.0,3.0,0.8781933336999206,3.1270708226386774,8.0,0.3877047100308266,0.6682144705986472
166792.0,180.44119999999998,25.261768,"[[1. 0. 0.]
 [0. 1. 1.]
 [2. 0. 0.]]","[[0. 0. 0.]
 [0. 1. 1.]
 [0. 0. 0.]]",3.0,0.0,0.0,1.0,3.0,0.2923630010636663,5.214820377372403,9.0,1.561157989787339,0.40535723402690543
166793.0,47.432,6.640480000000001,"[[0. 0. 0.]
 [0. 0. 0.]
 [0. 1. 0.]]","[[0. 0. 0.]
 [0. 0. 0.]
 [0. 1. 0.]]",0.0,0.0,0.0,0.0,0.0,0.6391527734056482,7.217824439515304,8.0,1.5710933420508004,0.40535723402690543
166794.0,26.8422,3.757908,"[[0. 0. 0.]
 [0. 0. 0.]
 [1. 0. 0.]]","[[0. 0. 0.]
 [0. 0. 0.]
 [0. 0. 0.]]",1.0,0.0,0.0,0.0,1.0,0.2876142339408398,1.0374820646713974,7.0,1.3951629373790448,0.0
166795.0,0.0,0.0,"[[0. 0. 0.]
 [0. 0. 0.]
 [0. 0. 0.]]","[[0. 0. 0.]
 [0. 0. 0.]
 [0. 0. 0.]]",0.0,0.0,0.0,0.0,0.0,-0.01582503627985727,-0.039790471222073125,7.0,1.1089099776749292,0.0
166796.0,0.0,0.0,"[[0. 0. 0.]
 [0. 0. 0.]
 [0. 0. 0.]]","[[0. 0. 0.]
 [0. 0. 0.]
 [0. 0. 0.]]",0.0,0.0,0.0,0.0,0.0,0.4693642746678266,0.6477226990416007,7.0,0.9654523121237514,0.0
166797.0,0.0,0.0,"[[0. 0. 0.]
 [0. 0. 0.]
 [0. 0. 0.]]","[[0. 0. 0.]
 [0. 0. 0.]
 [0. 0. 0.]]",0.0,0.0,0.0,0.0,0.0,0.39977531155432694,1.254974658031343,5.0,0.8817505845759193,0.0
166798.0,0.0,0.0,"[[0. 0. 0.]
 [0. 0. 0.]
 [0. 0. 0.]]","[[0. 0. 0.]
 [0. 0. 0.]
 [0. 0. 0.]]",0.0,0.0,0.0,0.0,0.0,0.15047651290843028,0.3783581440569571,5.0,0.7255255701492809,0.0
166799.0,0.0,0.0,"[[0. 0. 0.]
 [0. 0. 0.]
 [0. 0. 0.]]","[[0. 0. 0.]
 [0. 0. 0.]
 [0. 0. 0.]]",0.0,0.0,0.0,0.0,0.0,0.4270472472245573,1.1622517880463552,5.0,0.6497574966146067,0.0
166800.0,0.0,0.0,"[[0. 0. 0.]
 [0. 0. 0.]
 [0. 0. 0.]]","[[0. 0. 0.]
 [0. 0. 0.]
 [0. 0. 0.]]",0.0,0.0,0.0,0.0,0.0,0.08000459577045745,0.2283651181671931,5.0,0.4730315608387397,0.0
166801.0,0.0,0.0,"[[0. 0. 0.]
 [0. 0. 0.]
 [0. 0. 0.]]","[[0. 0. 0.]
 [0. 0. 0.]
 [0. 0. 0.]]",0.0,0.0,0.0,0.0,0.0,0.011924998611211778,0.04033511530256272,4.0,0.3165006513438195,0.4682144930556804
166802.0,0.0,0.0,"[[0. 0. 0.]
 [0. 0. 0.]
 [0. 0. 0.]]","[[0. 0. 0.]
 [0. 0. 0.]
 [0. 0. 0.]]",0.0,0.0,0.0,0.0,0.0,0.06096333330869676,0.2105917385815621,4.0,0.17423543921544035,0.0
166803.0,0.0,0.0,"[[0. 0. 0.]
 [0. 0. 0.]
 [0. 0. 0.]]","[[0. 0. 0.]
 [0. 0. 0.]
 [0. 0. 0.]]",0.0,0.0,0.0,0.0,0.0,0.5252300625968149,1.8290611699871484,4.0,0.1670296392436047,0.0
166804.0,0.0,0.0,"[[0. 0. 0.]
 [0. 0. 0.]
 [0. 0. 0.]]","[[0. 0. 0.]
 [0. 0. 0.]
 [0. 0. 0.]]",0.0,0.0,0.0,0.0,0.0,0.29240026454554446,3.335468297723935,4.0,0.09209153438412683,0.0
166805.0,0.0,0.0,"[[0. 0. 0.]
 [0. 0. 0.]
 [0. 0. 0.]]","[[0. 0. 0.]
 [0. 0. 0.]
 [0. 0. 0.]]",0.0,0.0,0.0,0.0,0.0,0.34992698916355436,1.2157863311498505,4.0,0.033888476686251764,0.0
166806.0,33.956999999999994,4.753979999999999,"[[0. 0. 0.]
 [0. 0. 0.]
 [0. 1. 0.]]","[[0. 0. 0.]
 [0. 0. 0.]
 [0. 0. 0.]]",0.0,0.0,1.0,1.0,0.0,0.5856615936018692,3.265180516649141,5.0,0.038262758461340994,0.0
166807.0,177.5466,24.856524000000004,"[[0. 0. 0.]
 [2. 0. 0.]
 [0. 0. 2.]]","[[0. 0. 0.]
 [0. 0. 0.]
 [0. 0. 0.]]",2.0,0.0,2.0,2.0,2.0,0.734911267468211,4.064941202620168,7.0,0.23325512717936608,0.42821439560548585
166808.0,49.588,6.9423200000000005,"[[1. 0. 0.]
 [0. 1. 0.]
 [1. 0. 0.]]","[[0. 0. 0.]
 [0. 1. 0.]
 [0. 0. 0.]]",2.0,0.0,1.0,1.0,2.0,0.8930623506719626,4.939706474036759,8.0,0.3490550837384825,0.6282143731485081
166809.0,4.4198,0.6187720000000001,"[[1. 0. 0.]
 [0. 0. 0.]
 [0. 1. 0.]]","[[0. 0. 0.]
 [0. 0. 0.]
 [0. 0. 0.]]",2.0,0.0,0.0,1.0,2.0,0.5740462757193436,2.460132719222819,10.0,0.17881159247681608,0.0
166810.0,46.785199999999996,6.549928,"[[0. 1. 0.]
 [0. 0. 0.]
 [1. 1. 0.]]","[[0. 0. 0.]
 [0. 0. 0.]
 [0. 0. 0.]]",2.0,0.0,1.0,1.0,2.0,0.2872400584781237,0.9635180521590182,7.0,0.048772336761361224,0.0
166811.0,39.6704,5.553856000000001,"[[0. 0. 1.]
 [0. 0. 0.]
 [0. 0. 0.]]","[[0. 0. 0.]
 [0. 0. 0.]
 [0. 0. 0.]]",0.0,0.0,1.0,1.0,0.0,0.6587411255443549,1.9646295328234842,6.0,0.013206118737900842,0.0
166812.0,0.0,0.0,"[[0. 0. 0.]
 [0. 0. 0.]
 [0. 0. 0.]]","[[0. 0. 0.]
 [0. 0. 0.]
 [0. 0. 0.]]",0.0,0.0,0.0,0.0,0.0,0.5247982151207051,1.9677833874165918,4.0,0.005874690409378722,0.0
166813.0,0.0,0.0,"[[0. 0. 0.]
 [0. 0. 0.]
 [0. 0. 0.]]","[[0. 0. 0.]
 [0. 0. 0.]
 [0. 0. 0.]]",0.0,0.0,0.0,0.0,0.0,0.39902459561975057,1.0623630833780238,3.0,0.001954572771487979,0.42821439560548585
166814.0,67.69839999999999,9.477776,"[[1. 0. 0.]
 [0. 0. 1.]
 [0. 0. 0.]]","[[0. 0. 0.]
 [0. 0. 1.]
 [0. 0. 0.]]",1.0,0.0,0.0,1.0,1.0,0.2132626737372464,0.39973955565309466,4.0,1.7317660511629334,0.0
166815.0,38.48459999999999,5.387843999999999,"[[0. 0. 0.]
 [0. 0. 0.]
 [1. 0. 1.]]","[[0. 0. 0.]
 [0. 0. 0.]
 [0. 0. 0.]]",1.0,0.0,1.0,1.0,1.0,0.4443667758168474,1.1791716763075863,5.0,1.7182363859460161,0.0
166816.0,53.46879999999999,7.485631999999999,"[[0. 0. 2.]
 [0. 0. 0.]
 [0. 0. 1.]]","[[0. 0. 0.]
 [0. 0. 0.]
 [0. 0. 0.]]",1.0,0.0,3.0,3.0,1.0,0.7226662515827076,2.1552798287202672,8.0,1.6500665682246223,0.0
166817.0,0.0,0.0,"[[0. 0. 0.]
 [0. 0. 0.]
 [0. 0. 0.]]","[[0. 0. 0.]
 [0. 0. 0.]
 [0. 0. 0.]]",0.0,0.0,0.0,0.0,0.0,0.5528364400989374,1.9349275403462807,5.0,1.610891714435222,0.0
166818.0,10.133200000000002,1.4186480000000004,"[[0. 0. 0.]
 [0. 0. 1.]
 [0. 0. 0.]]","[[0. 0. 0.]
 [0. 0. 0.]
 [0. 0. 0.]]",0.0,0.0,1.0,1.0,0.0,0.5001066922545431,1.5371279293135638,4.0,1.5987772976365437,0.0
166819.0,104.55,14.637,"[[0. 0. 0.]
 [0. 1. 1.]
 [0. 0. 0.]]","[[0. 0. 0.]
 [0. 1. 0.]
 [0. 0. 0.]]",0.0,1.0,0.0,1.0,0.0,0.14221720332193266,0.37863908212431346,3.0,2.2122089441687867,0.0
166820.0,0.0,0.0,"[[0. 0. 0.]
 [0. 0. 0.]
 [0. 0. 0.]]","[[0. 0. 0.]
 [0. 0. 0.]
 [0. 0. 0.]]",0.0,0.0,0.0,0.0,0.0,0.25422556823113807,0.8936537174460966,3.0,2.1661654731087543,0.0
166821.0,0.0,0.0,"[[0. 0. 0.]
 [0. 0. 0.]
 [0. 0. 0.]]","[[0. 0. 0.]
 [0. 0. 0.]
 [0. 0. 0.]]",0.0,0.0,0.0,0.0,0.0,-0.07279184959486865,-0.2077770554835925,3.0,2.0239610901672207,0.0
166822.0,77.40039999999999,10.836056,"[[0. 0. 0.]
 [0. 0. 0.]
 [1. 0. 0.]]","[[0. 0. 0.]
 [0. 0. 0.]
 [0. 0. 0.]]",1.0,0.0,0.0,0.0,1.0,0.06323569676280022,0.24808628553981782,4.0,2.0351569292254896,0.0
166823.0,0.0,0.0,"[[0. 0. 0.]
 [0. 0. 0.]
 [0. 0. 0.]]","[[0. 0. 0.]
 [0. 0. 0.]
 [0. 0. 0.]]",0.0,0.0,0.0,0.0,0.0,0.027715719908475878,0.09507600557403566,4.0,1.8832196841079554,0.0
166824.0,0.0,0.0,"[[0. 0. 0.]
 [0. 0. 0.]
 [0. 0. 0.]]","[[0. 0. 0.]
 [0. 0. 0.]
 [0. 0. 0.]]",0.0,0.0,0.0,0.0,0.0,0.32152270215749745,1.374831074425459,4.0,1.8167535610992274,0.0
166825.0,0.0,0.0,"[[0. 0. 0.]
 [0. 0. 0.]
 [0. 0. 0.]]","[[0. 0. 0.]
 [0. 0. 0.]
 [0. 0. 0.]]",0.0,0.0,0.0,0.0,0.0,0.46433789426088334,1.554231799670029,4.0,1.7918336757933024,0.0
166826.0,0.0,0.0,"[[0. 0. 0.]
 [0. 0. 0.]
 [0. 0. 0.]]","[[0. 0. 0.]
 [0. 0. 0.]
 [0. 0. 0.]]",0.0,0.0,0.0,0.0,0.0,0.061700957288994704,0.19206273984918223,4.0,1.6497830451864646,0.0
166827.0,0.0,0.0,"[[0. 0. 0.]
 [0. 0. 0.]
 [0. 0. 0.]]","[[0. 0. 0.]
 [0. 0. 0.]
 [0. 0. 0.]]",0.0,0.0,0.0,0.0,0.0,0.4398820977640255,1.6507895364888314,4.0,1.617748746354181,0.0
166828.0,0.0,0.0,"[[0. 0. 0.]
 [0. 0. 0.]
 [0. 0. 0.]]","[[0. 0. 0.]
 [0. 0. 0.]
 [0. 0. 0.]]",0.0,0.0,0.0,0.0,0.0,0.3644392867995234,0.6297510875895764,4.0,1.563767447968588,0.0
166829.0,0.0,0.0,"[[0. 0. 0.]
 [0. 0. 0.]
 [0. 0. 0.]]","[[0. 0. 0.]
 [0. 0. 0.]
 [0. 0. 0.]]",0.0,0.0,0.0,0.0,0.0,0.2549702840184442,0.47710039545531274,4.0,1.477940621501226,0.0
166830.0,5.497800000000002,0.7696920000000003,"[[0. 0. 0.]
 [0. 0. 0.]
 [0. 1. 0.]]","[[0. 0. 0.]
 [0. 0. 0.]
 [0. 0. 0.]]",1.0,0.0,0.0,0.0,1.0,0.2556784156178485,0.9118515014594948,5.0,1.3719197969536914,0.0
166831.0,40.1016,5.614224,"[[0. 1. 0.]
 [0. 0. 0.]
 [0. 0. 0.]]","[[0. 0. 0.]
 [0. 0. 0.]
 [0. 0. 0.]]",0.0,0.0,1.0,1.0,0.0,0.1744545945633706,0.5959368950284739,4.0,1.2738702244630355,0.42821439560548585
166832.0,0.0,0.0,"[[0. 0. 0.]
 [0. 0. 0.]
 [0. 0. 0.]]","[[0. 0. 0.]
 [0. 0. 0.]
 [0. 0. 0.]]",0.0,0.0,0.0,0.0,0.0,0.1627476266824714,0.5444884598288764,4.0,1.1612149885888452,0.0
166833.0,42.1498,5.900972,"[[0. 0. 0.]
 [0. 0. 0.]
 [0. 1. 1.]]","[[0. 0. 0.]
 [0. 0. 0.]
 [0. 1. 0.]]",1.0,0.0,1.0,1.0,1.0,0.42126317794248463,1.4329688260891558,5.0,1.247364276717568,0.0
166834.0,46.892999999999994,6.56502,"[[2. 0. 0.]
 [0. 0. 0.]
 [0. 2. 0.]]","[[0. 0. 0.]
 [0. 0. 0.]
 [0. 0. 0.]]",4.0,0.0,2.0,2.0,4.0,0.45219084626132244,3.6225913075687064,7.0,1.1638034562295358,0.0
166835.0,133.8876,18.744264,"[[0. 1. 0.]
 [1. 3. 0.]
 [1. 0. 0.]]","[[0. 1. 0.]
 [0. 0. 0.]
 [0. 0. 0.]]",3.0,0.0,3.0,3.0,3.0,0.8812936411708885,4.247835350443682,10.0,1.2033797882065216,0.0
166836.0,26.518799999999995,3.7126319999999997,"[[0. 0. 1.]
 [0. 1. 0.]
 [0. 0. 0.]]","[[0. 1. 0.]
 [0. 0. 0.]
 [0. 0. 0.]]",1.0,0.0,1.0,1.0,1.0,0.36005771906352035,1.539606806715613,8.0,1.089031140117185,0.0
166837.0,48.1866,6.746124,"[[1. 0. 0.]
 [0. 0. 0.]
 [0. 0. 1.]]","[[0. 1. 0.]
 [0. 0. 0.]
 [0. 0. 0.]]",1.0,0.0,0.0,1.0,1.0,0.4564779040080267,1.5940208407960292,8.0,1.0025653521922473,0.0
166838.0,60.6914,8.496796000000002,"[[0. 0. 0.]
 [0. 0. 0.]
 [1. 1. 1.]]","[[0. 0. 0.]
 [0. 0. 0.]
 [1. 0. 0.]]",2.0,0.0,1.0,1.0,2.0,0.9350956924447034,3.085067708513565,10.0,1.6886026676879737,0.40535723402690543
166839.0,57.67299999999999,8.074219999999999,"[[0. 0. 0.]
 [0. 2. 0.]
 [0. 0. 1.]]","[[0. 0. 0.]
 [0. 1. 0.]
 [0. 0. 0.]]",1.0,0.0,2.0,2.0,1.0,0.8799246450759821,2.9931516726904612,10.0,2.2105807462555322,0.0
166840.0,4.851000000000001,0.6791400000000002,"[[0. 0. 1.]
 [0. 0. 0.]
 [0. 0. 0.]]","[[0. 0. 0.]
 [0. 0. 0.]
 [0. 0. 0.]]",0.0,0.0,1.0,1.0,0.0,0.5448848132043752,2.8072465576289414,7.0,2.111092691914987,0.8735717270825858
166841.0,7.006999999999994,0.9809799999999993,"[[0. 0. 0.]
 [0. 1. 0.]
 [0. 1. 0.]]","[[0. 0. 0.]
 [0. 0. 0.]
 [0. 0. 0.]]",2.0,0.0,1.0,1.0,2.0,0.4498559901808953,4.2628353629541635,7.0,2.01595988905852,0.0
166842.0,64.35659999999999,9.009923999999998,"[[2. 0. 1.]
 [0. 0. 0.]
 [0. 0. 0.]]","[[0. 1. 0.]
 [0. 0. 0.]
 [0. 0. 0.]]",2.0,0.0,1.0,2.0,2.0,0.4662016773073607,2.3395864973992584,6.0,2.9127821951842976,0.40535723402690543
166843.0,13.151599999999997,1.8412239999999997,"[[0. 0. 0.]
 [0. 0. 1.]
 [0. 0. 0.]]","[[0. 0. 0.]
 [0. 0. 0.]
 [0. 0. 0.]]",0.0,0.0,1.0,1.0,0.0,0.5734085785351155,1.7913283993436964,7.0,2.8307919634854226,0.0
166844.0,73.51960000000001,10.292744000000003,"[[0. 0. 0.]
 [0. 0. 1.]
 [0. 0. 0.]]","[[0. 0. 0.]
 [0. 0. 0.]
 [0. 0. 0.]]",0.0,1.0,0.0,1.0,0.0,0.12933564231812972,0.4033202670048546,7.0,2.995616877614333,0.0
166845.0,77.6,10.864,"[[0. 0. 0.]
 [0. 0. 0.]
 [1. 0. 0.]]","[[0. 0. 0.]
 [0. 0. 0.]
 [0. 0. 0.]]",1.0,0.0,0.0,0.0,1.0,0.06694991231300462,0.37593714761998354,7.0,2.9671525849439786,0.0
166846.0,77.6,10.864,"[[0. 0. 0.]
 [0. 0. 0.]
 [0. 1. 0.]]","[[0. 0. 0.]
 [0. 0. 0.]
 [0. 0. 0.]]",0.0,1.0,0.0,1.0,0.0,0.015202145057425365,0.0626936462168222,7.0,2.8836343963447293,0.40535723402690543
166847.0,11.318999999999999,1.58466,"[[0. 0. 0.]
 [1. 0. 0.]
 [0. 0. 0.]]","[[0. 0. 0.]
 [0. 0. 0.]
 [0. 0. 0.]]",1.0,0.0,0.0,0.0,1.0,0.10704287954942512,0.3171894606808565,8.0,2.6327741431227434,0.0
166848.0,0.0,0.0,"[[0. 0. 0.]
 [0. 0. 0.]
 [0. 0. 0.]]","[[0. 0. 0.]
 [0. 0. 0.]
 [0. 0. 0.]]",0.0,0.0,0.0,0.0,0.0,0.29295215613506204,0.8012827374606217,8.0,2.3979965885438523,0.0
166849.0,0.0,0.0,"[[0. 0. 0.]
 [0. 0. 0.]
 [0. 0. 0.]]","[[0. 0. 0.]
 [0. 0. 0.]
 [0. 0. 0.]]",0.0,0.0,0.0,0.0,0.0,0.11062812962045603,0.39480966898948344,7.0,2.1501793171607124,0.0
166850.0,0.0,0.0,"[[0. 0. 0.]
 [0. 0. 0.]
 [0. 0. 0.]]","[[0. 0. 0.]
 [0. 0. 0.]
 [0. 0. 0.]]",0.0,0.0,0.0,0.0,0.0,0.1424671363377717,0.5607506486254694,7.0,1.911624302277155,0.0
166851.0,0.0,0.0,"[[0. 0. 0.]
 [0. 0. 0.]
 [0. 0. 0.]]","[[0. 0. 0.]
 [0. 0. 0.]
 [0. 0. 0.]]",0.0,0.0,0.0,0.0,0.0,0.10415336933827435,0.27871441634922217,7.0,1.661923464266471,0.0
166852.0,0.0,0.0,"[[0. 0. 0.]
 [0. 0. 0.]
 [0. 0. 0.]]","[[0. 0. 0.]
 [0. 0. 0.]
 [0. 0. 0.]]",0.0,0.0,0.0,0.0,0.0,0.12752945857160913,0.5453159648522006,7.0,1.4190229431236665,0.0
166853.0,0.0,0.0,"[[0. 0. 0.]
 [0. 0. 0.]
 [0. 0. 0.]]","[[0. 0. 0.]
 [0. 0. 0.]
 [0. 0. 0.]]",0.0,0.0,0.0,0.0,0.0,0.39379325241674984,1.1980765911527196,7.0,1.2535809801903575,0.0
166854.0,0.0,0.0,"[[0. 0. 0.]
 [0. 0. 0.]
 [0. 0. 0.]]","[[0. 0. 0.]
 [0. 0. 0.]
 [0. 0. 0.]]",0.0,0.0,0.0,0.0,0.0,0.27391855355105,0.7330060493026098,7.0,1.0532663775870263,0.0
166855.0,0.0,0.0,"[[0. 0. 0.]
 [0. 0. 0.]
 [0. 0. 0.]]","[[0. 0. 0.]
 [0. 0. 0.]
 [0. 0. 0.]]",0.0,0.0,0.0,0.0,0.0,0.20010687685485606,-0.6754007307605102,7.0,0.83147928721753,0.0
166856.0,63.709799999999994,8.919372,"[[0. 0. 0.]
 [1. 0. 2.]
 [0. 0. 0.]]","[[0. 0. 0.]
 [0. 0. 0.]
 [0. 0. 0.]]",1.0,0.0,2.0,2.0,1.0,0.635459190765183,1.9236620622843619,10.0,0.6599401427128561,0.0
166857.0,46.569599999999994,6.519744,"[[0. 0. 0.]
 [0. 0. 0.]
 [1. 0. 1.]]","[[0. 0. 0.]
 [0. 0. 0.]
 [0. 0. 1.]]",1.0,0.0,0.0,0.0,1.0,0.6360523036225911,-1.4288278948577837,11.0,0.670524227343998,0.42821439560548585
166858.0,21.559999999999995,3.0183999999999997,"[[0. 0. 1.]
 [0. 0. 0.]
 [0. 0. 0.]]","[[0. 0. 0.]
 [0. 0. 0.]
 [0. 0. 0.]]",0.0,0.0,1.0,1.0,0.0,0.6130276656109259,14.979944036868586,8.0,0.5288595482489947,0.0
166859.0,22.637999999999998,3.16932,"[[0. 0. 0.]
 [0. 1. 1.]
 [0. 0. 0.]]","[[0. 0. 0.]
 [0. 0. 0.]
 [0. 0. 0.]]",1.0,0.0,2.0,2.0,1.0,0.7302456823273222,6.963038630127483,9.0,0.41729465583512493,0.0
166860.0,68.45299999999999,9.583419999999998,"[[1. 0. 0.]
 [0. 0. 0.]
 [0. 0. 2.]]","[[0. 1. 0.]
 [0. 0. 0.]
 [0. 0. 0.]]",2.0,0.0,2.0,2.0,2.0,0.3699802419797702,1.4751852208217398,9.0,0.23066729694121363,0.0
166861.0,0.0,0.0,"[[0. 0. 0.]
 [0. 0. 0.]
 [0. 0. 0.]]","[[0. 0. 0.]
 [0. 0. 0.]
 [0. 0. 0.]]",0.0,0.0,0.0,0.0,0.0,0.32205415900259843,1.276365042959098,4.0,0.16435577956015138,0.9821431281849378
166862.0,43.01220000000001,6.021708000000001,"[[1. 0. 0.]
 [0. 0. 0.]
 [0. 1. 0.]]","[[0. 0. 0.]
 [0. 0. 0.]
 [0. 0. 0.]]",2.0,0.0,0.0,1.0,2.0,0.763608241737201,2.832070246954931,6.0,0.2668963589746099,0.0
166863.0,28.9982,4.059748000000001,"[[0. 0. 0.]
 [0. 1. 0.]
 [0. 0. 0.]]","[[0. 0. 0.]
 [0. 0. 0.]
 [0. 0. 0.]]",0.0,0.0,1.0,1.0,0.0,0.42047266820886553,1.551039578488863,6.0,0.1616156806353708,0.40535723402690543
166864.0,3.126199999999999,0.4376679999999999,"[[1. 0. 0.]
 [0. 0. 0.]
 [0. 0. 0.]]","[[0. 0. 0.]
 [0. 0. 0.]
 [0. 0. 0.]]",1.0,0.0,1.0,1.0,1.0,0.29420484096699373,0.9962952734506275,5.0,0.07560254346213259,0.0
166865.0,38.48459999999999,5.387843999999999,"[[0. 2. 0.]
 [0. 0. 0.]
 [0. 0. 0.]]","[[0. 2. 0.]
 [0. 0. 0.]
 [0. 0. 0.]]",0.0,0.0,0.0,0.0,0.0,0.18809275576325396,0.7499634357792462,5.0,0.5061350124139942,0.6682144705986472
166866.0,115.11439999999999,16.116016,"[[0. 0. 0.]
 [0. 1. 0.]
 [0. 1. 1.]]","[[0. 1. 0.]
 [0. 0. 0.]
 [0. 0. 0.]]",1.0,1.0,1.0,2.0,1.0,0.6518889289212149,7.122799192964763,7.0,0.6286347973023922,0.0
166867.0,29.645000000000003,4.1503000000000005,"[[0. 0. 0.]
 [0. 0. 0.]
 [0. 0. 1.]]","[[0. 0. 0.]
 [0. 0. 0.]
 [0. 0. 1.]]",0.0,0.0,0.0,0.0,0.0,0.14003434200288328,0.46480198797597017,5.0,0.8377227476441647,0.0
166868.0,0.0,0.0,"[[0. 0. 0.]
 [0. 0. 0.]
 [0. 0. 0.]]","[[0. 0. 0.]
 [0. 0. 0.]
 [0. 0. 0.]]",0.0,0.0,0.0,0.0,0.0,-0.0008372363047772346,-0.0031413106155241837,4.0,0.6773162532492941,0.40535723402690543
166869.0,0.0,0.0,"[[0. 0. 0.]
 [0. 0. 0.]
 [0. 0. 0.]]","[[0. 0. 0.]
 [0. 0. 0.]
 [0. 0. 0.]]",0.0,0.0,0.0,0.0,0.0,0.400795251257745,1.1020266228582956,4.0,0.6339112354333654,0.0
166870.0,0.0,0.0,"[[0. 0. 0.]
 [0. 0. 0.]
 [0. 0. 0.]]","[[0. 0. 0.]
 [0. 0. 0.]
 [0. 0. 0.]]",0.0,0.0,0.0,0.0,0.0,0.02871495428681374,0.07854114296529294,3.0,0.5222646766804385,0.40535723402690543
166871.0,0.0,0.0,"[[0. 0. 0.]
 [0. 0. 0.]
 [0. 0. 0.]]","[[0. 0. 0.]
 [0. 0. 0.]
 [0. 0. 0.]]",0.0,0.0,0.0,0.0,0.0,0.18024232903122903,0.3139100402407885,3.0,0.4546988087622506,0.0
166872.0,0.0,0.0,"[[0. 0. 0.]
 [0. 0. 0.]
 [0. 0. 0.]]","[[0. 0. 0.]
 [0. 0. 0.]
 [0. 0. 0.]]",0.0,0.0,0.0,0.0,0.0,0.026632070481777192,0.14377056928882598,3.0,0.34244632017513127,0.0
166873.0,0.0,0.0,"[[0. 0. 0.]
 [0. 0. 0.]
 [0. 0. 0.]]","[[0. 0. 0.]
 [0. 0. 0.]
 [0. 0. 0.]]",0.0,0.0,0.0,0.0,0.0,0.2714763227003066,0.37094524733769674,3.0,0.3014212504152204,0.0
166874.0,0.0,0.0,"[[0. 0. 0.]
 [0. 0. 0.]
 [0. 0. 0.]]","[[0. 0. 0.]
 [0. 0. 0.]
 [0. 0. 0.]]",0.0,0.0,0.0,0.0,0.0,0.31376695980896846,-0.4166825226263101,3.0,0.2726989114505567,0.0
166875.0,0.0,0.0,"[[0. 0. 0.]
 [0. 0. 0.]
 [0. 0. 0.]]","[[0. 0. 0.]
 [0. 0. 0.]
 [0. 0. 0.]]",0.0,0.0,0.0,0.0,0.0,0.12549483187458174,0.4217630309640943,3.0,0.18920649890498048,0.0
166876.0,0.0,0.0,"[[0. 0. 0.]
 [0. 0. 0.]
 [0. 0. 0.]]","[[0. 0. 0.]
 [0. 0. 0.]
 [0. 0. 0.]]",0.0,0.0,0.0,0.0,0.0,0.24387223049291967,0.9790006820907768,3.0,0.14015114777564802,0.0
166877.0,24.254999999999995,3.3956999999999997,"[[0. 0. 0.]
 [0. 1. 0.]
 [0. 0. 0.]]","[[0. 0. 0.]
 [0. 1. 0.]
 [0. 0. 0.]]",0.0,0.0,0.0,0.0,0.0,0.13173775553671402,0.5901851448044788,3.0,0.24758731619870633,0.0
166878.0,50.4504,7.063056000000001,"[[0. 1. 1.]
 [0. 0. 0.]
 [0. 0. 0.]]","[[0. 0. 0.]
 [0. 0. 0.]
 [0. 0. 0.]]",0.0,0.0,2.0,2.0,0.0,0.10606141073186245,0.5675558211083425,5.0,0.13110051490348013,0.0
166879.0,90.55199999999999,12.67728,"[[0. 0. 0.]
 [0. 0. 0.]
 [3. 0. 0.]]","[[0. 0. 0.]
 [0. 0. 0.]
 [2. 0. 0.]]",1.0,0.0,0.0,0.0,1.0,0.3078174262198674,1.030818996925092,7.0,0.40174242205424837,0.6682144705986472
166880.0,122.56859999999998,17.159603999999998,"[[0. 0. 1.]
 [0. 1. 0.]
 [0. 1. 1.]]","[[0. 0. 1.]
 [0. 1. 0.]
 [0. 0. 1.]]",1.0,0.0,1.0,1.0,1.0,0.6648649014900379,6.495464141597074,10.0,0.6178527067782608,0.40535723402690543
166881.0,9.702000000000002,1.3582800000000004,"[[0. 0. 0.]
 [0. 0. 0.]
 [0. 1. 0.]]","[[0. 0. 0.]
 [0. 0. 0.]
 [0. 0. 0.]]",1.0,0.0,0.0,0.0,1.0,0.40380737155366425,2.214156579703052,9.0,0.41829536998902744,0.0
166882.0,16.16999999999999,2.263799999999999,"[[0. 0. 0.]
 [0. 0. 0.]
 [0. 0. 2.]]","[[0. 0. 0.]
 [0. 0. 0.]
 [0. 0. 0.]]",2.0,0.0,1.0,1.0,2.0,0.5387374593711567,1.9084235760763855,10.0,0.235018994533364,0.0
166883.0,0.0,0.0,"[[0. 0. 0.]
 [0. 0. 0.]
 [0. 0. 0.]]","[[0. 0. 0.]
 [0. 0. 0.]
 [0. 0. 0.]]",0.0,0.0,0.0,0.0,0.0,0.8507729023891506,3.563036915205763,8.0,0.1625165661374806,0.0
166884.0,36.9754,5.176556000000001,"[[0. 0. 0.]
 [2. 0. 0.]
 [0. 1. 0.]]","[[0. 0. 0.]
 [0. 0. 0.]
 [0. 0. 0.]]",3.0,0.0,0.0,0.0,3.0,0.8023260618099297,2.5854155015763176,8.0,0.1387205113912784,0.7821431506419154
166885.0,0.0,0.0,"[[0. 0. 0.]
 [0. 0. 0.]
 [0. 0. 0.]]","[[0. 0. 0.]
 [0. 0. 0.]
 [0. 0. 0.]]",0.0,0.0,0.0,0.0,0.0,0.38384552697843877,0.08536724520000477,5.0,0.05038466469409694,0.42821439560548585
166886.0,151.998,21.27972,"[[1. 0. 0.]
 [0. 0. 0.]
 [1. 0. 0.]]","[[0. 0. 0.]
 [0. 0. 0.]
 [0. 0. 0.]]",2.0,1.0,1.0,1.0,2.0,0.3276304362894405,0.9537977261258191,4.0,0.34169533706920696,0.6682144705986472
166887.0,32.23219999999999,4.5125079999999995,"[[0. 0. 1.]
 [0. 1. 0.]
 [0. 0. 0.]]","[[0. 0. 0.]
 [0. 1. 0.]
 [0. 0. 0.]]",0.0,0.0,1.0,1.0,0.0,0.6235663413214436,2.2987149606473647,6.0,0.40349645454453587,0.0
166888.0,155.43159999999997,21.760423999999997,"[[0. 1. 1.]
 [0. 0. 0.]
 [0. 1. 0.]]","[[0. 1. 0.]
 [0. 0. 0.]
 [0. 1. 0.]]",0.0,1.0,0.0,1.0,0.0,0.00030276237160688224,0.0019405856970514722,7.0,1.1442147539603011,0.3539287550364296
166889.0,40.209399999999995,5.629316,"[[0. 0. 0.]
 [0. 0. 0.]
 [0. 0. 1.]]","[[0. 0. 0.]
 [0. 0. 0.]
 [0. 0. 0.]]",0.0,0.0,1.0,1.0,0.0,0.5911313422047588,9.202259830369922,7.0,1.0469802353289581,0.6053572115702046
166890.0,130.0986,18.213804000000003,"[[0. 1. 0.]
 [0. 1. 1.]
 [0. 0. 0.]]","[[0. 0. 0.]
 [0. 0. 0.]
 [0. 0. 0.]]",0.0,1.0,2.0,3.0,0.0,1.0851157554827515,33.48580412159333,10.0,1.3199096424898031,0.0
166891.0,10.995600000000003,1.5393840000000005,"[[0. 0. 0.]
 [0. 0. 1.]
 [0. 0. 0.]]","[[0. 0. 0.]
 [0. 0. 0.]
 [0. 0. 0.]]",1.0,0.0,0.0,1.0,1.0,0.48068877145648,1.9031429839504954,11.0,1.0589463760044155,0.0
166892.0,0.0,0.0,"[[0. 0. 0.]
 [0. 0. 0.]
 [0. 0. 0.]]","[[0. 0. 0.]
 [0. 0. 0.]
 [0. 0. 0.]]",0.0,0.0,0.0,0.0,0.0,0.6254510033577678,2.6258934924972523,9.0,0.8808957587994027,0.42821439560548585
166893.0,47.971000000000004,6.715940000000002,"[[0. 0. 1.]
 [0. 0. 0.]
 [0. 0. 1.]]","[[0. 0. 1.]
 [0. 0. 0.]
 [0. 0. 1.]]",0.0,0.0,0.0,0.0,0.0,0.42398410236421213,1.1016802915831654,8.0,1.3038945639748374,0.0
166894.0,0.0,0.0,"[[0. 0. 0.]
 [0. 0. 0.]
 [0. 0. 0.]]","[[0. 0. 0.]
 [0. 0. 0.]
 [0. 0. 0.]]",0.0,0.0,0.0,0.0,0.0,0.027050982860959846,0.08825112648559538,7.0,1.0316010060645449,0.0
166895.0,0.0,0.0,"[[0. 0. 0.]
 [0. 0. 0.]
 [0. 0. 0.]]","[[0. 0. 0.]
 [0. 0. 0.]
 [0. 0. 0.]]",0.0,0.0,0.0,0.0,0.0,0.1766627802848816,0.45904056829223494,7.0,0.8029938148746922,0.0
166896.0,0.0,0.0,"[[0. 0. 0.]
 [0. 0. 0.]
 [0. 0. 0.]]","[[0. 0. 0.]
 [0. 0. 0.]
 [0. 0. 0.]]",0.0,0.0,0.0,0.0,0.0,0.021276587724685672,0.05654465953712464,6.0,0.5691833676673281,0.4682144930556804
166897.0,0.0,0.0,"[[0. 0. 0.]
 [0. 0. 0.]
 [0. 0. 0.]]","[[0. 0. 0.]
 [0. 0. 0.]
 [0. 0. 0.]]",0.0,0.0,0.0,0.0,0.0,0.09868704390525818,0.30411399449844356,6.0,0.3578923258943123,0.0
166898.0,0.0,0.0,"[[0. 0. 0.]
 [0. 0. 0.]
 [0. 0. 0.]]","[[0. 0. 0.]
 [0. 0. 0.]
 [0. 0. 0.]]",0.0,0.0,0.0,0.0,0.0,0.11526311525309144,0.3924478548137257,6.0,0.15142341396793887,0.0
166899.0,0.0,0.0,"[[0. 0. 0.]
 [0. 0. 0.]
 [0. 0. 0.]]","[[0. 0. 0.]
 [0. 0. 0.]
 [0. 0. 0.]]",0.0,0.0,0.0,0.0,0.0,0.5606703106003639,0.8602925245851983,6.0,0.0745275043244084,0.0
166900.0,0.0,0.0,"[[0. 0. 0.]
 [0. 0. 0.]
 [0. 0. 0.]]","[[0. 0. 0.]
 [0. 0. 0.]
 [0. 0. 0.]]",0.0,0.0,0.0,0.0,0.0,0.6560333451521982,-3.1961944575815044,6.0,0.025373568368684308,0.0
166901.0,0.0,0.0,"[[0. 0. 0.]
 [0. 0. 0.]
 [0. 0. 0.]]","[[0. 0. 0.]
 [0. 0. 0.]
 [0. 0. 0.]]",0.0,0.0,0.0,0.0,0.0,0.7807586251954572,2.577752676945322,6.0,0.012503350243726463,0.0
166902.0,0.0,0.0,"[[0. 0. 0.]
 [0. 0. 0.]
 [0. 0. 0.]]","[[0. 0. 0.]
 [0. 0. 0.]
 [0. 0. 0.]]",0.0,0.0,0.0,0.0,0.0,0.6609556104108447,3.64953249844452,5.0,0.0047813459996085775,0.0
166903.0,319.91839999999996,44.788576,"[[1. 1. 2.]
 [2. 1. 0.]
 [0. 1. 0.]]","[[0. 1. 0.]
 [0. 0. 0.]
 [0. 0. 0.]]",3.0,2.0,3.0,5.0,3.0,0.8318950191129828,3.200466517531467,10.0,0.37970590814602007,1.2735716821688519
166904.0,89.0428,12.465992000000002,"[[0. 0. 0.]
 [1. 0. 0.]
 [0. 0. 1.]]","[[0. 0. 0.]
 [0. 0. 0.]
 [0. 0. 0.]]",1.0,0.0,1.0,1.0,1.0,1.0103685674185932,8.24622409984359,12.0,0.4232313095768835,0.0
166905.0,32.34,4.5276000000000005,"[[0. 0. 0.]
 [0. 0. 0.]
 [0. 1. 0.]]","[[0. 1. 0.]
 [0. 0. 0.]
 [0. 0. 0.]]",0.0,0.0,0.0,0.0,0.0,0.7507375416835742,2.45160851612188,9.0,0.3216276853393778,0.40535723402690543
166906.0,0.0,0.0,"[[0. 0. 0.]
 [0. 0. 0.]
 [0. 0. 0.]]","[[0. 0. 0.]
 [0. 0. 0.]
 [0. 0. 0.]]",0.0,0.0,0.0,0.0,0.0,0.8879559562380397,2.3129476748088456,8.0,0.2599421453358985,0.40535723402690543
166907.0,0.0,0.0,"[[0. 0. 0.]
 [0. 0. 0.]
 [0. 0. 0.]]","[[0. 0. 0.]
 [0. 0. 0.]
 [0. 0. 0.]]",0.0,0.0,0.0,0.0,0.0,0.6114132314558165,1.6718483400927848,7.0,0.15780781266849972,0.0
166908.0,64.35659999999999,9.009923999999998,"[[1. 1. 0.]
 [0. 0. 1.]
 [0. 0. 0.]]","[[0. 0. 0.]
 [0. 0. 1.]
 [0. 0. 0.]]",2.0,0.0,1.0,2.0,2.0,0.4995975005199259,1.7789667798513522,9.0,1.1033166952149063,0.0
166909.0,23.608199999999997,3.305148,"[[0. 0. 0.]
 [0. 0. 0.]
 [0. 0. 1.]]","[[0. 0. 0.]
 [0. 0. 0.]
 [0. 0. 0.]]",0.0,0.0,1.0,1.0,0.0,0.6789759989803127,1.8565919716117671,8.0,1.0132369858273607,0.40535723402690543
166910.0,21.559999999999995,3.0183999999999997,"[[0. 0. 0.]
 [1. 0. 0.]
 [0. 0. 0.]]","[[0. 0. 0.]
 [0. 0. 0.]
 [0. 0. 0.]]",1.0,0.0,0.0,0.0,1.0,0.6898758767207331,2.5486774389570765,7.0,1.5739281499643014,0.0
166911.0,18.757200000000005,2.626008000000001,"[[0. 0. 1.]
 [0. 0. 1.]
 [1. 0. 0.]]","[[0. 0. 0.]
 [0. 0. 0.]
 [0. 0. 0.]]",1.0,0.0,2.0,2.0,1.0,0.7464733806677191,2.3463151301147747,9.0,1.5214840425221832,0.0
166912.0,19.7274,2.761836,"[[0. 0. 0.]
 [0. 0. 0.]
 [0. 0. 1.]]","[[0. 1. 0.]
 [0. 0. 0.]
 [0. 0. 0.]]",0.0,0.0,0.0,0.0,0.0,0.1889193061120304,0.593811162971334,5.0,1.4232423861184103,0.0
166913.0,125.032,17.50448,"[[1. 0. 0.]
 [0. 0. 1.]
 [0. 0. 0.]]","[[0. 0. 0.]
 [0. 0. 1.]
 [0. 0. 0.]]",1.0,1.0,0.0,1.0,1.0,-0.006601276271872361,-0.023320988813270677,5.0,1.8363528118912473,0.0
166914.0,127.08019999999999,17.791228,"[[0. 2. 0.]
 [1. 0. 0.]
 [0. 0. 1.]]","[[0. 1. 0.]
 [0. 0. 0.]
 [0. 0. 0.]]",1.0,1.0,1.0,2.0,1.0,0.2948870916997671,0.9268891066307079,9.0,2.8105975168606783,0.0
166915.0,25.333,3.5466200000000003,"[[0. 0. 0.]
 [0. 0. 0.]
 [1. 0. 0.]]","[[0. 0. 0.]
 [0. 0. 0.]
 [0. 0. 0.]]",1.0,0.0,0.0,0.0,1.0,0.7293505393021322,2.5095493356307763,9.0,2.6887722192031176,0.40535723402690543
166916.0,43.8746,6.142444000000001,"[[1. 0. 0.]
 [0. 0. 0.]
 [0. 0. 0.]]","[[0. 0. 0.]
 [0. 0. 0.]
 [0. 0. 0.]]",1.0,0.0,0.0,1.0,1.0,0.25784445946291085,0.6852474354686318,9.0,2.6409815165014185,0.0
166917.0,77.6,10.864,"[[0. 0. 0.]
 [1. 0. 0.]
 [0. 0. 0.]]","[[0. 0. 0.]
 [0. 0. 0.]
 [0. 0. 0.]]",1.0,0.0,0.0,0.0,1.0,0.16602278274297702,0.2547453578408239,9.0,2.4013384225016012,0.40535723402690543
166918.0,0.0,0.0,"[[0. 0. 0.]
 [0. 0. 0.]
 [0. 0. 0.]]","[[0. 0. 0.]
 [0. 0. 0.]
 [0. 0. 0.]]",0.0,0.0,0.0,0.0,0.0,0.931773806989193,0.07752358074150086,8.0,2.3523998936257304,0.0
166919.0,0.0,0.0,"[[0. 0. 0.]
 [0. 0. 0.]
 [0. 0. 0.]]","[[0. 0. 0.]
 [0. 0. 0.]
 [0. 0. 0.]]",0.0,0.0,0.0,0.0,0.0,0.32546766183033127,0.31869793446426037,8.0,2.1270813952491,0.0
166920.0,0.0,0.0,"[[0. 0. 0.]
 [0. 0. 0.]
 [0. 0. 0.]]","[[0. 0. 0.]
 [0. 0. 0.]
 [0. 0. 0.]]",0.0,0.0,0.0,0.0,0.0,0.9221756694798096,28.256937993932528,8.0,2.0753506809159536,0.0
166921.0,0.0,0.0,"[[0. 0. 0.]
 [0. 0. 0.]
 [0. 0. 0.]]","[[0. 0. 0.]
 [0. 0. 0.]
 [0. 0. 0.]]",0.0,0.0,0.0,0.0,0.0,0.12926902437210086,-0.2772562034732809,8.0,1.7929562152787468,0.0
166922.0,0.0,0.0,"[[0. 0. 0.]
 [0. 0. 0.]
 [0. 0. 0.]]","[[0. 0. 0.]
 [0. 0. 0.]
 [0. 0. 0.]]",0.0,0.0,0.0,0.0,0.0,0.48605451536178595,0.7364698016761779,8.0,1.6143538924749026,0.0
166923.0,0.0,0.0,"[[0. 0. 0.]
 [0. 0. 0.]
 [0. 0. 0.]]","[[0. 0. 0.]
 [0. 0. 0.]
 [0. 0. 0.]]",0.0,0.0,0.0,0.0,0.0,0.13325353178062047,0.43920364074892504,8.0,1.3331185562656285,0.0
166924.0,0.0,0.0,"[[0. 0. 0.]
 [0. 0. 0.]
 [0. 0. 0.]]","[[0. 0. 0.]
 [0. 0. 0.]
 [0. 0. 0.]]",0.0,0.0,0.0,0.0,0.0,0.6048328418462796,1.8744979434499895,8.0,1.1890699284390918,0.0
166925.0,0.0,0.0,"[[0. 0. 0.]
 [0. 0. 0.]
 [0. 0. 0.]]","[[0. 0. 0.]
 [0. 0. 0.]
 [0. 0. 0.]]",0.0,0.0,0.0,0.0,0.0,0.12648760782426516,0.424998362289531,8.0,0.9058663234425143,0.0
166926.0,29.645000000000003,4.1503000000000005,"[[0. 0. 0.]
 [0. 0. 0.]
 [0. 0. 1.]]","[[0. 0. 0.]
 [0. 0. 0.]
 [0. 0. 1.]]",0.0,0.0,0.0,0.0,0.0,-0.016455089002847673,-0.054538746991038334,6.0,1.0694300756735287,0.0
166927.0,20.913199999999996,2.9278479999999996,"[[0. 1. 1.]
 [0. 0. 0.]
 [1. 0. 0.]]","[[0. 0. 0.]
 [0. 0. 0.]
 [0. 0. 0.]]",2.0,0.0,1.0,2.0,1.0,0.6623789884691273,2.1863805651388954,7.0,1.0645221450463656,0.6282143731485081
166928.0,107.3688,15.031632,"[[2. 0. 0.]
 [0. 0. 0.]
 [1. 0. 0.]]","[[0. 0. 0.]
 [0. 0. 0.]
 [0. 0. 0.]]",3.0,1.0,1.0,2.0,3.0,0.2620989426320467,1.5277223168136735,7.0,0.9422061754331165,0.0
166929.0,0.0,0.0,"[[0. 0. 0.]
 [0. 0. 0.]
 [0. 0. 0.]]","[[0. 0. 0.]
 [0. 0. 0.]
 [0. 0. 0.]]",0.0,0.0,0.0,0.0,0.0,0.41020755988394575,1.5335199418701395,6.0,0.8215392837629917,0.0
166930.0,49.6958,6.957412000000001,"[[0. 0. 0.]
 [0. 0. 0.]
 [1. 1. 1.]]","[[0. 0. 0.]
 [0. 0. 0.]
 [0. 0. 0.]]",3.0,0.0,0.0,1.0,3.0,0.529891171002706,1.6418148042347802,7.0,0.7512894426001425,0.0
166931.0,0.5389999999999961,0.07545999999999947,"[[0. 0. 1.]
 [0. 0. 0.]
 [0. 0. 0.]]","[[0. 0. 0.]
 [0. 0. 0.]
 [0. 0. 0.]]",1.0,0.0,0.0,1.0,1.0,0.3618256012144341,1.1804198414019698,8.0,0.5745477993170688,0.0
166932.0,27.16559999999999,3.803183999999999,"[[1. 0. 0.]
 [0. 0. 0.]
 [0. 0. 2.]]","[[0. 0. 0.]
 [0. 1. 0.]
 [0. 0. 0.]]",2.0,0.0,2.0,2.0,2.0,0.18078722109511233,0.6758549473419664,7.0,0.4860020331121126,0.0
166933.0,18.002599999999997,2.520364,"[[0. 0. 1.]
 [0. 0. 0.]
 [0. 0. 0.]]","[[0. 0. 0.]
 [0. 0. 0.]
 [0. 0. 0.]]",0.0,0.0,1.0,1.0,0.0,0.30656801477404666,1.1850693179105547,6.0,0.3483854555918353,0.0
166934.0,10.025399999999998,1.4035559999999998,"[[0. 0. 0.]
 [0. 0. 0.]
 [0. 0. 2.]]","[[0. 0. 0.]
 [0. 0. 0.]
 [0. 0. 0.]]",2.0,0.0,1.0,2.0,2.0,0.4971133264032122,1.720012109355114,8.0,0.21580024145458798,0.0
166935.0,14.229599999999998,1.992144,"[[0. 0. 0.]
 [1. 0. 0.]
 [0. 0. 0.]]","[[0. 0. 0.]
 [0. 0. 0.]
 [0. 0. 0.]]",1.0,0.0,0.0,0.0,1.0,0.39628563391862104,1.6082856166953317,6.0,0.11828333495818683,0.0
166936.0,69.4232,9.719248,"[[1. 0. 0.]
 [1. 0. 0.]
 [0. 0. 0.]]","[[0. 0. 0.]
 [0. 0. 0.]
 [0. 0. 0.]]",2.0,0.0,0.0,1.0,2.0,0.48884049985710887,1.8274813246658117,6.0,0.602891480371164,0.42821439560548585
166937.0,127.6192,17.866688000000003,"[[0. 0. 0.]
 [0. 1. 1.]
 [0. 1. 0.]]","[[0. 0. 0.]
 [0. 1. 0.]
 [0. 0. 0.]]",1.0,1.0,0.0,1.0,1.0,0.3234244660774268,4.6917246747055845,8.0,1.6224093948274336,0.0
166938.0,89.68959999999998,12.556543999999999,"[[0. 0. 1.]
 [1. 0. 0.]
 [0. 0. 1.]]","[[0. 0. 0.]
 [0. 0. 0.]
 [0. 0. 1.]]",1.0,0.0,1.0,1.0,1.0,0.595197088738427,2.2865091360975414,11.0,2.1811083260377275,0.0
166939.0,7.330399999999999,1.026256,"[[1. 0. 0.]
 [0. 0. 0.]
 [0. 0. 0.]]","[[0. 0. 0.]
 [0. 0. 0.]
 [0. 0. 0.]]",1.0,0.0,0.0,1.0,1.0,0.4460906113062277,1.2394181544532228,9.0,2.0435172054933317,0.6682144705986472
166940.0,28.9982,4.059748000000001,"[[1. 0. 0.]
 [0. 0. 0.]
 [0. 0. 0.]]","[[0. 0. 0.]
 [0. 0. 0.]
 [0. 0. 0.]]",1.0,0.0,0.0,1.0,1.0,0.599404957086348,1.8437696479976062,8.0,2.2702895566457237,0.6282143731485081
166941.0,127.95859999999999,17.914204,"[[0. 0. 1.]
 [0. 0. 1.]
 [0. 0. 0.]]","[[0. 0. 1.]
 [0. 0. 1.]
 [0. 0. 0.]]",0.0,0.0,0.0,0.0,0.0,0.16201421635886085,0.22072816836731202,10.0,2.161364482084752,0.0
166942.0,77.6,10.864,"[[0. 0. 0.]
 [0. 0. 0.]
 [0. 1. 0.]]","[[0. 0. 0.]
 [0. 0. 0.]
 [0. 0. 0.]]",0.0,1.0,0.0,1.0,0.0,0.2281565607828076,0.5634554425092217,8.0,1.9797966689692492,0.0
166943.0,0.0,0.0,"[[0. 0. 0.]
 [0. 0. 0.]
 [0. 0. 0.]]","[[0. 0. 0.]
 [0. 0. 0.]
 [0. 0. 0.]]",0.0,0.0,0.0,0.0,0.0,0.07185167455079672,0.592690093034612,8.0,1.680234173282189,0.0
166944.0,0.0,0.0,"[[0. 0. 0.]
 [0. 0. 0.]
 [0. 0. 0.]]","[[0. 0. 0.]
 [0. 0. 0.]
 [0. 0. 0.]]",0.0,0.0,0.0,0.0,0.0,0.9540578247526694,2.6438850439545973,8.0,1.637778267755693,0.0
166945.0,0.0,0.0,"[[0. 0. 0.]
 [0. 0. 0.]
 [0. 0. 0.]]","[[0. 0. 0.]
 [0. 0. 0.]
 [0. 0. 0.]]",0.0,0.0,0.0,0.0,0.0,0.24827236768111371,0.8310172691022238,8.0,1.3900029565356533,0.0
166946.0,0.0,0.0,"[[0. 0. 0.]
 [0. 0. 0.]
 [0. 0. 0.]]","[[0. 0. 0.]
 [0. 0. 0.]
 [0. 0. 0.]]",0.0,0.0,0.0,0.0,0.0,0.8090594755718896,0.28802517330359273,8.0,1.3053657130656575,0.0
166947.0,0.0,0.0,"[[0. 0. 0.]
 [0. 0. 0.]
 [0. 0. 0.]]","[[0. 0. 0.]
 [0. 0. 0.]
 [0. 0. 0.]]",0.0,0.0,0.0,0.0,0.0,0.6728996191323746,1.5535906406528266,8.0,1.18111832954053,0.0
166948.0,0.0,0.0,"[[0. 0. 0.]
 [0. 0. 0.]
 [0. 0. 0.]]","[[0. 0. 0.]
 [0. 0. 0.]
 [0. 0. 0.]]",0.0,0.0,0.0,0.0,0.0,0.40635504911553405,1.5067645221204005,8.0,0.9793307074650492,0.0
166949.0,0.0,0.0,"[[0. 0. 0.]
 [0. 0. 0.]
 [0. 0. 0.]]","[[0. 0. 0.]
 [0. 0. 0.]
 [0. 0. 0.]]",0.0,0.0,0.0,0.0,0.0,0.37777084470470557,1.5660868138078274,7.0,0.8092276804700547,0.6053572115702046
166950.0,56.379400000000004,7.893116000000001,"[[0. 0. 0.]
 [1. 0. 0.]
 [0. 0. 0.]]","[[0. 0. 0.]
 [0. 0. 0.]
 [0. 0. 0.]]",1.0,0.0,0.0,0.0,1.0,0.31029021349939623,1.0877533724434834,8.0,0.6102939243971516,0.0
166951.0,191.23719999999997,26.773208,"[[1. 1. 1.]
 [1. 0. 1.]
 [0. 0. 0.]]","[[0. 0. 0.]
 [0. 0. 0.]
 [0. 0. 0.]]",2.0,0.0,3.0,4.0,2.0,0.5663950506090001,2.159551048961991,11.0,0.7454633936652243,0.6282143731485081
166952.0,0.0,0.0,"[[0. 0. 0.]
 [0. 0. 0.]
 [0. 0. 0.]]","[[0. 0. 0.]
 [0. 0. 0.]
 [0. 0. 0.]]",0.0,0.0,0.0,0.0,0.0,1.014130067499256,3.6370760740793235,9.0,0.6804830496650079,0.0
166953.0,0.0,0.0,"[[0. 0. 0.]
 [0. 0. 0.]
 [0. 0. 0.]]","[[0. 0. 0.]
 [0. 0. 0.]
 [0. 0. 0.]]",0.0,0.0,0.0,0.0,0.0,0.6176552926742938,2.2877952040655787,8.0,0.5401645893520753,0.0
166954.0,53.89999999999999,7.545999999999999,"[[0. 0. 0.]
 [1. 0. 1.]
 [1. 0. 0.]]","[[0. 0. 0.]
 [0. 0. 1.]
 [0. 0. 0.]]",2.0,0.0,0.0,0.0,2.0,0.5034476156526309,1.8063700449616396,11.0,0.44559350539163234,0.0
166955.0,64.4644,9.025016,"[[0. 1. 0.]
 [0. 1. 1.]
 [0. 0. 0.]]","[[0. 1. 0.]
 [0. 1. 0.]
 [0. 0. 0.]]",0.0,0.0,1.0,1.0,0.0,0.5529575374589988,1.9831269123429487,12.0,0.4455325959579538,0.0
166956.0,0.0,0.0,"[[0. 0. 0.]
 [0. 0. 0.]
 [0. 0. 0.]]","[[0. 0. 0.]
 [0. 0. 0.]
 [0. 0. 0.]]",0.0,0.0,0.0,0.0,0.0,0.7120817929038852,1.9459771236477317,10.0,0.25268366298453865,0.0
166957.0,17.787,2.49018,"[[0. 0. 0.]
 [0. 0. 0.]
 [0. 1. 0.]]","[[0. 0. 0.]
 [0. 0. 0.]
 [0. 0. 0.]]",1.0,0.0,0.0,0.0,1.0,0.5913717245441475,2.254782111341921,9.0,0.07871907376101804,0.0
166958.0,6.791400000000003,0.9507960000000005,"[[0. 0. 0.]
 [1. 0. 0.]
 [0. 0. 0.]]","[[0. 0. 0.]
 [0. 0. 0.]
 [0. 0. 0.]]",1.0,0.0,0.0,0.0,1.0,0.7835929915569368,2.8102779049197917,8.0,0.0014733985775814906,0.0
166959.0,3.0183999999999944,0.4225759999999993,"[[0. 0. 1.]
 [0. 0. 0.]
 [0. 0. 0.]]","[[0. 0. 0.]
 [0. 0. 0.]
 [0. 0. 0.]]",0.0,0.0,1.0,1.0,0.0,0.7209351923895635,2.518082439978267,6.0,1.7763568394002505e-17,0.6682144705986472
166960.0,13.259400000000001,1.8563160000000003,"[[0. 0. 0.]
 [1. 0. 0.]
 [0. 0. 0.]]","[[0. 0. 0.]
 [0. 0. 0.]
 [0. 0. 0.]]",1.0,0.0,0.0,0.0,1.0,0.26158293645083897,1.0097101347002384,2.0,0.026896854240244083,1.4846431643594797
166961.0,146.3764,20.492696000000002,"[[0. 1. 0.]
 [0. 1. 1.]
 [0. 0. 0.]]","[[0. 1. 0.]
 [0. 1. 0.]
 [0. 0. 0.]]",0.0,1.0,0.0,1.0,0.0,0.18391306134743513,1.329470737868339,4.0,0.6965654931084545,0.40535723402690543
166962.0,8.084999999999996,1.1318999999999995,"[[0. 0. 0.]
 [0. 0. 1.]
 [0. 0. 0.]]","[[0. 0. 0.]
 [0. 0. 0.]
 [0. 0. 0.]]",0.0,0.0,1.0,1.0,0.0,0.19762413680967683,1.2559409142528581,4.0,0.6040561510894514,0.0
166963.0,158.0348,22.124872,"[[1. 0. 0.]
 [0. 1. 0.]
 [0. 2. 0.]]","[[0. 0. 0.]
 [0. 1. 0.]
 [0. 0. 0.]]",1.0,0.0,3.0,3.0,1.0,0.39375095862051596,1.6137489288103224,7.0,0.9311733123560296,0.0
166964.0,210.5014,29.470196,"[[1. 0. 0.]
 [0. 0. 0.]
 [2. 0. 0.]]","[[0. 0. 0.]
 [0. 0. 0.]
 [1. 0. 0.]]",2.0,1.0,0.0,1.0,2.0,0.3635857221471079,1.193433774375667,10.0,1.2942131298714836,0.0
166965.0,0.0,0.0,"[[0. 0. 0.]
 [0. 0. 0.]
 [0. 0. 0.]]","[[0. 0. 0.]
 [0. 0. 0.]
 [0. 0. 0.]]",0.0,0.0,0.0,0.0,0.0,0.21395084654152471,0.6504105734862352,9.0,0.9962904413955375,0.42821439560548585
166966.0,0.0,0.0,"[[0. 0. 0.]
 [0. 0. 0.]
 [0. 0. 0.]]","[[0. 0. 0.]
 [0. 0. 0.]
 [0. 0. 0.]]",0.0,0.0,0.0,0.0,0.0,0.13355270081681922,0.2991580498296751,7.0,0.755142136178612,0.0
166967.0,0.0,0.0,"[[0. 0. 0.]
 [0. 0. 0.]
 [0. 0. 0.]]","[[0. 0. 0.]
 [0. 0. 0.]
 [0. 0. 0.]]",0.0,0.0,0.0,0.0,0.0,0.045108578920364385,0.15694176777973176,6.0,0.5282646318645363,0.0
166968.0,0.0,0.0,"[[0. 0. 0.]
 [0. 0. 0.]
 [0. 0. 0.]]","[[0. 0. 0.]
 [0. 0. 0.]
 [0. 0. 0.]]",0.0,0.0,0.0,0.0,0.0,0.4768903046117401,1.260897965393437,6.0,0.4269963568424969,0.0
166969.0,0.0,0.0,"[[0. 0. 0.]
 [0. 0. 0.]
 [0. 0. 0.]]","[[0. 0. 0.]
 [0. 0. 0.]
 [0. 0. 0.]]",0.0,0.0,0.0,0.0,0.0,0.24785617768756923,0.9686219424030206,6.0,0.2590999721697898,0.0
166970.0,0.0,0.0,"[[0. 0. 0.]
 [0. 0. 0.]
 [0. 0. 0.]]","[[0. 0. 0.]
 [0. 0. 0.]
 [0. 0. 0.]]",0.0,0.0,0.0,0.0,0.0,0.47937966537262433,1.0814805250806405,6.0,0.15855587482364417,0.0
166971.0,0.0,0.0,"[[0. 0. 0.]
 [0. 0. 0.]
 [0. 0. 0.]]","[[0. 0. 0.]
 [0. 0. 0.]
 [0. 0. 0.]]",0.0,0.0,0.0,0.0,0.0,0.6291698089897678,2.2091410333248724,6.0,0.10158709198430399,0.0
166972.0,0.0,0.0,"[[0. 0. 0.]
 [0. 0. 0.]
 [0. 0. 0.]]","[[0. 0. 0.]
 [0. 0. 0.]
 [0. 0. 0.]]",0.0,0.0,0.0,0.0,0.0,0.5250355469300975,1.912809504575731,6.0,0.014324705636696002,0.0
166973.0,0.0,0.0,"[[0. 0. 0.]
 [0. 0. 0.]
 [0. 0. 0.]]","[[0. 0. 0.]
 [0. 0. 0.]
 [0. 0. 0.]]",0.0,0.0,0.0,0.0,0.0,0.802322839048389,2.924306283763568,6.0,0.0077277133598636725,0.0
166974.0,0.0,0.0,"[[0. 0. 0.]
 [0. 0. 0.]
 [0. 0. 0.]]","[[0. 0. 0.]
 [0. 0. 0.]
 [0. 0. 0.]]",0.0,0.0,0.0,0.0,0.0,0.8060418720596505,2.815343050729947,6.0,0.002212621595398443,0.0
166975.0,125.80259999999998,17.612364,"[[1. 0. 0.]
 [0. 2. 0.]
 [0. 1. 0.]]","[[0. 1. 0.]
 [0. 2. 0.]
 [0. 0. 0.]]",1.0,0.0,0.0,1.0,1.0,0.39194340308709613,1.5652651745686272,8.0,0.20737537637468254,0.0
166976.0,37.73,5.2822000000000005,"[[0. 0. 0.]
 [0. 0. 0.]
 [0. 1. 0.]]","[[0. 0. 0.]
 [0. 0. 0.]
 [0. 0. 0.]]",0.0,0.0,1.0,1.0,0.0,0.5726748906589068,9.919645386037319,7.0,0.11397170820272817,0.759285989063335
166977.0,96.3732,13.492248,"[[0. 1. 0.]
 [0. 0. 0.]
 [1. 1. 0.]]","[[0. 1. 0.]
 [0. 0. 0.]
 [1. 1. 0.]]",0.0,0.0,0.0,0.0,0.0,0.2530259772114035,1.1465113079403118,9.0,0.2265539196370039,0.0
166978.0,11.5346,1.614844,"[[0. 0. 0.]
 [1. 0. 0.]
 [0. 0. 0.]]","[[0. 0. 0.]
 [0. 0. 0.]
 [0. 0. 0.]]",1.0,0.0,0.0,0.0,1.0,0.9792363812636535,4.025053221546122,10.0,0.14845975035294964,0.0
166979.0,117.71759999999998,16.480463999999998,"[[1. 1. 0.]
 [0. 1. 0.]
 [1. 0. 0.]]","[[0. 0. 0.]
 [0. 0. 0.]
 [0. 0. 0.]]",2.0,0.0,3.0,3.0,1.0,1.4723052049102034,5.367435855020638,13.0,0.0999667190540997,0.0
166980.0,5.066600000000001,0.7093240000000002,"[[0. 1. 0.]
 [0. 0. 0.]
 [0. 0. 0.]]","[[0. 0. 0.]
 [0. 0. 0.]
 [0. 0. 0.]]",0.0,0.0,1.0,1.0,0.0,1.116741798358625,3.2037088711312145,9.0,0.0860370603947907,0.8564287912109717
166981.0,9.162999999999997,1.2828199999999996,"[[0. 0. 0.]
 [0. 1. 0.]
 [0. 0. 0.]]","[[0. 0. 0.]
 [0. 0. 0.]
 [0. 0. 0.]]",1.0,0.0,1.0,1.0,1.0,0.6807551724314689,1.8745274428072927,6.0,0.05007492873849075,0.8107144680538109
166982.0,200.4002,28.056028000000005,"[[0. 0. 1.]
 [1. 3. 1.]
 [0. 0. 0.]]","[[0. 0. 1.]
 [0. 1. 0.]
 [0. 0. 0.]]",2.0,1.0,1.0,3.0,2.0,0.46622767917181346,1.6627543949983556,10.0,1.0803835150758128,0.42821439560548585
166983.0,77.6,10.864,"[[0. 1. 0.]
 [0. 0. 0.]
 [0. 0. 0.]]","[[0. 0. 0.]
 [0. 0. 0.]
 [0. 0. 0.]]",0.0,1.0,0.0,1.0,0.0,0.628485924361925,2.921202576434227,9.0,2.295275153183326,0.3539287550364296
166984.0,0.0,0.0,"[[0. 0. 0.]
 [0. 0. 0.]
 [0. 0. 0.]]","[[0. 0. 0.]
 [0. 0. 0.]
 [0. 0. 0.]]",0.0,0.0,0.0,0.0,0.0,0.46448175800297997,7.5364952126531515,7.0,2.1503971191478297,0.0
166985.0,107.6762,15.074668,"[[0. 0. 0.]
 [0. 2. 0.]
 [0. 1. 0.]]","[[0. 0. 0.]
 [0. 0. 0.]
 [0. 1. 0.]]",1.0,1.0,1.0,2.0,1.0,0.5557795042972051,1.98257664772899,9.0,2.9508884859047217,0.42821439560548585
166986.0,71.90259999999999,10.066364,"[[0. 0. 0.]
 [0. 0. 0.]
 [0. 0. 1.]]","[[0. 0. 1.]
 [0. 0. 0.]
 [0. 0. 0.]]",0.0,0.0,0.0,0.0,0.0,0.27719056197182534,1.6640303816292619,7.0,3.163870093737048,0.4682144930556804
166987.0,27.165599999999994,3.8031839999999995,"[[0. 0. 0.]
 [0. 0. 1.]
 [0. 0. 0.]]","[[0. 0. 0.]
 [0. 0. 0.]
 [0. 0. 0.]]",0.0,0.0,1.0,1.0,0.0,0.5071457174420355,1.7518841663317677,7.0,3.0506033933565493,0.0
166988.0,0.0,0.0,"[[0. 0. 0.]
 [0. 0. 0.]
 [0. 0. 0.]]","[[0. 0. 0.]
 [0. 0. 0.]
 [0. 0. 0.]]",0.0,0.0,0.0,0.0,0.0,0.29932133324444293,1.0708520018153165,6.0,2.8976786903003875,0.6053572115702046
166989.0,0.0,0.0,"[[0. 0. 0.]
 [0. 0. 0.]
 [0. 0. 0.]]","[[0. 0. 0.]
 [0. 0. 0.]
 [0. 0. 0.]]",0.0,0.0,0.0,0.0,0.0,0.106668105855584,0.3117268725523587,6.0,2.68870941200383,0.0
166990.0,38.16120000000001,5.342568000000002,"[[0. 0. 1.]
 [0. 0. 0.]
 [0. 0. 0.]]","[[0. 0. 1.]
 [0. 0. 0.]
 [0. 0. 0.]]",0.0,0.0,0.0,0.0,0.0,0.17207610383082758,0.5751471694441581,6.0,2.916475203119528,0.0
166991.0,0.0,0.0,"[[0. 0. 0.]
 [0. 0. 0.]
 [0. 0. 0.]]","[[0. 0. 0.]
 [0. 0. 0.]
 [0. 0. 0.]]",0.0,0.0,0.0,0.0,0.0,0.1753901324272156,0.46373151013755665,6.0,2.727497787098354,0.0
166992.0,0.0,0.0,"[[0. 0. 0.]
 [0. 0. 0.]
 [0. 0. 0.]]","[[0. 0. 0.]
 [0. 0. 0.]
 [0. 0. 0.]]",0.0,0.0,0.0,0.0,0.0,0.6118688106536866,2.0211250553512574,6.0,2.6654959865612455,0.0
166993.0,0.0,0.0,"[[0. 0. 0.]
 [0. 0. 0.]
 [0. 0. 0.]]","[[0. 0. 0.]
 [0. 0. 0.]
 [0. 0. 0.]]",0.0,0.0,0.0,0.0,0.0,0.0782375245284134,0.2814047282237973,6.0,2.4482559936967836,0.0
166994.0,0.0,0.0,"[[0. 0. 0.]
 [0. 0. 0.]
 [0. 0. 0.]]","[[0. 0. 0.]
 [0. 0. 0.]
 [0. 0. 0.]]",0.0,0.0,0.0,0.0,0.0,0.016936885008519444,0.06037660767837012,6.0,2.213183087517444,0.0
166995.0,0.0,0.0,"[[0. 0. 0.]
 [0. 0. 0.]
 [0. 0. 0.]]","[[0. 0. 0.]
 [0. 0. 0.]
 [0. 0. 0.]]",0.0,0.0,0.0,0.0,0.0,0.03620865506835321,0.14634090032425634,6.0,1.9837165144464195,0.0
166996.0,0.0,0.0,"[[0. 0. 0.]
 [0. 0. 0.]
 [0. 0. 0.]]","[[0. 0. 0.]
 [0. 0. 0.]
 [0. 0. 0.]]",0.0,0.0,0.0,0.0,0.0,0.025784676275312304,0.12745881176412377,6.0,1.7512175111810555,0.0
166997.0,55.301399999999994,7.742196,"[[0. 0. 0.]
 [0. 0. 0.]
 [0. 1. 0.]]","[[0. 0. 0.]
 [0. 0. 0.]
 [0. 1. 0.]]",0.0,0.0,0.0,0.0,0.0,0.2754474445754251,0.9781689651762495,7.0,1.7061476768757244,0.0
166998.0,0.0,0.0,"[[0. 0. 0.]
 [0. 0. 0.]
 [0. 0. 0.]]","[[0. 0. 0.]
 [0. 0. 0.]
 [0. 0. 0.]]",0.0,0.0,0.0,0.0,0.0,0.6140290875434877,2.2743637402610735,7.0,1.6047743205247391,0.0
166999.0,54.439,7.621460000000001,"[[0. 0. 1.]
 [0. 0. 0.]
 [0. 1. 0.]]","[[0. 0. 1.]
 [0. 0. 0.]
 [0. 1. 0.]]",0.0,0.0,0.0,0.0,0.0,-0.31075183330037004,-1.1192038028146127,9.0,1.6683824498114108,0.0
167000.0,43.551199999999994,6.097168,"[[1. 0. 0.]
 [0. 0. 0.]
 [0. 0. 0.]]","[[0. 0. 0.]
 [0. 0. 0.]
 [0. 0. 0.]]",1.0,0.0,0.0,1.0,1.0,0.08808739944437165,0.4018194813054457,9.0,1.3722449403617474,0.0
167001.0,95.18740000000001,13.326236000000003,"[[1. 0. 0.]
 [0. 1. 1.]
 [0. 0. 0.]]","[[0. 0. 0.]
 [0. 0. 0.]
 [0. 0. 0.]]",2.0,1.0,2.0,3.0,2.0,0.5634212526436494,2.401977484270406,12.0,1.1429493047671726,0.0
167002.0,2.9105999999999987,0.40748399999999985,"[[1. 0. 0.]
 [0. 0. 0.]
 [0. 0. 0.]]","[[0. 0. 0.]
 [0. 0. 0.]
 [0. 0. 0.]]",1.0,0.0,1.0,1.0,1.0,1.2159360157558676,4.185738140637999,12.0,1.0458761457143346,0.0
167003.0,17.032400000000003,2.3845360000000007,"[[0. 0. 0.]
 [0. 0. 0.]
 [0. 0. 1.]]","[[0. 0. 0.]
 [0. 0. 0.]
 [0. 0. 0.]]",1.0,0.0,1.0,1.0,1.0,0.5927941686812481,1.6840096743896895,10.0,0.8351253584216067,0.6053572115702046
167004.0,153.1678,21.443492000000003,"[[1. 0. 0.]
 [1. 1. 0.]
 [2. 0. 0.]]","[[0. 1. 0.]
 [0. 0. 0.]
 [0. 0. 0.]]",4.0,0.0,1.0,1.0,3.0,0.7255735455778198,2.0310254687814333,13.0,1.2378606681555626,1.073571704625885
167005.0,67.5906,9.462684,"[[0. 0. 1.]
 [0. 0. 1.]
 [1. 0. 1.]]","[[0. 2. 0.]
 [0. 0. 0.]
 [0. 0. 0.]]",1.0,0.0,1.0,1.0,0.0,0.6369138258307426,1.6962289009524336,13.0,1.0519486902154151,0.0
167006.0,126.66499999999999,17.7331,"[[0. 1. 1.]
 [0. 2. 1.]
 [2. 0. 0.]]","[[0. 1. 1.]
 [0. 0. 0.]
 [0. 0. 0.]]",3.0,0.0,3.0,3.0,2.0,1.6025034715437916,5.131857117271839,17.0,1.8074388064839757,0.4682144930556804
167007.0,73.51960000000001,10.292744000000003,"[[0. 0. 0.]
 [1. 0. 1.]
 [0. 0. 1.]]","[[0. 0. 0.]
 [0. 0. 0.]
 [0. 0. 0.]]",1.0,0.0,2.0,2.0,1.0,1.8800292114550647,6.81172183894399,17.0,1.7215563952709039,0.0
167008.0,14.337400000000002,2.0072360000000007,"[[0. 0. 1.]
 [0. 0. 0.]
 [0. 0. 0.]]","[[0. 0. 0.]
 [0. 0. 0.]
 [0. 0. 0.]]",0.0,0.0,1.0,1.0,0.0,0.8757703270915761,12.333648670496085,11.0,1.5631259449702712,1.8842861726796958
167009.0,41.71860000000001,5.840604000000002,"[[0. 0. 0.]
 [0. 0. 0.]
 [0. 1. 0.]]","[[0. 0. 0.]
 [0. 0. 0.]
 [0. 0. 0.]]",0.0,0.0,1.0,1.0,0.0,0.7363592482757662,7.168604553814233,10.0,1.3825395444686759,0.0
167010.0,42.68879999999999,5.976432,"[[0. 0. 0.]
 [1. 0. 0.]
 [0. 1. 0.]]","[[0. 0. 0.]
 [0. 0. 0.]
 [0. 0. 0.]]",2.0,0.0,0.0,0.0,2.0,0.6460341761105409,2.86218981384014,9.0,2.652076759337197,0.40535723402690543
167011.0,0.0,0.0,"[[0. 0. 0.]
 [0. 0. 0.]
 [0. 0. 0.]]","[[0. 0. 0.]
 [0. 0. 0.]
 [0. 0. 0.]]",0.0,0.0,0.0,0.0,0.0,0.46876906043452526,1.9984562584444678,7.0,2.5084459405545134,0.40535723402690543
167012.0,0.0,0.0,"[[0. 0. 0.]
 [0. 0. 0.]
 [0. 0. 0.]]","[[0. 0. 0.]
 [0. 0. 0.]
 [0. 0. 0.]]",0.0,0.0,0.0,0.0,0.0,0.25820545139845874,0.9357365558680144,6.0,2.34356025368861,0.0
167013.0,0.0,0.0,"[[0. 0. 0.]
 [0. 0. 0.]
 [0. 0. 0.]]","[[0. 0. 0.]
 [0. 0. 0.]
 [0. 0. 0.]]",0.0,0.0,0.0,0.0,0.0,0.2237550355792046,0.906655404166937,4.0,2.248652627675288,0.0
167014.0,0.0,0.0,"[[0. 0. 0.]
 [0. 0. 0.]
 [0. 0. 0.]]","[[0. 0. 0.]
 [0. 0. 0.]
 [0. 0. 0.]]",0.0,0.0,0.0,0.0,0.0,0.024519014924764635,0.09668337965133192,4.0,2.095785432017038,0.0
167015.0,77.6,10.864,"[[0. 0. 0.]
 [0. 0. 0.]
 [1. 0. 0.]]","[[0. 0. 0.]
 [0. 0. 0.]
 [0. 0. 0.]]",1.0,0.0,0.0,0.0,1.0,0.33667924273014066,1.2303606246330259,5.0,2.2657878536498504,0.0
167016.0,0.0,0.0,"[[0. 0. 0.]
 [0. 0. 0.]
 [0. 0. 0.]]","[[0. 0. 0.]
 [0. 0. 0.]
 [0. 0. 0.]]",0.0,0.0,0.0,0.0,0.0,0.024228193834424018,0.09105924370729904,5.0,2.0728360554925924,0.0
167017.0,0.0,0.0,"[[0. 0. 0.]
 [0. 0. 0.]
 [0. 0. 0.]]","[[0. 0. 0.]
 [0. 0. 0.]
 [0. 0. 0.]]",0.0,0.0,0.0,0.0,0.0,0.6703869460225105,2.243382876169729,5.0,2.067857712517323,0.0
167018.0,0.0,0.0,"[[0. 0. 0.]
 [0. 0. 0.]
 [0. 0. 0.]]","[[0. 0. 0.]
 [0. 0. 0.]
 [0. 0. 0.]]",0.0,0.0,0.0,0.0,0.0,0.3473376757800579,1.24708119112072,5.0,1.968901400016976,0.0
167019.0,0.0,0.0,"[[0. 0. 0.]
 [0. 0. 0.]
 [0. 0. 0.]]","[[0. 0. 0.]
 [0. 0. 0.]
 [0. 0. 0.]]",0.0,0.0,0.0,0.0,0.0,0.12963732200860978,0.4709464633928776,5.0,1.8066140755103897,0.0
167020.0,0.0,0.0,"[[0. 0. 0.]
 [0. 0. 0.]
 [0. 0. 0.]]","[[0. 0. 0.]
 [0. 0. 0.]
 [0. 0. 0.]]",0.0,0.0,0.0,0.0,0.0,0.5476351082921028,1.984191524363947,5.0,1.7659261070135466,0.0
167021.0,0.0,0.0,"[[0. 0. 0.]
 [0. 0. 0.]
 [0. 0. 0.]]","[[0. 0. 0.]
 [0. 0. 0.]
 [0. 0. 0.]]",0.0,0.0,0.0,0.0,0.0,0.5022179764422782,1.9638731750798846,5.0,1.7120258819785732,0.0
167022.0,0.0,0.0,"[[0. 0. 0.]
 [0. 0. 0.]
 [0. 0. 0.]]","[[0. 0. 0.]
 [0. 0. 0.]
 [0. 0. 0.]]",0.0,0.0,0.0,0.0,0.0,0.04857290774136599,0.2005089631563588,5.0,1.5261561824124248,0.0
167023.0,0.0,0.0,"[[0. 0. 0.]
 [0. 0. 0.]
 [0. 0. 0.]]","[[0. 0. 0.]
 [0. 0. 0.]
 [0. 0. 0.]]",0.0,0.0,0.0,0.0,0.0,0.03926380676856302,0.147349214041063,5.0,1.3375783807450978,0.0
167024.0,21.559999999999995,3.0183999999999997,"[[0. 0. 0.]
 [0. 0. 0.]
 [0. 1. 0.]]","[[0. 0. 0.]
 [0. 1. 0.]
 [0. 0. 0.]]",0.0,0.0,0.0,0.0,0.0,-0.04391311346811375,-0.20382710747359678,6.0,1.1642769189396036,0.0
167025.0,19.188399999999994,2.6863759999999997,"[[0. 0. 0.]
 [1. 0. 0.]
 [0. 0. 0.]]","[[0. 0. 0.]
 [0. 0. 0.]
 [0. 0. 0.]]",1.0,0.0,0.0,0.0,1.0,0.1715583801686338,0.9583937349740559,6.0,1.062984811352297,0.0
167026.0,51.744,7.244160000000001,"[[0. 0. 0.]
 [0. 0. 1.]
 [1. 0. 0.]]","[[0. 0. 0.]
 [0. 0. 0.]
 [0. 0. 0.]]",1.0,0.0,1.0,1.0,1.0,0.3776083468667674,1.4920061001399714,7.0,0.9008345122589929,0.0
167027.0,0.0,0.0,"[[0. 0. 0.]
 [0. 0. 0.]
 [0. 0. 0.]]","[[0. 0. 0.]
 [0. 0. 0.]
 [0. 0. 0.]]",0.0,0.0,0.0,0.0,0.0,0.6409374415484745,2.289428541211146,7.0,0.8072890407094584,0.0
167028.0,79.233,11.092620000000002,"[[0. 0. 1.]
 [0. 0. 0.]
 [0. 1. 1.]]","[[0. 0. 0.]
 [0. 0. 0.]
 [0. 0. 0.]]",1.0,0.0,3.0,3.0,1.0,0.7750755483197654,2.766709677282235,8.0,0.7387655638570267,0.42821439560548585
167029.0,23.9316,3.3504240000000003,"[[0. 0. 0.]
 [0. 0. 0.]
 [0. 0. 1.]]","[[0. 0. 0.]
 [0. 0. 0.]
 [0. 0. 0.]]",0.0,0.0,1.0,1.0,0.0,0.4838782590512979,1.7276389361167541,5.0,0.7107301483083134,0.6053572115702046
167030.0,0.0,0.0,"[[0. 0. 0.]
 [0. 0. 0.]
 [0. 0. 0.]]","[[0. 0. 0.]
 [0. 0. 0.]
 [0. 0. 0.]]",0.0,0.0,0.0,0.0,0.0,0.43691530752440644,1.5858278001905857,4.0,0.6778327832245042,0.0
167031.0,93.5704,13.099856000000003,"[[0. 0. 0.]
 [1. 1. 0.]
 [0. 0. 0.]]","[[0. 0. 0.]
 [0. 1. 0.]
 [0. 0. 0.]]",1.0,0.0,0.0,0.0,1.0,0.05025333048567385,0.2807352054251684,4.0,1.0642233617609467,0.0
167032.0,75.8912,10.624768000000001,"[[1. 0. 0.]
 [0. 0. 0.]
 [0. 1. 1.]]","[[0. 0. 0.]
 [0. 2. 0.]
 [0. 0. 0.]]",1.0,0.0,0.0,1.0,1.0,-0.07020071405462062,-0.25384578202150815,6.0,1.0411727637038488,0.0
167033.0,0.0,0.0,"[[0. 0. 0.]
 [0. 0. 0.]
 [0. 0. 0.]]","[[0. 0. 0.]
 [0. 0. 0.]
 [0. 0. 0.]]",0.0,0.0,0.0,0.0,0.0,0.208646428892714,1.0347193701647475,6.0,0.8618699066544562,0.0
167034.0,29.645000000000003,4.1503000000000005,"[[0. 1. 0.]
 [0. 0. 0.]
 [0. 0. 0.]]","[[0. 1. 0.]
 [0. 0. 0.]
 [0. 0. 0.]]",0.0,0.0,0.0,0.0,0.0,0.4458665368824293,7.089991322889637,7.0,1.280883823748802,0.0
167035.0,0.0,0.0,"[[0. 0. 0.]
 [0. 0. 0.]
 [0. 0. 0.]]","[[0. 0. 0.]
 [0. 0. 0.]
 [0. 0. 0.]]",0.0,0.0,0.0,0.0,0.0,0.532989019997967,2.2142495846795542,6.0,1.1959351750209382,0.42821439560548585
167036.0,0.0,0.0,"[[0. 0. 0.]
 [0. 0. 0.]
 [0. 0. 0.]]","[[0. 0. 0.]
 [0. 0. 0.]
 [0. 0. 0.]]",0.0,0.0,0.0,0.0,0.0,0.4722905263594802,1.764477406479018,6.0,1.0933287826891507,0.0
167037.0,100.793,14.111020000000002,"[[0. 0. 0.]
 [0. 1. 0.]
 [1. 0. 0.]]","[[0. 0. 0.]
 [0. 1. 0.]
 [1. 0. 0.]]",0.0,0.0,0.0,0.0,0.0,-0.21752890988723275,-0.48099992554264903,5.0,1.2534383855403164,0.42821439560548585
167038.0,0.0,0.0,"[[0. 0. 0.]
 [0. 0. 0.]
 [0. 0. 0.]]","[[0. 0. 0.]
 [0. 0. 0.]
 [0. 0. 0.]]",0.0,0.0,0.0,0.0,0.0,0.3106334931948883,1.1279723404892785,5.0,1.1438044926515565,0.0
167039.0,0.0,0.0,"[[0. 0. 0.]
 [0. 0. 0.]
 [0. 0. 0.]]","[[0. 0. 0.]
 [0. 0. 0.]
 [0. 0. 0.]]",0.0,0.0,0.0,0.0,0.0,0.057152843952178956,0.21100829987144468,5.0,0.960430774528554,0.0
167040.0,0.0,0.0,"[[0. 0. 0.]
 [0. 0. 0.]
 [0. 0. 0.]]","[[0. 0. 0.]
 [0. 0. 0.]
 [0. 0. 0.]]",0.0,0.0,0.0,0.0,0.0,0.30225176423788075,0.8922472080302215,5.0,0.8483585604886649,0.0
167041.0,0.0,0.0,"[[0. 0. 0.]
 [0. 0. 0.]
 [0. 0. 0.]]","[[0. 0. 0.]
 [0. 0. 0.]
 [0. 0. 0.]]",0.0,0.0,0.0,0.0,0.0,0.35217710357904436,1.2881229740507125,5.0,0.7508100815298414,0.0
167042.0,0.0,0.0,"[[0. 0. 0.]
 [0. 0. 0.]
 [0. 0. 0.]]","[[0. 0. 0.]
 [0. 0. 0.]
 [0. 0. 0.]]",0.0,0.0,0.0,0.0,0.0,0.3006132279634476,1.0682591668909074,5.0,0.6382612023919353,0.0
167043.0,0.0,0.0,"[[0. 0. 0.]
 [0. 0. 0.]
 [0. 0. 0.]]","[[0. 0. 0.]
 [0. 0. 0.]
 [0. 0. 0.]]",0.0,0.0,0.0,0.0,0.0,0.2941569281788746,1.0556703838483452,5.0,0.5238341269530624,0.0
167044.0,0.0,0.0,"[[0. 0. 0.]
 [0. 0. 0.]
 [0. 0. 0.]]","[[0. 0. 0.]
 [0. 0. 0.]
 [0. 0. 0.]]",0.0,0.0,0.0,0.0,0.0,0.18496545526385308,0.6424960054045201,5.0,0.3776422593934561,0.0
167045.0,0.0,0.0,"[[0. 0. 0.]
 [0. 0. 0.]
 [0. 0. 0.]]","[[0. 0. 0.]
 [0. 0. 0.]
 [0. 0. 0.]]",0.0,0.0,0.0,0.0,0.0,0.13113472179025457,0.5768878680996878,5.0,0.21579054209607557,0.0
167046.0,21.021,2.9429400000000006,"[[1. 0. 1.]
 [0. 0. 0.]
 [0. 0. 0.]]","[[0. 0. 0.]
 [0. 0. 0.]
 [0. 0. 0.]]",1.0,0.0,2.0,2.0,1.0,0.31865340990460456,1.152760575670895,6.0,0.11048971588650597,0.42821439560548585
167047.0,118.25659999999999,16.555924,"[[1. 1. 0.]
 [1. 0. 0.]
 [1. 0. 0.]]","[[0. 1. 0.]
 [0. 0. 0.]
 [0. 0. 0.]]",3.0,0.0,0.0,1.0,3.0,0.2797230217275066,5.617062054705714,8.0,0.23237097402669263,0.42821439560548585
167048.0,42.149799999999985,5.9009719999999986,"[[0. 0. 0.]
 [0. 0. 0.]
 [0. 2. 0.]]","[[0. 0. 0.]
 [0. 1. 0.]
 [0. 1. 0.]]",0.0,0.0,0.0,0.0,0.0,0.188973707467606,3.9732855837308967,7.0,0.16853380637010681,0.3539287550364296
167049.0,17.140199999999997,2.399628,"[[1. 0. 0.]
 [0. 0. 0.]
 [0. 0. 0.]]","[[0. 0. 0.]
 [0. 0. 0.]
 [0. 0. 0.]]",1.0,0.0,1.0,1.0,1.0,0.5447709051268743,3.837802072437804,7.0,0.06341261513428852,0.0
167050.0,75.2444,10.534216,"[[1. 0. 0.]
 [0. 0. 0.]
 [0. 1. 1.]]","[[0. 0. 0.]
 [0. 0. 0.]
 [0. 2. 0.]]",1.0,0.0,0.0,1.0,1.0,0.35019022656630394,1.4495073858032455,9.0,0.042787510017262595,0.0
167051.0,56.810599999999994,7.9534839999999996,"[[0. 0. 0.]
 [0. 1. 1.]
 [0. 0. 1.]]","[[0. 0. 0.]
 [0. 0. 0.]
 [0. 0. 0.]]",1.0,0.0,3.0,3.0,1.0,1.0744393619276593,3.869700805918658,10.0,0.024551688032581644,0.40535723402690543
167052.0,41.718599999999995,5.840604,"[[0. 0. 0.]
 [1. 0. 0.]
 [0. 1. 0.]]","[[0. 0. 0.]
 [0. 1. 0.]
 [0. 0. 0.]]",1.0,0.0,0.0,0.0,1.0,0.9284854003642418,3.4116267550983697,8.0,0.059448526581441424,0.8964288886611662
167053.0,25.440799999999992,3.561711999999999,"[[0. 0. 0.]
 [0. 0. 0.]
 [0. 1. 0.]]","[[0. 0. 0.]
 [0. 0. 0.]
 [0. 0. 0.]]",0.0,0.0,1.0,1.0,0.0,0.7117356447373253,2.275276509096282,7.0,0.012098895959572501,0.0
167054.0,59.7212,8.360968000000002,"[[0. 0. 0.]
 [0. 0. 0.]
 [0. 1. 0.]]","[[0. 0. 0.]
 [0. 0. 0.]
 [0. 0. 0.]]",0.0,0.0,1.0,1.0,0.0,0.8977657416980176,3.1924549774781505,7.0,0.011667111726268624,0.0
167055.0,10.133200000000002,1.4186480000000004,"[[0. 0. 0.]
 [0. 0. 0.]
 [0. 0. 1.]]","[[0. 0. 0.]
 [0. 0. 0.]
 [0. 0. 0.]]",1.0,0.0,1.0,1.0,1.0,0.7766443034409517,2.8257426336395586,6.0,1.7763568394002505e-17,0.4682144930556804
167056.0,67.4828,9.447592,"[[0. 1. 0.]
 [0. 0. 1.]
 [0. 0. 1.]]","[[0. 0. 0.]
 [0. 0. 1.]
 [0. 0. 1.]]",0.0,0.0,1.0,1.0,0.0,-0.0018856470327803243,-0.017271018302641546,4.0,0.9463735631992801,1.3017861226880716
167057.0,89.90520000000001,12.586728000000003,"[[0. 1. 0.]
 [0. 1. 1.]
 [0. 0. 0.]]","[[0. 1. 0.]
 [0. 0. 1.]
 [0. 0. 0.]]",0.0,0.0,1.0,1.0,0.0,0.22507081370392973,1.0997860240828803,7.0,1.5163644902942826,0.0
167058.0,38.269,5.35766,"[[0. 0. 1.]
 [0. 0. 0.]
 [0. 0. 0.]]","[[0. 0. 0.]
 [0. 0. 0.]
 [0. 0. 0.]]",0.0,0.0,1.0,1.0,0.0,0.9520027527158157,3.6206568691287897,8.0,1.4913107456297927,0.0
167059.0,93.35479999999998,13.069671999999999,"[[0. 0. 0.]
 [0. 2. 0.]
 [0. 0. 0.]]","[[0. 0. 0.]
 [0. 2. 0.]
 [0. 0. 0.]]",0.0,0.0,0.0,0.0,0.0,0.15402889022940164,0.6321345655014643,9.0,2.0276620057595656,0.0
167060.0,139.585,19.541900000000002,"[[0. 0. 0.]
 [1. 0. 0.]
 [0. 1. 0.]]","[[0. 0. 0.]
 [0. 0. 0.]
 [0. 1. 0.]]",1.0,0.0,0.0,0.0,1.0,0.29240076571081,1.134281050345374,9.0,2.3147834158958456,0.0
167061.0,0.0,0.0,"[[0. 0. 0.]
 [0. 0. 0.]
 [0. 0. 0.]]","[[0. 0. 0.]
 [0. 0. 0.]
 [0. 0. 0.]]",0.0,0.0,0.0,0.0,0.0,0.38195710858362786,1.2971263407500002,9.0,2.0658982111201736,0.0
167062.0,0.0,0.0,"[[0. 0. 0.]
 [0. 0. 0.]
 [0. 0. 0.]]","[[0. 0. 0.]
 [0. 0. 0.]
 [0. 0. 0.]]",0.0,0.0,0.0,0.0,0.0,0.06823315295577048,0.2475498789235353,8.0,1.765747855616398,0.0
167063.0,0.0,0.0,"[[0. 0. 0.]
 [0. 0. 0.]
 [0. 0. 0.]]","[[0. 0. 0.]
 [0. 0. 0.]
 [0. 0. 0.]]",0.0,0.0,0.0,0.0,0.0,0.27258202278614047,0.8046621312646844,8.0,1.5250444440632753,0.0
167064.0,0.0,0.0,"[[0. 0. 0.]
 [0. 0. 0.]
 [0. 0. 0.]]","[[0. 0. 0.]
 [0. 0. 0.]
 [0. 0. 0.]]",0.0,0.0,0.0,0.0,0.0,0.7392072095870972,1.0597274556640626,8.0,1.4200865413977035,0.0
167065.0,0.0,0.0,"[[0. 0. 0.]
 [0. 0. 0.]
 [0. 0. 0.]]","[[0. 0. 0.]
 [0. 0. 0.]
 [0. 0. 0.]]",0.0,0.0,0.0,0.0,0.0,0.1317488286586113,0.454902355592453,8.0,1.1384134733711178,0.0
167066.0,0.0,0.0,"[[0. 0. 0.]
 [0. 0. 0.]
 [0. 0. 0.]]","[[0. 0. 0.]
 [0. 0. 0.]
 [0. 0. 0.]]",0.0,0.0,0.0,0.0,0.0,0.04240227791143901,0.14864542544634057,8.0,0.8307486814908092,0.0
167067.0,0.0,0.0,"[[0. 0. 0.]
 [0. 0. 0.]
 [0. 0. 0.]]","[[0. 0. 0.]
 [0. 0. 0.]
 [0. 0. 0.]]",0.0,0.0,0.0,0.0,0.0,0.4790779966574958,1.7507426309851526,8.0,0.6501168259729898,0.0
167068.0,0.0,0.0,"[[0. 0. 0.]
 [0. 0. 0.]
 [0. 0. 0.]]","[[0. 0. 0.]
 [0. 0. 0.]
 [0. 0. 0.]]",0.0,0.0,0.0,0.0,0.0,0.1792509613719964,0.33512759738108444,8.0,0.3822625601902978,0.0
167069.0,17.4636,2.444904,"[[0. 1. 0.]
 [0. 0. 0.]
 [0. 0. 0.]]","[[0. 1. 0.]
 [0. 0. 0.]
 [0. 0. 0.]]",0.0,0.0,0.0,0.0,0.0,0.07499255050612358,0.3241478003076686,7.0,0.21858586306608216,1.0964288662041886
167070.0,57.349599999999995,8.028944000000001,"[[0. 0. 0.]
 [0. 1. 0.]
 [0. 0. 1.]]","[[0. 0. 0.]
 [0. 1. 0.]
 [0. 0. 1.]]",0.0,0.0,0.0,0.0,0.0,0.26376009470077816,0.603694104751141,7.0,0.47983818749694307,0.8335716296323913
167071.0,167.28959999999998,23.420544,"[[2. 1. 0.]
 [1. 0. 0.]
 [0. 0. 0.]]","[[0. 0. 0.]
 [0. 0. 0.]
 [0. 0. 0.]]",3.0,1.0,1.0,3.0,3.0,0.650011964585016,2.3920440296728587,10.0,0.608029011654057,0.6282143731485081
167072.0,48.294399999999996,6.761216,"[[0. 0. 0.]
 [0. 0. 1.]
 [0. 0. 0.]]","[[0. 0. 0.]
 [0. 0. 0.]
 [0. 0. 0.]]",0.0,0.0,1.0,1.0,0.0,1.111907970745717,10.66453172901632,10.0,0.5522931485982654,0.6682144705986472
167073.0,7.007000000000003,0.9809800000000005,"[[0. 0. 0.]
 [0. 0. 0.]
 [0. 1. 0.]]","[[0. 0. 0.]
 [0. 0. 0.]
 [0. 0. 0.]]",1.0,0.0,0.0,0.0,1.0,0.4435474822137277,1.5829322545243514,9.0,0.33532514342407715,0.40535723402690543
167074.0,57.349599999999995,8.028944000000001,"[[0. 1. 0.]
 [1. 0. 0.]
 [0. 0. 0.]]","[[0. 0. 0.]
 [0. 0. 0.]
 [0. 0. 0.]]",1.0,0.0,1.0,1.0,1.0,0.8190773608950443,2.7403052186104606,10.0,0.200802193866272,0.0
167075.0,0.0,0.0,"[[0. 0. 0.]
 [0. 0. 0.]
 [0. 0. 0.]]","[[0. 0. 0.]
 [0. 0. 0.]
 [0. 0. 0.]]",0.0,0.0,0.0,0.0,0.0,1.0011204595553378,3.185965750488907,9.0,0.13203723664600664,0.0
167076.0,76.21459999999999,10.670043999999999,"[[0. 0. 1.]
 [2. 0. 0.]
 [0. 0. 0.]]","[[0. 1. 0.]
 [0. 0. 0.]
 [0. 0. 0.]]",2.0,0.0,0.0,0.0,2.0,0.9374189379326684,4.792085610711801,11.0,0.0819409276809648,0.0
167077.0,0.0,0.0,"[[0. 0. 0.]
 [0. 0. 0.]
 [0. 0. 0.]]","[[0. 0. 0.]
 [0. 0. 0.]
 [0. 0. 0.]]",0.0,0.0,0.0,0.0,0.0,1.0979764186757177,9.672733057965603,9.0,0.041352249477537316,0.6682144705986472
167078.0,6.3602000000000025,0.8904280000000004,"[[0. 0. 0.]
 [0. 1. 0.]
 [0. 0. 0.]]","[[0. 0. 0.]
 [0. 0. 0.]
 [0. 0. 0.]]",1.0,0.0,1.0,1.0,1.0,0.6365953802927685,13.782544621490555,6.0,0.002943632835433627,0.42821439560548585
167079.0,35.358399999999996,4.950176,"[[0. 0. 0.]
 [0. 0. 0.]
 [0. 0. 1.]]","[[0. 0. 0.]
 [0. 0. 0.]
 [0. 0. 1.]]",0.0,0.0,0.0,0.0,0.0,0.6700003073261607,2.8252572959329543,6.0,0.42656427858027757,0.0
167080.0,82.7904,11.590656000000003,"[[0. 0. 0.]
 [0. 0. 0.]
 [0. 2. 0.]]","[[0. 0. 0.]
 [0. 0. 0.]
 [0. 1. 0.]]",0.0,0.0,1.0,1.0,0.0,-0.09365769855678088,-0.33297184990906736,3.0,0.8093456655609202,0.8335716296323913
167081.0,0.0,0.0,"[[0. 0. 0.]
 [0. 0. 0.]
 [0. 0. 0.]]","[[0. 0. 0.]
 [0. 0. 0.]
 [0. 0. 0.]]",0.0,0.0,0.0,0.0,0.0,0.1386779567221628,0.3652222668234879,3.0,0.7295254091375232,0.0
167082.0,0.0,0.0,"[[0. 0. 0.]
 [0. 0. 0.]
 [0. 0. 0.]]","[[0. 0. 0.]
 [0. 0. 0.]
 [0. 0. 0.]]",0.0,0.0,0.0,0.0,0.0,0.2105572220292248,0.859410357434484,3.0,0.6707784191823885,0.0
167083.0,122.76819999999998,17.187548,"[[0. 0. 0.]
 [0. 0. 2.]
 [0. 0. 1.]]","[[0. 0. 0.]
 [0. 0. 1.]
 [0. 0. 0.]]",1.0,1.0,1.0,2.0,1.0,0.07658060379387471,0.22618847136558834,5.0,2.156487210065261,0.0
167084.0,0.0,0.0,"[[0. 0. 0.]
 [0. 0. 0.]
 [0. 0. 0.]]","[[0. 0. 0.]
 [0. 0. 0.]
 [0. 0. 0.]]",0.0,0.0,0.0,0.0,0.0,0.2434628762020135,0.787651097088754,5.0,2.0273127740513015,0.0
167085.0,0.0,0.0,"[[0. 0. 0.]
 [0. 0. 0.]
 [0. 0. 0.]]","[[0. 0. 0.]
 [0. 0. 0.]
 [0. 0. 0.]]",0.0,0.0,0.0,0.0,0.0,0.0502539952993393,0.10018636502876282,4.0,1.881932118138382,0.0
167086.0,77.6,10.864,"[[0. 0. 1.]
 [0. 0. 0.]
 [0. 0. 0.]]","[[0. 0. 0.]
 [0. 0. 0.]
 [0. 0. 0.]]",0.0,1.0,0.0,1.0,0.0,0.1212005023509264,0.3936592316358089,5.0,1.7892498152972414,0.0
167087.0,0.0,0.0,"[[0. 0. 0.]
 [0. 0. 0.]
 [0. 0. 0.]]","[[0. 0. 0.]
 [0. 0. 0.]
 [0. 0. 0.]]",0.0,0.0,0.0,0.0,0.0,0.3350126490741968,0.8822893126018048,5.0,1.6867080404824621,0.0
167088.0,0.0,0.0,"[[0. 0. 0.]
 [0. 0. 0.]
 [0. 0. 0.]]","[[0. 0. 0.]
 [0. 0. 0.]
 [0. 0. 0.]]",0.0,0.0,0.0,0.0,0.0,0.43690732058882714,0.0006990517129421235,5.0,1.6138083519264848,0.0
167089.0,0.0,0.0,"[[0. 0. 0.]
 [0. 0. 0.]
 [0. 0. 0.]]","[[0. 0. 0.]
 [0. 0. 0.]
 [0. 0. 0.]]",0.0,0.0,0.0,0.0,0.0,0.3661059407183591,1.3039229184625079,5.0,1.52031189831728,0.0
167090.0,0.0,0.0,"[[0. 0. 0.]
 [0. 0. 0.]
 [0. 0. 0.]]","[[0. 0. 0.]
 [0. 0. 0.]
 [0. 0. 0.]]",0.0,0.0,0.0,0.0,0.0,0.1842804084122181,0.8198266809442758,5.0,1.3739207444008343,0.0
167091.0,0.0,0.0,"[[0. 0. 0.]
 [0. 0. 0.]
 [0. 0. 0.]]","[[0. 0. 0.]
 [0. 0. 0.]
 [0. 0. 0.]]",0.0,0.0,0.0,0.0,0.0,0.025507755219936375,0.11127503137145044,5.0,1.1813411822829978,0.0
167092.0,0.0,0.0,"[[0. 0. 0.]
 [0. 0. 0.]
 [0. 0. 0.]]","[[0. 0. 0.]
 [0. 0. 0.]
 [0. 0. 0.]]",0.0,0.0,0.0,0.0,0.0,0.1411167196595858,0.5038431358725852,5.0,1.0223933189112409,0.0
167093.0,77.6,10.864,"[[0. 0. 0.]
 [0. 0. 1.]
 [0. 0. 0.]]","[[0. 0. 0.]
 [0. 0. 0.]
 [0. 0. 0.]]",0.0,1.0,0.0,1.0,0.0,0.5621014117805463,4.888033876843631,6.0,1.1779730988132626,0.0
167094.0,139.8006,19.572084000000004,"[[1. 0. 0.]
 [0. 0. 2.]
 [0. 0. 0.]]","[[0. 0. 0.]
 [0. 0. 1.]
 [0. 0. 0.]]",1.0,1.0,1.0,2.0,1.0,0.19619018836482344,0.8949411632449786,8.0,1.2352774052076838,0.6682144705986472
167095.0,94.6484,13.250776,"[[0. 0. 0.]
 [0. 1. 0.]
 [0. 2. 0.]]","[[0. 0. 0.]
 [0. 1. 0.]
 [0. 1. 0.]]",0.0,0.0,1.0,1.0,0.0,1.3196945159101099,30.53773109815994,10.0,1.5479885371088071,0.0
167096.0,0.0,0.0,"[[0. 0. 0.]
 [0. 0. 0.]
 [0. 0. 0.]]","[[0. 0. 0.]
 [0. 0. 0.]
 [0. 0. 0.]]",0.0,0.0,0.0,0.0,0.0,0.1261177998246561,3.424047818119483,9.0,1.221999466666614,0.0
167097.0,0.0,0.0,"[[0. 0. 0.]
 [0. 0. 0.]
 [0. 0. 0.]]","[[0. 0. 0.]
 [0. 0. 0.]
 [0. 0. 0.]]",0.0,0.0,0.0,0.0,0.0,0.5770399774462175,5.023017595673834,8.0,1.069702707181124,0.6282143731485081
167098.0,45.06040000000001,6.308456000000001,"[[1. 0. 1.]
 [0. 0. 1.]
 [0. 0. 0.]]","[[0. 0. 0.]
 [0. 0. 0.]
 [0. 0. 0.]]",1.0,0.0,2.0,3.0,1.0,0.5873097358769142,2.1439154598450876,10.0,0.9133564485271354,0.4682144930556804
167099.0,101.5476,14.216664000000002,"[[1. 0. 0.]
 [0. 1. 0.]
 [0. 0. 2.]]","[[0. 0. 0.]
 [0. 1. 0.]
 [0. 0. 0.]]",2.0,0.0,2.0,3.0,2.0,0.43612164166278244,2.2706237151531106,11.0,0.9023996266787364,0.0
167100.0,33.418000000000006,4.678520000000002,"[[1. 0. 0.]
 [0. 0. 1.]
 [0. 0. 0.]]","[[0. 0. 0.]
 [0. 1. 0.]
 [0. 0. 0.]]",1.0,0.0,1.0,1.0,1.0,0.8390651418161343,29.02762639415753,12.0,0.8214627321476763,0.42821439560548585
167101.0,23.176999999999992,3.244779999999999,"[[0. 0. 0.]
 [0. 0. 0.]
 [0. 1. 0.]]","[[0. 0. 0.]
 [0. 0. 0.]
 [0. 0. 0.]]",0.0,0.0,1.0,1.0,0.0,0.7170614461061782,16.02833109252218,12.0,0.5840624255603827,0.0
167102.0,0.0,0.0,"[[0. 0. 0.]
 [0. 0. 0.]
 [0. 0. 0.]]","[[0. 0. 0.]
 [0. 0. 0.]
 [0. 0. 0.]]",0.0,0.0,0.0,0.0,0.0,0.7520971380328807,16.629770238472624,9.0,0.44285432026085714,0.0
167103.0,0.0,0.0,"[[0. 0. 0.]
 [0. 0. 0.]
 [0. 0. 0.]]","[[0. 0. 0.]
 [0. 0. 0.]
 [0. 0. 0.]]",0.0,0.0,0.0,0.0,0.0,0.8290686495778246,4.644110947475141,7.0,0.40403792741076977,0.4682144930556804
167104.0,90.9832,12.737648,"[[0. 1. 1.]
 [0. 0. 0.]
 [0. 1. 1.]]","[[0. 1. 0.]
 [0. 0. 0.]
 [0. 0. 0.]]",2.0,0.0,2.0,2.0,2.0,0.6990323233958594,3.7395433172384895,9.0,0.8691000733090228,0.6282143731485081
167105.0,21.8834,3.0636760000000005,"[[0. 0. 1.]
 [0. 0. 0.]
 [0. 0. 0.]]","[[0. 1. 0.]
 [0. 0. 0.]
 [0. 0. 0.]]",0.0,0.0,0.0,0.0,0.0,0.47782391858308926,10.680320228169212,5.0,0.8469033950786488,0.8564287912109717
167106.0,77.6,10.864,"[[0. 0. 0.]
 [1. 0. 0.]
 [0. 0. 0.]]","[[0. 0. 0.]
 [0. 0. 0.]
 [0. 0. 0.]]",1.0,0.0,0.0,0.0,1.0,0.43092229269444937,2.0687717427675127,5.0,1.0043219767010785,0.0
167107.0,0.0,0.0,"[[0. 0. 0.]
 [0. 0. 0.]
 [0. 0. 0.]]","[[0. 0. 0.]
 [0. 0. 0.]
 [0. 0. 0.]]",0.0,0.0,0.0,0.0,0.0,0.22191289409995063,0.8184147534406179,5.0,0.8688784549847006,0.0
167108.0,89.90520000000001,12.586728000000003,"[[0. 1. 0.]
 [0. 0. 1.]
 [0. 0. 0.]]","[[0. 1. 0.]
 [0. 0. 1.]
 [0. 0. 0.]]",0.0,0.0,0.0,0.0,0.0,0.09474675072482536,0.3472278920563399,6.0,1.2011198621374444,0.40535723402690543
167109.0,0.0,0.0,"[[0. 0. 0.]
 [0. 0. 0.]
 [0. 0. 0.]]","[[0. 0. 0.]
 [0. 0. 0.]
 [0. 0. 0.]]",0.0,0.0,0.0,0.0,0.0,0.10930225652456284,0.35212814961953165,5.0,1.0329168822173171,0.0
167110.0,0.0,0.0,"[[0. 0. 0.]
 [0. 0. 0.]
 [0. 0. 0.]]","[[0. 0. 0.]
 [0. 0. 0.]
 [0. 0. 0.]]",0.0,0.0,0.0,0.0,0.0,0.3238650956749916,1.1708370938842296,5.0,0.9271321827773149,0.0
167111.0,0.0,0.0,"[[0. 0. 0.]
 [0. 0. 0.]
 [0. 0. 0.]]","[[0. 0. 0.]
 [0. 0. 0.]
 [0. 0. 0.]]",0.0,0.0,0.0,0.0,0.0,0.1691109116077423,0.49069222112102506,5.0,0.7763280843359307,0.0
167112.0,0.0,0.0,"[[0. 0. 0.]
 [0. 0. 0.]
 [0. 0. 0.]]","[[0. 0. 0.]
 [0. 0. 0.]
 [0. 0. 0.]]",0.0,0.0,0.0,0.0,0.0,0.026025624677538873,0.07534938856641055,5.0,0.5838991751512148,0.0
167113.0,0.0,0.0,"[[0. 0. 0.]
 [0. 0. 0.]
 [0. 0. 0.]]","[[0. 0. 0.]
 [0. 0. 0.]
 [0. 0. 0.]]",0.0,0.0,0.0,0.0,0.0,0.029817325234413147,0.09136028451824164,5.0,0.39257330612849856,0.0
167114.0,0.0,0.0,"[[0. 0. 0.]
 [0. 0. 0.]
 [0. 0. 0.]]","[[0. 0. 0.]
 [0. 0. 0.]
 [0. 0. 0.]]",0.0,0.0,0.0,0.0,0.0,0.11749992749094963,0.38784376066212656,5.0,0.22675510321677486,0.0
167115.0,0.0,0.0,"[[0. 0. 0.]
 [0. 0. 0.]
 [0. 0. 0.]]","[[0. 0. 0.]
 [0. 0. 0.]
 [0. 0. 0.]]",0.0,0.0,0.0,0.0,0.0,0.4780681481992357,1.6369053394341828,5.0,0.16582947360200712,0.0
167116.0,0.0,0.0,"[[0. 0. 0.]
 [0. 0. 0.]
 [0. 0. 0.]]","[[0. 0. 0.]
 [0. 0. 0.]
 [0. 0. 0.]]",0.0,0.0,0.0,0.0,0.0,0.4233587475337752,1.3726984030035128,5.0,0.08898838197546902,0.0
167117.0,40.532799999999995,5.674592,"[[0. 0. 1.]
 [0. 0. 0.]
 [0. 0. 0.]]","[[0. 0. 1.]
 [0. 0. 0.]
 [0. 0. 0.]]",0.0,0.0,0.0,0.0,0.0,0.787885244971428,2.6409913411442263,6.0,0.4077913623307936,0.0
167118.0,23.716,3.3202400000000005,"[[0. 0. 0.]
 [0. 0. 1.]
 [0. 0. 0.]]","[[0. 0. 0.]
 [0. 0. 1.]
 [0. 0. 0.]]",0.0,0.0,0.0,0.0,0.0,0.3552523334835628,2.9875300236633695,6.0,0.5015690247693736,0.40535723402690543
167119.0,103.2724,14.458136000000001,"[[1. 1. 0.]
 [1. 0. 0.]
 [1. 0. 1.]]","[[0. 1. 0.]
 [0. 0. 0.]
 [1. 0. 1.]]",2.0,0.0,1.0,1.0,2.0,0.10153784045443637,0.9845921313185786,10.0,1.5044558670274193,0.0
167120.0,84.5152,11.832128,"[[0. 0. 1.]
 [0. 0. 1.]
 [0. 0. 1.]]","[[0. 1. 0.]
 [0. 1. 0.]
 [0. 0. 0.]]",0.0,0.0,1.0,1.0,0.0,0.4062128436596063,9.681514430645594,10.0,1.4286095293011665,0.6282143731485081
167121.0,1.1857999999999969,0.16601199999999958,"[[0. 0. 0.]
 [0. 0. 0.]
 [0. 0. 1.]]","[[0. 0. 0.]
 [0. 0. 0.]
 [0. 0. 0.]]",1.0,0.0,0.0,1.0,1.0,0.06876897940214616,0.45701112951490197,10.0,1.0827552357372137,0.40535723402690543
167122.0,25.009599999999992,3.501343999999999,"[[0. 0. 0.]
 [0. 0. 1.]
 [0. 0. 0.]]","[[0. 0. 0.]
 [0. 0. 0.]
 [0. 0. 0.]]",0.0,0.0,1.0,1.0,0.0,1.230944152921165,7.014412161005968,9.0,1.1080480802233708,0.40535723402690543
167123.0,7.114799999999999,0.996072,"[[0. 0. 0.]
 [1. 0. 0.]
 [0. 0. 0.]]","[[0. 0. 0.]
 [0. 0. 0.]
 [0. 0. 0.]]",1.0,0.0,0.0,0.0,1.0,0.7280966050903352,4.557884747865499,10.0,0.9334580017041957,0.0
167124.0,66.6204,9.326856000000001,"[[0. 1. 0.]
 [0. 0. 0.]
 [1. 0. 0.]]","[[0. 1. 0.]
 [0. 0. 0.]
 [0. 0. 0.]]",1.0,0.0,0.0,0.0,1.0,0.40382303523239477,30.242145579339947,9.0,0.7633377937718013,0.42821439560548585
167125.0,24.3628,3.4107920000000003,"[[0. 0. 1.]
 [0. 0. 0.]
 [0. 0. 0.]]","[[0. 0. 0.]
 [0. 0. 0.]
 [0. 0. 0.]]",0.0,0.0,1.0,1.0,0.0,0.6081217165475759,19.378649868191665,8.0,0.6498459294947326,0.40535723402690543
167126.0,0.0,0.0,"[[0. 0. 0.]
 [0. 0. 0.]
 [0. 0. 0.]]","[[0. 0. 0.]
 [0. 0. 0.]
 [0. 0. 0.]]",0.0,0.0,0.0,0.0,0.0,0.5982293631768141,2.9973684012611095,6.0,0.5838762896916241,0.9821431281849378
167127.0,79.8798,11.183172,"[[0. 0. 0.]
 [1. 0. 0.]
 [0. 1. 0.]]","[[0. 0. 0.]
 [0. 1. 0.]
 [0. 0. 0.]]",1.0,0.0,0.0,0.0,1.0,0.5837533970730315,2.089837161521453,7.0,0.5766038131690239,0.0
167128.0,7.438199999999995,1.0413479999999993,"[[0. 0. 1.]
 [0. 0. 0.]
 [0. 0. 0.]]","[[0. 0. 0.]
 [0. 0. 0.]
 [0. 0. 0.]]",0.0,0.0,1.0,1.0,0.0,0.44940708122465634,2.173332644802438,6.0,0.4797404186161966,0.0
167129.0,28.459199999999996,3.984288,"[[0. 0. 0.]
 [1. 0. 0.]
 [0. 0. 0.]]","[[0. 0. 0.]
 [0. 0. 0.]
 [0. 0. 0.]]",1.0,0.0,0.0,0.0,1.0,0.3474810453036209,1.9214311881109023,4.0,0.8752258136136136,1.01071444559711
167130.0,77.6,10.864,"[[0. 0. 0.]
 [0. 0. 0.]
 [0. 1. 0.]]","[[0. 0. 0.]
 [0. 0. 0.]
 [0. 0. 0.]]",0.0,1.0,0.0,1.0,0.0,0.32648937259466204,7.23134781572465,5.0,0.9622639093888324,0.0
167131.0,0.0,0.0,"[[0. 0. 0.]
 [0. 0. 0.]
 [0. 0. 0.]]","[[0. 0. 0.]
 [0. 0. 0.]
 [0. 0. 0.]]",0.0,0.0,0.0,0.0,0.0,0.16197336049377906,0.5772730567998285,4.0,0.8493834324415682,0.0
167132.0,43.8746,6.142444000000001,"[[0. 0. 0.]
 [0. 0. 0.]
 [0. 0. 1.]]","[[0. 0. 0.]
 [0. 0. 0.]
 [0. 0. 1.]]",0.0,0.0,0.0,0.0,0.0,0.07303621371090392,0.24248022952020104,5.0,0.9461810181893103,0.0
167133.0,155.2,21.728,"[[1. 0. 0.]
 [0. 0. 1.]
 [0. 0. 0.]]","[[0. 0. 0.]
 [0. 0. 0.]
 [0. 0. 0.]]",1.0,2.0,0.0,2.0,1.0,0.11204604724641477,0.3854384025276668,6.0,0.9627320355956028,0.42821439560548585
167134.0,0.0,0.0,"[[0. 0. 0.]
 [0. 0. 0.]
 [0. 0. 0.]]","[[0. 0. 0.]
 [0. 0. 0.]
 [0. 0. 0.]]",0.0,0.0,0.0,0.0,0.0,0.14123779320716856,0.5022415926446915,6.0,0.7638193936195066,0.0
167135.0,0.0,0.0,"[[0. 0. 0.]
 [0. 0. 0.]
 [0. 0. 0.]]","[[0. 0. 0.]
 [0. 0. 0.]
 [0. 0. 0.]]",0.0,0.0,0.0,0.0,0.0,0.6553257174491882,2.1756813819313052,6.0,0.7144596023319977,0.0
167136.0,21.559999999999995,3.0183999999999997,"[[0. 0. 0.]
 [0. 0. 1.]
 [0. 0. 0.]]","[[0. 0. 0.]
 [0. 0. 1.]
 [0. 0. 0.]]",0.0,0.0,0.0,0.0,0.0,0.4195312425639995,0.656482488364143,7.0,0.7954764825639529,0.0
167137.0,0.0,0.0,"[[0. 0. 0.]
 [0. 0. 0.]
 [0. 0. 0.]]","[[0. 0. 0.]
 [0. 0. 0.]
 [0. 0. 0.]]",0.0,0.0,0.0,0.0,0.0,0.3417466682344675,1.2387633230162978,7.0,0.6148936951412526,0.0
167138.0,0.0,0.0,"[[0. 0. 0.]
 [0. 0. 0.]
 [0. 0. 0.]]","[[0. 0. 0.]
 [0. 0. 0.]
 [0. 0. 0.]]",0.0,0.0,0.0,0.0,0.0,0.8081043556332588,3.200093248307705,7.0,0.5699785985982005,0.0
167139.0,0.0,0.0,"[[0. 0. 0.]
 [0. 0. 0.]
 [0. 0. 0.]]","[[0. 0. 0.]
 [0. 0. 0.]
 [0. 0. 0.]]",0.0,0.0,0.0,0.0,0.0,0.11979828019440175,0.39150077967530494,7.0,0.3248290073820266,0.0
167140.0,0.0,0.0,"[[0. 0. 0.]
 [0. 0. 0.]
 [0. 0. 0.]]","[[0. 0. 0.]
 [0. 0. 0.]
 [0. 0. 0.]]",0.0,0.0,0.0,0.0,0.0,0.23986056256066593,0.9498478277402371,7.0,0.11460662558149304,0.0
167141.0,3.341799999999999,0.46785199999999993,"[[0. 0. 0.]
 [0. 1. 0.]
 [0. 0. 0.]]","[[0. 0. 0.]
 [0. 0. 0.]
 [0. 0. 0.]]",1.0,0.0,1.0,1.0,1.0,0.9155933514531986,4.620450288773422,8.0,0.08856105509515086,0.0
167142.0,1.2936000000000014,0.1811040000000002,"[[0. 0. 0.]
 [0. 0. 0.]
 [0. 0. 1.]]","[[0. 0. 0.]
 [0. 0. 0.]
 [0. 0. 0.]]",1.0,0.0,0.0,1.0,1.0,0.41837260121510544,3.1806358634777174,6.0,0.0054694481759088465,0.0
167143.0,143.15840000000003,20.042176000000005,"[[1. 0. 0.]
 [0. 1. 1.]
 [1. 1. 0.]]","[[0. 0. 0.]
 [0. 0. 1.]
 [0. 0. 0.]]",3.0,0.0,1.0,2.0,3.0,0.8127138644074519,15.720486822006222,7.0,0.5106952996398948,1.3364289411972945
167144.0,90.01299999999999,12.60182,"[[0. 0. 0.]
 [0. 0. 1.]
 [2. 1. 0.]]","[[0. 0. 0.]
 [0. 0. 1.]
 [0. 1. 0.]]",2.0,0.0,0.0,0.0,1.0,0.026339584154899842,0.5856027065990572,9.0,0.5806512670343827,0.6282143731485081
167145.0,14.013999999999998,1.96196,"[[0. 0. 0.]
 [0. 0. 2.]
 [0. 0. 0.]]","[[0. 0. 0.]
 [0. 0. 0.]
 [0. 0. 0.]]",1.0,0.0,1.0,1.0,1.0,0.3338941806668493,1.40796498103597,8.0,0.4257841195920116,0.0
167146.0,4.527599999999996,0.6338639999999995,"[[0. 0. 0.]
 [1. 0. 0.]
 [0. 0. 0.]]","[[0. 0. 0.]
 [0. 0. 0.]
 [0. 0. 0.]]",1.0,0.0,0.0,0.0,1.0,0.7359719062681143,2.7207409430919647,8.0,0.3430850377790995,0.0
167147.0,43.2278,6.0518920000000005,"[[0. 0. 0.]
 [1. 0. 0.]
 [0. 1. 0.]]","[[0. 0. 0.]
 [0. 0. 0.]
 [0. 0. 0.]]",2.0,0.0,0.0,0.0,2.0,0.6833908286694159,2.4941031683119004,8.0,0.26148964248292955,0.0
167148.0,13.690600000000002,1.9166840000000005,"[[0. 1. 0.]
 [0. 0. 0.]
 [0. 0. 0.]]","[[0. 0. 0.]
 [0. 0. 0.]
 [0. 0. 0.]]",0.0,0.0,1.0,1.0,0.0,0.7545451877375309,3.8892277156743296,7.0,0.23019369709748402,0.0
167149.0,71.5792,10.021088,"[[0. 0. 1.]
 [0. 0. 0.]
 [0. 1. 1.]]","[[0. 0. 0.]
 [0. 0. 0.]
 [0. 0. 0.]]",2.0,0.0,2.0,3.0,2.0,0.5878858385409651,2.473353299909548,9.0,0.09561503194576482,0.0
167150.0,81.48079999999999,11.407312,"[[0. 1. 0.]
 [0. 0. 1.]
 [0. 0. 0.]]","[[0. 0. 0.]
 [0. 0. 0.]
 [0. 0. 0.]]",0.0,1.0,1.0,2.0,0.0,0.5872844265127877,2.890848861066546,8.0,0.6041207797698931,0.4682144930556804
167151.0,51.528400000000005,7.2139760000000015,"[[0. 1. 0.]
 [1. 0. 0.]
 [0. 0. 0.]]","[[0. 0. 0.]
 [0. 0. 0.]
 [0. 0. 0.]]",1.0,0.0,1.0,1.0,1.0,0.6243003981943669,2.2384915077657217,7.0,1.3545354410627997,0.0
167152.0,16.8168,2.3543520000000004,"[[0. 1. 0.]
 [0. 0. 0.]
 [0. 0. 0.]]","[[0. 1. 0.]
 [0. 0. 0.]
 [0. 0. 0.]]",0.0,0.0,0.0,0.0,0.0,0.31038808713678784,1.1067197634949306,4.0,1.3424301573207742,1.2564287462970163
167153.0,49.480199999999996,6.927228,"[[1. 1. 0.]
 [2. 0. 0.]
 [0. 0. 0.]]","[[0. 1. 0.]
 [0. 0. 0.]
 [0. 0. 0.]]",3.0,0.0,1.0,1.0,3.0,0.4500491865434353,1.6097359304285594,7.0,1.369753557042501,0.0
167154.0,235.8504,33.019056000000006,"[[0. 0. 0.]
 [0. 1. 0.]
 [0. 2. 2.]]","[[0. 0. 0.]
 [0. 1. 0.]
 [0. 1. 1.]]",1.0,1.0,0.0,1.0,1.0,-0.03588117391902923,-0.12865553720407122,10.0,2.721336375135256,0.0
167155.0,25.009599999999992,3.501343999999999,"[[0. 0. 0.]
 [0. 1. 0.]
 [0. 0. 0.]]","[[0. 0. 0.]
 [0. 0. 0.]
 [0. 0. 0.]]",0.0,0.0,1.0,1.0,0.0,-0.04954278652443581,-0.16804913189088627,8.0,2.4118803495324586,0.40535723402690543
167156.0,6.467999999999998,0.9055199999999999,"[[0. 0. 0.]
 [0. 0. 0.]
 [1. 0. 0.]]","[[0. 0. 0.]
 [0. 0. 0.]
 [0. 0. 0.]]",1.0,0.0,0.0,0.0,0.0,1.0340929667719843,2.7556509378539835,9.0,2.368707394411582,0.0
167157.0,0.0,0.0,"[[0. 0. 0.]
 [0. 0. 0.]
 [0. 0. 0.]]","[[0. 0. 0.]
 [0. 0. 0.]
 [0. 0. 0.]]",0.0,0.0,0.0,0.0,0.0,0.3217131419181822,1.1447840442016595,8.0,2.1422966720605077,0.0
167158.0,0.0,0.0,"[[0. 0. 0.]
 [0. 0. 0.]
 [0. 0. 0.]]","[[0. 0. 0.]
 [0. 0. 0.]
 [0. 0. 0.]]",0.0,0.0,0.0,0.0,0.0,0.2188867726325989,0.6438773303760528,6.0,1.965972824099082,0.40535723402690543
167159.0,0.0,0.0,"[[0. 0. 0.]
 [0. 0. 0.]
 [0. 0. 0.]]","[[0. 0. 0.]
 [0. 0. 0.]
 [0. 0. 0.]]",0.0,0.0,0.0,0.0,0.0,0.10269925880432129,0.2892011127929688,6.0,1.7558489721148844,0.0
167160.0,0.0,0.0,"[[0. 0. 0.]
 [0. 0. 0.]
 [0. 0. 0.]]","[[0. 0. 0.]
 [0. 0. 0.]
 [0. 0. 0.]]",0.0,0.0,0.0,0.0,0.0,0.05859166216850281,0.08779374659328461,6.0,1.532893819291176,0.0
167161.0,0.0,0.0,"[[0. 0. 0.]
 [0. 0. 0.]
 [0. 0. 0.]]","[[0. 0. 0.]
 [0. 0. 0.]
 [0. 0. 0.]]",0.0,0.0,0.0,0.0,0.0,0.12806602048873902,0.4453623928516388,6.0,1.3301493888879,0.0
167162.0,0.0,0.0,"[[0. 0. 0.]
 [0. 0. 0.]
 [0. 0. 0.]]","[[0. 0. 0.]
 [0. 0. 0.]
 [0. 0. 0.]]",0.0,0.0,0.0,0.0,0.0,0.3161158754825592,1.3115015442020392,6.0,1.1821103708464629,0.0
167163.0,0.0,0.0,"[[0. 0. 0.]
 [0. 0. 0.]
 [0. 0. 0.]]","[[0. 0. 0.]
 [0. 0. 0.]
 [0. 0. 0.]]",0.0,0.0,0.0,0.0,0.0,0.6639512071609497,2.2558406214500426,6.0,1.135259812929648,0.0
167164.0,63.602,8.90428,"[[0. 0. 0.]
 [0. 0. 1.]
 [0. 0. 0.]]","[[0. 0. 0.]
 [0. 0. 1.]
 [0. 0. 0.]]",0.0,0.0,0.0,0.0,0.0,0.15451420146885075,0.449327297871418,7.0,1.023994113872659,0.0
167165.0,0.0,0.0,"[[0. 0. 0.]
 [0. 0. 0.]
 [0. 0. 0.]]","[[0. 0. 0.]
 [0. 0. 0.]
 [0. 0. 0.]]",0.0,0.0,0.0,0.0,0.0,-0.040175200282841064,-0.04750315681443128,7.0,0.731824881270231,0.0
167166.0,0.0,0.0,"[[0. 0. 0.]
 [0. 0. 0.]
 [0. 0. 0.]]","[[0. 0. 0.]
 [0. 0. 0.]
 [0. 0. 0.]]",0.0,0.0,0.0,0.0,0.0,0.07627393034623253,-0.003295033790957245,7.0,0.4740136610073169,0.0
167167.0,0.0,0.0,"[[0. 0. 0.]
 [0. 0. 0.]
 [0. 0. 0.]]","[[0. 0. 0.]
 [0. 0. 0.]
 [0. 0. 0.]]",0.0,0.0,0.0,0.0,0.0,0.4750486733751105,0.3059313456535711,6.0,0.37220963871643997,0.4682144930556804
167168.0,50.3426,7.047964,"[[0. 0. 0.]
 [2. 0. 0.]
 [0. 0. 0.]]","[[0. 0. 0.]
 [0. 0. 0.]
 [0. 0. 0.]]",2.0,0.0,0.0,0.0,2.0,0.6621705852551102,0.8417512479762962,7.0,0.33804108169974484,0.42821439560548585
167169.0,0.0,0.0,"[[0. 0. 0.]
 [0. 0. 0.]
 [0. 0. 0.]]","[[0. 0. 0.]
 [0. 0. 0.]
 [0. 0. 0.]]",0.0,0.0,0.0,0.0,0.0,0.27595349565750216,0.9609804532776856,7.0,0.13831846225465452,0.0
167170.0,39.23919999999999,5.493487999999999,"[[0. 2. 0.]
 [0. 1. 0.]
 [0. 0. 2.]]","[[0. 0. 0.]
 [0. 0. 0.]
 [0. 0. 0.]]",4.0,0.0,3.0,5.0,4.0,0.613376913729827,2.286669134384795,10.0,0.05115538261242245,0.6682144705986472
167171.0,0.0,0.0,"[[0. 0. 0.]
 [0. 0. 0.]
 [0. 0. 0.]]","[[0. 0. 0.]
 [0. 0. 0.]
 [0. 0. 0.]]",0.0,0.0,0.0,0.0,0.0,0.7368433551252949,2.541225363156117,6.0,0.02550981319432647,0.0
167172.0,84.94639999999998,11.892496,"[[3. 0. 0.]
 [0. 0. 1.]
 [1. 0. 0.]]","[[0. 0. 0.]
 [0. 1. 0.]
 [0. 0. 0.]]",4.0,0.0,2.0,3.0,4.0,0.8471312949903189,2.615941438930105,10.0,0.07571943595030199,0.0
167173.0,38.376799999999996,5.372752,"[[1. 1. 0.]
 [0. 0. 0.]
 [0. 0. 0.]]","[[0. 0. 0.]
 [0. 0. 0.]
 [0. 0. 0.]]",1.0,0.0,2.0,2.0,1.0,0.9049884870154485,3.1573238334994898,8.0,0.036588813991159826,0.6282143731485081
167174.0,28.459199999999996,3.984288,"[[0. 0. 1.]
 [0. 0. 1.]
 [0. 0. 0.]]","[[0. 0. 0.]
 [0. 0. 1.]
 [0. 0. 0.]]",0.0,0.0,1.0,1.0,0.0,0.794969847267877,2.773490803148163,9.0,0.7612241974096976,0.0
167175.0,37.0832,5.191648,"[[0. 0. 0.]
 [0. 1. 0.]
 [0. 1. 1.]]","[[0. 0. 0.]
 [0. 0. 0.]
 [0. 0. 0.]]",3.0,0.0,2.0,2.0,3.0,0.807348731732553,2.5693066038656767,7.0,0.7384892830046222,0.0
167176.0,13.906199999999993,1.9468679999999992,"[[0. 0. 1.]
 [0. 0. 1.]
 [0. 0. 1.]]","[[0. 0. 0.]
 [0. 0. 0.]
 [0. 0. 0.]]",3.0,0.0,0.0,3.0,3.0,0.24330388955771914,0.8895190202230212,5.0,0.7176685963305042,0.42821439560548585
167177.0,118.36439999999997,16.571015999999997,"[[1. 1. 1.]
 [1. 0. 0.]
 [0. 0. 0.]]","[[0. 2. 0.]
 [0. 0. 0.]
 [0. 0. 0.]]",2.0,0.0,0.0,1.0,2.0,0.057056101258686785,0.21270514549238434,6.0,1.2543740230615796,0.0
167178.0,0.0,0.0,"[[0. 0. 0.]
 [0. 0. 0.]
 [0. 0. 0.]]","[[0. 0. 0.]
 [0. 0. 0.]
 [0. 0. 0.]]",0.0,0.0,0.0,0.0,0.0,0.30326481521990967,2.605893904221637,5.0,1.1425965147619168,0.0
167179.0,0.0,0.0,"[[0. 0. 0.]
 [0. 0. 0.]
 [0. 0. 0.]]","[[0. 0. 0.]
 [0. 0. 0.]
 [0. 0. 0.]]",0.0,0.0,0.0,0.0,0.0,0.3634461599475727,1.0060189707348812,5.0,1.0483263067466655,0.0
167180.0,59.290000000000006,8.300600000000001,"[[0. 0. 0.]
 [0. 1. 0.]
 [0. 0. 0.]]","[[0. 0. 0.]
 [0. 1. 0.]
 [0. 0. 0.]]",0.0,0.0,0.0,0.0,0.0,0.39074580853284885,1.2066230567494374,5.0,1.301997814683494,0.40535723402690543
167181.0,69.63879999999999,9.749431999999999,"[[0. 0. 1.]
 [0. 0. 0.]
 [0. 0. 0.]]","[[0. 0. 1.]
 [0. 0. 0.]
 [0. 0. 0.]]",0.0,0.0,0.0,0.0,0.0,0.07621270678734537,0.21955356571298457,5.0,1.3047402117804228,0.0
167182.0,0.0,0.0,"[[0. 0. 0.]
 [0. 0. 0.]
 [0. 0. 0.]]","[[0. 0. 0.]
 [0. 0. 0.]
 [0. 0. 0.]]",0.0,0.0,0.0,0.0,0.0,0.3270645272114469,1.1075713149488438,4.0,1.2398862560601165,0.40535723402690543
167183.0,0.0,0.0,"[[0. 0. 0.]
 [0. 0. 0.]
 [0. 0. 0.]]","[[0. 0. 0.]
 [0. 0. 0.]
 [0. 0. 0.]]",0.0,0.0,0.0,0.0,0.0,-0.010204858178807827,-0.03530880929867508,4.0,1.0767951627493573,0.0
167184.0,0.0,0.0,"[[0. 0. 0.]
 [0. 0. 0.]
 [0. 0. 0.]]","[[0. 0. 0.]
 [0. 0. 0.]
 [0. 0. 0.]]",0.0,0.0,0.0,0.0,0.0,0.15448529126523114,-0.09071376303094374,4.0,0.9617363383901517,0.0
167185.0,0.8624000000000009,0.12073600000000015,"[[0. 0. 0.]
 [0. 0. 0.]
 [0. 1. 0.]]","[[0. 0. 0.]
 [0. 0. 0.]
 [0. 0. 0.]]",1.0,0.0,0.0,0.0,1.0,-0.03407989849101549,-0.1278405152194973,5.0,0.7880814526255792,0.0
167186.0,0.0,0.0,"[[0. 0. 0.]
 [0. 0. 0.]
 [0. 0. 0.]]","[[0. 0. 0.]
 [0. 0. 0.]
 [0. 0. 0.]]",0.0,0.0,0.0,0.0,0.0,0.2046246372843208,0.7029265539990988,4.0,0.6876086198355634,0.0
167187.0,0.0,0.0,"[[0. 0. 0.]
 [0. 0. 0.]
 [0. 0. 0.]]","[[0. 0. 0.]
 [0. 0. 0.]
 [0. 0. 0.]]",0.0,0.0,0.0,0.0,0.0,0.10722114986181261,0.4281983840881348,4.0,0.5588002270680907,0.0
167188.0,0.0,0.0,"[[0. 0. 0.]
 [0. 0. 0.]
 [0. 0. 0.]]","[[0. 0. 0.]
 [0. 0. 0.]
 [0. 0. 0.]]",0.0,0.0,0.0,0.0,0.0,0.0072321676313877115,0.026516019403719848,4.0,0.4009041303790399,0.0
167189.0,0.0,0.0,"[[0. 0. 0.]
 [0. 0. 0.]
 [0. 0. 0.]]","[[0. 0. 0.]
 [0. 0. 0.]
 [0. 0. 0.]]",0.0,0.0,0.0,0.0,0.0,0.43091895116338413,1.6164631696040865,4.0,0.36626237071747886,0.0
167190.0,0.0,0.0,"[[0. 0. 0.]
 [0. 0. 0.]
 [0. 0. 0.]]","[[0. 0. 0.]
 [0. 0. 0.]
 [0. 0. 0.]]",0.0,0.0,0.0,0.0,0.0,0.1349129359480782,0.5736498036512274,4.0,0.24550977026601067,0.0
167191.0,0.0,0.0,"[[0. 0. 0.]
 [0. 0. 0.]
 [0. 0. 0.]]","[[0. 0. 0.]
 [0. 0. 0.]
 [0. 0. 0.]]",0.0,0.0,0.0,0.0,0.0,0.42714174797064336,1.463900198644989,4.0,0.2097691878574706,0.0
167192.0,0.0,0.0,"[[0. 0. 0.]
 [0. 0. 0.]
 [0. 0. 0.]]","[[0. 0. 0.]
 [0. 0. 0.]
 [0. 0. 0.]]",0.0,0.0,0.0,0.0,0.0,0.10708560003658935,0.6507377743023461,3.0,0.12092136241356932,0.6053572115702046
167193.0,41.2874,5.780236,"[[0. 0. 0.]
 [0. 0. 0.]
 [0. 1. 0.]]","[[0. 0. 0.]
 [0. 0. 0.]
 [0. 0. 0.]]",0.0,0.0,1.0,1.0,0.0,0.3972077378639258,1.3686189815839427,4.0,0.08327270433762048,0.0
167194.0,57.99640000000001,8.119496000000002,"[[1. 0. 0.]
 [0. 0. 0.]
 [0. 0. 1.]]","[[0. 0. 0.]
 [0. 0. 0.]
 [0. 1. 0.]]",1.0,0.0,1.0,1.0,1.0,0.3387150776677639,1.7840800570916457,5.0,0.08572294936212202,0.42821439560548585
167195.0,117.17859999999999,16.405004,"[[2. 0. 0.]
 [1. 0. 0.]
 [1. 1. 0.]]","[[0. 0. 0.]
 [0. 0. 0.]
 [0. 1. 0.]]",4.0,0.0,2.0,2.0,3.0,0.3985768208707617,5.8775732312886,9.0,1.525223257192732,0.0
167196.0,4.311999999999996,0.6036799999999994,"[[0. 1. 0.]
 [0. 0. 0.]
 [0. 0. 0.]]","[[0. 0. 0.]
 [0. 0. 0.]
 [0. 0. 0.]]",0.0,0.0,1.0,1.0,0.0,0.8530020642598762,10.137758933315776,9.0,1.4372063775075787,0.0
167197.0,64.89559999999999,9.085384,"[[1. 0. 0.]
 [0. 1. 0.]
 [2. 0. 0.]]","[[0. 0. 0.]
 [0. 0. 0.]
 [0. 0. 0.]]",3.0,0.0,2.0,2.0,2.0,0.8656779496818778,0.8476718483284946,9.0,1.4082399628695796,0.6282143731485081
167198.0,0.0,0.0,"[[0. 0. 0.]
 [0. 0. 0.]
 [0. 0. 0.]]","[[0. 0. 0.]
 [0. 0. 0.]
 [0. 0. 0.]]",0.0,0.0,0.0,0.0,0.0,0.45933731508255,-0.6151445323585473,4.0,1.3818653636208669,0.4682144930556804
167199.0,34.2804,4.799256000000001,"[[0. 0. 0.]
 [0. 0. 0.]
 [1. 0. 0.]]","[[0. 0. 0.]
 [0. 0. 0.]
 [0. 0. 0.]]",1.0,0.0,0.0,0.0,1.0,0.051477480772882694,0.03718733211033046,4.0,1.2696406307547965,0.0
167200.0,66.5126,9.311764000000002,"[[0. 0. 0.]
 [1. 0. 0.]
 [1. 0. 1.]]","[[0. 0. 0.]
 [0. 0. 0.]
 [1. 0. 0.]]",2.0,0.0,1.0,1.0,2.0,0.3386769171652927,1.1764281394653606,7.0,1.2802649061446845,0.0
167201.0,82.77439999999999,11.588415999999999,"[[0. 1. 0.]
 [0. 1. 0.]
 [0. 0. 0.]]","[[0. 0. 0.]
 [0. 0. 0.]
 [0. 0. 0.]]",1.0,1.0,1.0,2.0,1.0,0.5865177634326487,2.040612602534871,7.0,1.4237476247091359,0.0
167202.0,0.0,0.0,"[[0. 0. 0.]
 [0. 0. 0.]
 [0. 0. 0.]]","[[0. 0. 0.]
 [0. 0. 0.]
 [0. 0. 0.]]",0.0,0.0,0.0,0.0,0.0,0.20820379048179682,0.7720196551065027,6.0,1.2443160001220226,0.0
167203.0,17.571399999999997,2.459996,"[[1. 0. 0.]
 [0. 0. 0.]
 [0. 0. 0.]]","[[0. 0. 0.]
 [0. 0. 0.]
 [0. 0. 0.]]",1.0,0.0,0.0,1.0,1.0,0.2675092185551029,0.621263409172371,6.0,1.5369368637016891,0.0
167204.0,0.0,0.0,"[[0. 0. 0.]
 [0. 0. 0.]
 [0. 0. 0.]]","[[0. 0. 0.]
 [0. 0. 0.]
 [0. 0. 0.]]",0.0,0.0,0.0,0.0,0.0,0.16336226480178437,0.15983363988206584,5.0,1.3844604316440263,0.0
167205.0,0.0,0.0,"[[0. 0. 0.]
 [0. 0. 0.]
 [0. 0. 0.]]","[[0. 0. 0.]
 [0. 0. 0.]
 [0. 0. 0.]]",0.0,0.0,0.0,0.0,0.0,0.12614435142207928,-0.10989695895891548,5.0,1.2211569702395402,0.0
167206.0,0.0,0.0,"[[0. 0. 0.]
 [0. 0. 0.]
 [0. 0. 0.]]","[[0. 0. 0.]
 [0. 0. 0.]
 [0. 0. 0.]]",0.0,0.0,0.0,0.0,0.0,0.3846624522209168,-0.8816463404903412,4.0,1.1730587745219887,0.3539287550364296
167207.0,53.9,7.546,"[[1. 0. 0.]
 [0. 0. 0.]
 [0. 0. 0.]]","[[0. 0. 0.]
 [0. 0. 0.]
 [0. 0. 0.]]",1.0,0.0,0.0,1.0,1.0,0.5008413523651213,-0.17228942521360172,5.0,1.2787580770282059,0.0
167208.0,0.0,0.0,"[[0. 0. 0.]
 [0. 0. 0.]
 [0. 0. 0.]]","[[0. 0. 0.]
 [0. 0. 0.]
 [0. 0. 0.]]",0.0,0.0,0.0,0.0,0.0,0.09073806354871573,-0.09567421420576513,5.0,1.1051546046060141,0.0
167209.0,0.0,0.0,"[[0. 0. 0.]
 [0. 0. 0.]
 [0. 0. 0.]]","[[0. 0. 0.]
 [0. 0. 0.]
 [0. 0. 0.]]",0.0,0.0,0.0,0.0,0.0,0.21618914898083344,1.4721616288998836,5.0,0.9680459934004384,0.0
167210.0,0.0,0.0,"[[0. 0. 0.]
 [0. 0. 0.]
 [0. 0. 0.]]","[[0. 0. 0.]
 [0. 0. 0.]
 [0. 0. 0.]]",0.0,0.0,0.0,0.0,0.0,0.06278892030104552,0.21076984766654958,5.0,0.7863118611243789,0.0
167211.0,0.0,0.0,"[[0. 0. 0.]
 [0. 0. 0.]
 [0. 0. 0.]]","[[0. 0. 0.]
 [0. 0. 0.]
 [0. 0. 0.]]",0.0,0.0,0.0,0.0,0.0,0.038275904903629775,-0.02872223903968378,5.0,0.5974466698236166,0.0
167212.0,0.0,0.0,"[[0. 0. 0.]
 [0. 0. 0.]
 [0. 0. 0.]]","[[0. 0. 0.]
 [0. 0. 0.]
 [0. 0. 0.]]",0.0,0.0,0.0,0.0,0.0,0.2690859880279466,0.8944418242048944,5.0,0.4757262299772011,0.0
167213.0,0.0,0.0,"[[0. 0. 0.]
 [0. 0. 0.]
 [0. 0. 0.]]","[[0. 0. 0.]
 [0. 0. 0.]
 [0. 0. 0.]]",0.0,0.0,0.0,0.0,0.0,0.16862669700389665,0.5680696168667271,5.0,0.3247812691056074,0.0
167214.0,35.8974,5.025636,"[[0. 0. 0.]
 [0. 0. 1.]
 [0. 0. 0.]]","[[0. 0. 0.]
 [0. 0. 1.]
 [0. 0. 0.]]",0.0,0.0,0.0,0.0,0.0,0.1264189201943426,0.44459005853946404,5.0,0.3873291101027533,0.0
167215.0,65.0034,9.100476,"[[1. 1. 0.]
 [0. 0. 0.]
 [0. 0. 0.]]","[[0. 1. 0.]
 [0. 0. 0.]
 [0. 0. 0.]]",1.0,0.0,0.0,1.0,1.0,0.10383543856590202,0.4024661598814362,6.0,1.6956430713232005,0.0
167216.0,0.0,0.0,"[[0. 0. 0.]
 [0. 0. 0.]
 [0. 0. 0.]]","[[0. 0. 0.]
 [0. 0. 0.]
 [0. 0. 0.]]",0.0,0.0,0.0,0.0,0.0,0.043259546548128136,0.17539150552473073,4.0,1.5482276666826558,0.0
167217.0,37.945600000000006,5.3123840000000015,"[[1. 1. 0.]
 [0. 0. 0.]
 [0. 0. 0.]]","[[0. 0. 0.]
 [0. 0. 0.]
 [0. 0. 0.]]",2.0,0.0,0.0,2.0,2.0,0.6487586022913456,3.609173856267214,6.0,1.7161574418946837,0.0
167218.0,10.779999999999994,1.5091999999999992,"[[0. 0. 0.]
 [0. 1. 0.]
 [0. 0. 0.]]","[[0. 0. 0.]
 [0. 1. 0.]
 [0. 0. 0.]]",0.0,0.0,0.0,0.0,0.0,0.4400930133075352,2.44832545163248,7.0,1.7241845003114213,0.0
167219.0,19.7274,2.761836,"[[0. 0. 0.]
 [0. 0. 1.]
 [0. 0. 0.]]","[[0. 0. 0.]
 [0. 0. 0.]
 [0. 0. 0.]]",0.0,0.0,1.0,1.0,0.0,0.5455124342396422,1.9442063156300848,7.0,1.6096790266356809,0.0
167220.0,68.99199999999999,9.65888,"[[1. 0. 0.]
 [2. 0. 1.]
 [0. 0. 0.]]","[[0. 0. 0.]
 [0. 0. 0.]
 [0. 0. 0.]]",3.0,0.0,1.0,2.0,3.0,0.34730567942593427,1.1127673968806906,11.0,1.3736848339547445,0.0
167221.0,78.69399999999999,11.017159999999999,"[[0. 0. 0.]
 [0. 0. 0.]
 [0. 1. 1.]]","[[0. 1. 0.]
 [0. 0. 0.]
 [0. 0. 0.]]",0.0,0.0,1.0,1.0,0.0,0.6062640360957776,1.929374668471203,11.0,1.1780525535462432,0.0
167222.0,39.2392,5.493488,"[[0. 0. 0.]
 [1. 0. 0.]
 [0. 0. 0.]]","[[0. 0. 0.]
 [0. 0. 0.]
 [0. 0. 0.]]",1.0,0.0,0.0,0.0,1.0,0.9555390368121481,2.6403454665193276,9.0,1.5504275460734138,0.4682144930556804
167223.0,41.82640000000001,5.855696000000002,"[[0. 0. 0.]
 [0. 0. 0.]
 [1. 0. 0.]]","[[0. 0. 0.]
 [0. 0. 0.]
 [1. 0. 0.]]",0.0,0.0,0.0,0.0,0.0,0.2586038218304701,0.714574080481955,8.0,1.5088084360013934,1.056428768753994
167224.0,45.59940000000001,6.383916000000002,"[[0. 0. 1.]
 [0. 0. 0.]
 [0. 0. 0.]]","[[0. 0. 1.]
 [0. 0. 0.]
 [0. 0. 0.]]",0.0,0.0,0.0,0.0,0.0,0.6155746939735203,2.2653148738225544,6.0,2.3186847106118718,0.0
167225.0,118.88739999999999,16.644236,"[[0. 0. 0.]
 [1. 1. 0.]
 [0. 0. 0.]]","[[0. 0. 0.]
 [0. 1. 0.]
 [0. 0. 0.]]",1.0,0.0,0.0,0.0,1.0,0.5152089412490635,1.7352237141268456,7.0,2.9067303327241927,0.40535723402690543
167226.0,25.764199999999995,3.606988,"[[0. 0. 0.]
 [0. 0. 0.]
 [0. 0. 1.]]","[[0. 0. 0.]
 [0. 0. 0.]
 [0. 0. 0.]]",0.0,0.0,1.0,1.0,0.0,0.8538164287533543,24.72652377669714,7.0,2.8995132938160775,0.0
167227.0,0.0,0.0,"[[0. 0. 0.]
 [0. 0. 0.]
 [0. 0. 0.]]","[[0. 0. 0.]
 [0. 0. 0.]
 [0. 0. 0.]]",0.0,0.0,0.0,0.0,0.0,0.22513262521851016,0.9102562302834803,7.0,2.6839778490020723,0.0
167228.0,13.475000000000001,1.8865000000000003,"[[1. 0. 0.]
 [0. 0. 0.]
 [0. 0. 0.]]","[[0. 0. 0.]
 [0. 0. 0.]
 [0. 0. 0.]]",1.0,0.0,1.0,1.0,1.0,0.37893138641783064,1.5463432016938832,8.0,2.5042124341418046,0.0
167229.0,0.0,0.0,"[[0. 0. 0.]
 [0. 0. 0.]
 [0. 0. 0.]]","[[0. 0. 0.]
 [0. 0. 0.]
 [0. 0. 0.]]",0.0,0.0,0.0,0.0,0.0,0.18811545550823214,0.6565981859059334,7.0,2.278936930289654,0.0
167230.0,0.0,0.0,"[[0. 0. 0.]
 [0. 0. 0.]
 [0. 0. 0.]]","[[0. 0. 0.]
 [0. 0. 0.]
 [0. 0. 0.]]",0.0,0.0,0.0,0.0,0.0,0.37336907500028615,1.2858830943009856,6.0,2.1475533884715556,0.0
167231.0,0.0,0.0,"[[0. 0. 0.]
 [0. 0. 0.]
 [0. 0. 0.]]","[[0. 0. 0.]
 [0. 0. 0.]
 [0. 0. 0.]]",0.0,0.0,0.0,0.0,0.0,0.04374523693323136,0.17281118398103718,6.0,1.9202792755794047,0.0
167232.0,0.0,0.0,"[[0. 0. 0.]
 [0. 0. 0.]
 [0. 0. 0.]]","[[0. 0. 0.]
 [0. 0. 0.]
 [0. 0. 0.]]",0.0,0.0,0.0,0.0,0.0,0.19676452469825745,0.6752958487644195,5.0,1.7775198645825339,0.3539287550364296
167233.0,0.0,0.0,"[[0. 0. 0.]
 [0. 0. 0.]
 [0. 0. 0.]]","[[0. 0. 0.]
 [0. 0. 0.]
 [0. 0. 0.]]",0.0,0.0,0.0,0.0,0.0,0.03253237229751994,0.11071416940291987,5.0,1.586983827432722,0.0
167234.0,0.0,0.0,"[[0. 0. 0.]
 [0. 0. 0.]
 [0. 0. 0.]]","[[0. 0. 0.]
 [0. 0. 0.]
 [0. 0. 0.]]",0.0,0.0,0.0,0.0,0.0,0.5249092351199576,1.7502573535839865,5.0,1.539684695831255,0.0
167235.0,0.0,0.0,"[[0. 0. 0.]
 [0. 0. 0.]
 [0. 0. 0.]]","[[0. 0. 0.]
 [0. 0. 0.]
 [0. 0. 0.]]",0.0,0.0,0.0,0.0,0.0,0.21659473752975467,0.8064255267707826,5.0,1.4026940740217286,0.0
167236.0,0.0,0.0,"[[0. 0. 0.]
 [0. 0. 0.]
 [0. 0. 0.]]","[[0. 0. 0.]
 [0. 0. 0.]
 [0. 0. 0.]]",0.0,0.0,0.0,0.0,0.0,0.00838396795458015,0.025849449997561516,5.0,1.2051330465176067,0.0
167237.0,37.73,5.2822000000000005,"[[0. 0. 0.]
 [1. 0. 0.]
 [0. 0. 0.]]","[[0. 0. 0.]
 [0. 0. 0.]
 [0. 0. 0.]]",1.0,0.0,0.0,0.0,1.0,0.20476266854156677,0.5658002057140573,5.0,1.3247003682751535,0.0
167238.0,86.779,12.14906,"[[1. 0. 1.]
 [0. 0. 0.]
 [0. 0. 0.]]","[[0. 0. 1.]
 [0. 0. 0.]
 [0. 0. 0.]]",1.0,0.0,1.0,1.0,1.0,0.10465700185163962,0.1826055368307408,7.0,1.352752089709901,0.0
167239.0,32.34,4.5276000000000005,"[[1. 0. 0.]
 [0. 0. 0.]
 [0. 0. 0.]]","[[0. 0. 0.]
 [0. 0. 0.]
 [0. 0. 0.]]",1.0,0.0,0.0,1.0,1.0,0.16814322019344313,0.5671134530684436,7.0,1.2413677210531804,0.0
167240.0,104.24259999999998,14.593964,"[[1. 0. 0.]
 [0. 0. 0.]
 [2. 0. 0.]]","[[0. 0. 0.]
 [0. 0. 0.]
 [0. 0. 0.]]",3.0,0.0,0.0,1.0,3.0,0.5229469938353792,5.00062833385143,9.0,1.4466977556234726,0.42821439560548585
167241.0,18.972799999999992,2.656191999999999,"[[0. 0. 0.]
 [1. 0. 0.]
 [0. 1. 0.]]","[[0. 0. 0.]
 [0. 0. 0.]
 [0. 0. 0.]]",2.0,0.0,0.0,0.0,2.0,0.5276489150522855,2.227522659784728,11.0,1.2097956218205013,0.0
167242.0,18.865,2.6411000000000002,"[[0. 1. 0.]
 [0. 0. 0.]
 [0. 0. 0.]]","[[0. 1. 0.]
 [0. 0. 0.]
 [0. 0. 0.]]",0.0,0.0,0.0,0.0,0.0,0.06314953835604475,0.2037456705519428,11.0,0.9174736847980808,0.0
167243.0,144.3442,20.208188000000003,"[[0. 1. 1.]
 [2. 1. 0.]
 [0. 0. 1.]]","[[0. 0. 0.]
 [0. 1. 0.]
 [0. 0. 0.]]",3.0,0.0,3.0,3.0,3.0,1.3950405571249944,1.5289644506089828,15.0,0.9466750929023255,0.0
167244.0,40.101600000000005,5.614224000000001,"[[1. 0. 0.]
 [0. 0. 0.]
 [0. 0. 2.]]","[[0. 0. 0.]
 [0. 0. 0.]
 [0. 0. 0.]]",3.0,0.0,1.0,3.0,3.0,1.0361003865539102,2.651588109268767,17.0,0.6992861144452814,0.0
167245.0,0.0,0.0,"[[0. 0. 0.]
 [0. 0. 0.]
 [0. 0. 0.]]","[[0. 0. 0.]
 [0. 0. 0.]
 [0. 0. 0.]]",0.0,0.0,0.0,0.0,0.0,0.5777319076647035,-1.4706743441512693,12.0,0.3873535784931952,0.0
167246.0,25.009599999999992,3.501343999999999,"[[0. 0. 1.]
 [0. 0. 0.]
 [0. 0. 0.]]","[[0. 0. 1.]
 [0. 0. 0.]
 [0. 0. 0.]]",0.0,0.0,0.0,0.0,0.0,0.9024848408159465,0.72270986052541,11.0,0.7564019112772918,0.0
167247.0,150.5806,21.081284000000004,"[[0. 1. 0.]
 [0. 1. 0.]
 [0. 1. 2.]]","[[0. 1. 0.]
 [0. 0. 0.]
 [0. 0. 0.]]",2.0,1.0,1.0,3.0,2.0,0.577791035968445,2.0208819274032335,11.0,1.0050532336716145,1.4389288412025958
167248.0,48.0788,6.731032000000001,"[[1. 1. 0.]
 [0. 0. 1.]
 [0. 0. 0.]]","[[0. 1. 0.]
 [0. 0. 0.]
 [0. 0. 0.]]",1.0,0.0,2.0,2.0,1.0,0.9909710806183092,13.160095950611145,12.0,1.3142430180345799,0.0
167249.0,72.226,10.111640000000001,"[[1. 0. 0.]
 [0. 1. 0.]
 [0. 0. 0.]]","[[0. 0. 0.]
 [0. 1. 0.]
 [0. 0. 0.]]",1.0,0.0,1.0,1.0,1.0,0.9072080666484719,14.95949813580664,10.0,1.5901580919686809,0.0
167250.0,27.812400000000004,3.893736000000001,"[[0. 0. 0.]
 [1. 0. 0.]
 [0. 0. 0.]]","[[0. 0. 0.]
 [0. 0. 0.]
 [0. 0. 0.]]",1.0,0.0,0.0,0.0,1.0,0.23257721457802824,3.0517851788070556,8.0,1.3535883458774445,1.01071444559711
167251.0,0.0,0.0,"[[0. 0. 0.]
 [0. 0. 0.]
 [0. 0. 0.]]","[[0. 0. 0.]
 [0. 0. 0.]
 [0. 0. 0.]]",0.0,0.0,0.0,0.0,0.0,0.5413675960625167,1.8350196036135067,5.0,1.311077101095631,0.40535723402690543
167252.0,0.0,0.0,"[[0. 0. 0.]
 [0. 0. 0.]
 [0. 0. 0.]]","[[0. 0. 0.]
 [0. 0. 0.]
 [0. 0. 0.]]",0.0,0.0,0.0,0.0,0.0,0.24838555657156963,0.6861402614733039,5.0,1.1833347175528148,0.0
167253.0,0.0,0.0,"[[0. 0. 0.]
 [0. 0. 0.]
 [0. 0. 0.]]","[[0. 0. 0.]
 [0. 0. 0.]
 [0. 0. 0.]]",0.0,0.0,0.0,0.0,0.0,0.3265885093212128,0.9674858000131609,4.0,1.1183422839008041,0.0
167254.0,29.645000000000003,4.1503000000000005,"[[0. 0. 0.]
 [0. 0. 0.]
 [1. 0. 0.]]","[[0. 0. 0.]
 [0. 0. 0.]
 [1. 0. 0.]]",0.0,0.0,0.0,0.0,0.0,0.6279089130328441,2.025885317009168,5.0,1.5110066949649044,0.0
167255.0,0.0,0.0,"[[0. 0. 0.]
 [0. 0. 0.]
 [0. 0. 0.]]","[[0. 0. 0.]
 [0. 0. 0.]
 [0. 0. 0.]]",0.0,0.0,0.0,0.0,0.0,0.08376971378922465,0.21659497197341926,5.0,1.3337267534627033,0.0
167256.0,0.0,0.0,"[[0. 0. 0.]
 [0. 0. 0.]
 [0. 0. 0.]]","[[0. 0. 0.]
 [0. 0. 0.]
 [0. 0. 0.]]",0.0,0.0,0.0,0.0,0.0,0.24086108340837936,0.6422319928001028,5.0,1.2037954322724138,0.0
167257.0,0.0,0.0,"[[0. 0. 0.]
 [0. 0. 0.]
 [0. 0. 0.]]","[[0. 0. 0.]
 [0. 0. 0.]
 [0. 0. 0.]]",0.0,0.0,0.0,0.0,0.0,0.04900561974385687,0.14878106154234946,5.0,1.0180516125615358,0.0
167258.0,0.0,0.0,"[[0. 0. 0.]
 [0. 0. 0.]
 [0. 0. 0.]]","[[0. 0. 0.]
 [0. 0. 0.]
 [0. 0. 0.]]",0.0,0.0,0.0,0.0,0.0,0.18918095401658394,0.6986074269924412,5.0,0.8730860719118146,0.0
167259.0,0.0,0.0,"[[0. 0. 0.]
 [0. 0. 0.]
 [0. 0. 0.]]","[[0. 0. 0.]
 [0. 0. 0.]
 [0. 0. 0.]]",0.0,0.0,0.0,0.0,0.0,0.027916006043553356,0.10391454089652301,5.0,0.6812070918517574,0.0
167260.0,0.0,0.0,"[[0. 0. 0.]
 [0. 0. 0.]
 [0. 0. 0.]]","[[0. 0. 0.]
 [0. 0. 0.]
 [0. 0. 0.]]",0.0,0.0,0.0,0.0,0.0,0.12606870949268342,0.41622845126104363,5.0,0.5178816255223563,0.0
167261.0,0.0,0.0,"[[0. 0. 0.]
 [0. 0. 0.]
 [0. 0. 0.]]","[[0. 0. 0.]
 [0. 0. 0.]
 [0. 0. 0.]]",0.0,0.0,0.0,0.0,0.0,0.08140626809000968,0.2726784355942964,5.0,0.34156344896672264,0.0
167262.0,0.0,0.0,"[[0. 0. 0.]
 [0. 0. 0.]
 [0. 0. 0.]]","[[0. 0. 0.]
 [0. 0. 0.]
 [0. 0. 0.]]",0.0,0.0,0.0,0.0,0.0,0.029618240373117583,0.11309428904071192,4.0,0.19017966434799327,0.6053572115702046
167263.0,79.233,11.092620000000002,"[[0. 0. 0.]
 [0. 0. 0.]
 [1. 1. 0.]]","[[0. 0. 0.]
 [0. 1. 0.]
 [0. 0. 0.]]",1.0,0.0,0.0,0.0,1.0,0.15363980599200475,0.5106987151174237,4.0,0.22087488063657645,0.40535723402690543
167264.0,38.48459999999999,5.387843999999999,"[[0. 0. 0.]
 [1. 0. 1.]
 [1. 0. 0.]]","[[0. 0. 0.]
 [0. 1. 0.]
 [0. 0. 0.]]",2.0,0.0,0.0,0.0,1.0,-0.044787897305014895,-0.7994460517355939,6.0,0.10333743114810126,0.42821439560548585
167265.0,20.697599999999994,2.8976639999999994,"[[0. 0. 0.]
 [0. 0. 0.]
 [0. 0. 1.]]","[[0. 0. 0.]
 [0. 0. 0.]
 [0. 0. 1.]]",0.0,0.0,0.0,0.0,0.0,0.09447622368613297,0.3728409691549551,4.0,0.1723721107068191,0.0
167266.0,4.2042,0.5885880000000001,"[[0. 0. 1.]
 [0. 0. 0.]
 [0. 0. 0.]]","[[0. 0. 0.]
 [0. 0. 0.]
 [0. 0. 0.]]",0.0,0.0,1.0,1.0,0.0,0.42116523033100656,1.5273135912723588,5.0,0.11929290498493014,0.0
167267.0,121.5984,17.023776,"[[0. 1. 1.]
 [0. 0. 0.]
 [1. 0. 0.]]","[[0. 0. 0.]
 [0. 0. 0.]
 [0. 0. 0.]]",1.0,0.0,2.0,2.0,1.0,0.49192320488334496,1.6839515149566664,6.0,0.09103490257205882,0.3539287550364296
167268.0,15.091999999999999,2.11288,"[[1. 0. 0.]
 [0. 0. 0.]
 [0. 0. 0.]]","[[0. 0. 0.]
 [0. 0. 0.]
 [0. 0. 0.]]",1.0,0.0,1.0,1.0,1.0,0.8081915288845012,3.4338441679244687,7.0,0.07014516552027743,0.0
167269.0,11.9658,1.6752120000000001,"[[0. 0. 0.]
 [0. 0. 0.]
 [1. 0. 0.]]","[[0. 0. 0.]
 [0. 0. 0.]
 [0. 0. 0.]]",1.0,0.0,0.0,0.0,1.0,0.7353555244384103,6.301702702227402,7.0,0.03966677262963315,0.42821439560548585
167270.0,0.0,0.0,"[[0. 0. 0.]
 [0. 0. 0.]
 [0. 0. 0.]]","[[0. 0. 0.]
 [0. 0. 0.]
 [0. 0. 0.]]",0.0,0.0,0.0,0.0,0.0,0.664530677542237,20.487746600898188,5.0,0.03298478791464762,0.0
167271.0,40.74839999999999,5.704775999999999,"[[1. 0. 0.]
 [0. 0. 0.]
 [0. 0. 1.]]","[[0. 0. 0.]
 [0. 0. 0.]
 [0. 0. 0.]]",2.0,0.0,2.0,2.0,2.0,0.6388714207719908,3.812784639167241,6.0,0.027638292139226753,0.0
167272.0,72.87279999999998,10.202191999999998,"[[1. 0. 1.]
 [0. 0. 0.]
 [0. 1. 0.]]","[[0. 0. 1.]
 [0. 0. 0.]
 [0. 0. 0.]]",1.0,0.0,1.0,2.0,1.0,0.19665377191518213,0.9250593430890166,5.0,1.1337539503340102,1.096428866204133
167273.0,19.7274,2.761836,"[[0. 0. 0.]
 [0. 0. 0.]
 [1. 0. 0.]]","[[0. 0. 0.]
 [0. 0. 0.]
 [0. 0. 0.]]",1.0,0.0,0.0,0.0,1.0,0.28095342891817315,1.192366352328727,5.0,1.0622858569283877,0.0
167274.0,97.3434,13.628076000000002,"[[0. 0. 0.]
 [1. 1. 1.]
 [0. 0. 0.]]","[[0. 1. 0.]
 [0. 0. 0.]
 [0. 0. 0.]]",1.0,0.0,1.0,1.0,1.0,0.7222877410400319,2.7227358686244987,7.0,1.5512059270491243,0.0
167275.0,0.0,0.0,"[[0. 0. 0.]
 [0. 0. 0.]
 [0. 0. 0.]]","[[0. 0. 0.]
 [0. 0. 0.]
 [0. 0. 0.]]",0.0,0.0,0.0,0.0,0.0,0.7275578501035691,2.514439929957935,6.0,1.522859119806526,0.0
167276.0,18.757199999999994,2.6260079999999992,"[[0. 0. 0.]
 [0. 0. 1.]
 [0. 0. 0.]]","[[0. 0. 0.]
 [0. 0. 0.]
 [0. 0. 0.]]",0.0,0.0,1.0,1.0,0.0,0.24424715274547798,0.6610304941903616,6.0,1.3643128369688469,0.0
167277.0,4.4198,0.6187720000000001,"[[0. 0. 1.]
 [0. 0. 0.]
 [0. 0. 0.]]","[[0. 0. 0.]
 [0. 0. 0.]
 [0. 0. 0.]]",0.0,0.0,1.0,1.0,0.0,0.1828275775957952,0.48749145290142837,5.0,1.241099041360351,0.40535723402690543
167278.0,0.0,0.0,"[[0. 0. 0.]
 [0. 0. 0.]
 [0. 0. 0.]]","[[0. 0. 0.]
 [0. 0. 0.]
 [0. 0. 0.]]",0.0,0.0,0.0,0.0,0.0,0.024369028760372412,0.08057375669329535,3.0,1.1281882133633685,0.0
167279.0,0.0,0.0,"[[0. 0. 0.]
 [0. 0. 0.]
 [0. 0. 0.]]","[[0. 0. 0.]
 [0. 0. 0.]
 [0. 0. 0.]]",0.0,0.0,0.0,0.0,0.0,0.04413773321277885,0.10900254594227865,3.0,1.021028281207086,0.0
167280.0,0.0,0.0,"[[0. 0. 0.]
 [0. 0. 0.]
 [0. 0. 0.]]","[[0. 0. 0.]
 [0. 0. 0.]
 [0. 0. 0.]]",0.0,0.0,0.0,0.0,0.0,0.16685220253467561,0.459844670185566,3.0,0.9495671037626281,0.0
167281.0,0.0,0.0,"[[0. 0. 0.]
 [0. 0. 0.]
 [0. 0. 0.]]","[[0. 0. 0.]
 [0. 0. 0.]
 [0. 0. 0.]]",0.0,0.0,0.0,0.0,0.0,0.011779965519905093,0.0340959322008133,3.0,0.832994002822964,0.0
167282.0,0.0,0.0,"[[0. 0. 0.]
 [0. 0. 0.]
 [0. 0. 0.]]","[[0. 0. 0.]
 [0. 0. 0.]
 [0. 0. 0.]]",0.0,0.0,0.0,0.0,0.0,0.11802028894424439,0.3981532467823029,3.0,0.7473271777885623,0.0
167283.0,0.0,0.0,"[[0. 0. 0.]
 [0. 0. 0.]
 [0. 0. 0.]]","[[0. 0. 0.]
 [0. 0. 0.]
 [0. 0. 0.]]",0.0,0.0,0.0,0.0,0.0,0.043404257178306586,0.1464286020167351,3.0,0.639953870785888,0.0
167284.0,0.0,0.0,"[[0. 0. 0.]
 [0. 0. 0.]
 [0. 0. 0.]]","[[0. 0. 0.]
 [0. 0. 0.]
 [0. 0. 0.]]",0.0,0.0,0.0,0.0,0.0,0.05714953666099377,0.19471990131133796,3.0,0.5365791905418134,0.0
167285.0,0.0,0.0,"[[0. 0. 0.]
 [0. 0. 0.]
 [0. 0. 0.]]","[[0. 0. 0.]
 [0. 0. 0.]
 [0. 0. 0.]]",0.0,0.0,0.0,0.0,0.0,0.02340988710283726,0.06893743554043516,3.0,0.4233893395171842,0.0
167286.0,133.656,18.711840000000002,"[[0. 1. 0.]
 [0. 1. 0.]
 [0. 0. 0.]]","[[0. 0. 0.]
 [0. 0. 0.]
 [0. 0. 0.]]",0.0,1.0,1.0,2.0,0.0,0.1307827472372639,0.4399531617061558,4.0,0.4454945988247965,0.6053572115702046
167287.0,178.60859999999997,25.005204,"[[2. 0. 0.]
 [0. 2. 0.]
 [1. 0. 0.]]","[[0. 0. 0.]
 [0. 0. 0.]
 [0. 0. 0.]]",3.0,1.0,2.0,4.0,3.0,0.9384336039142562,14.005183104816359,9.0,0.6957528346202612,0.0
167288.0,67.2672,9.417408000000002,"[[1. 0. 0.]
 [0. 0. 0.]
 [0. 0. 1.]]","[[0. 0. 0.]
 [0. 0. 0.]
 [0. 0. 0.]]",1.0,0.0,1.0,2.0,1.0,0.5799016695788044,12.604742689964892,10.0,0.6948515021340951,0.0
167289.0,21.559999999999995,3.0183999999999997,"[[1. 1. 0.]
 [0. 0. 0.]
 [0. 0. 0.]]","[[0. 0. 0.]
 [0. 0. 0.]
 [0. 0. 0.]]",2.0,0.0,0.0,2.0,2.0,0.2730697261006236,6.0837750417410135,11.0,0.4542899679088219,0.0
167290.0,71.90259999999999,10.066364,"[[0. 1. 0.]
 [0. 1. 0.]
 [1. 0. 1.]]","[[0. 1. 0.]
 [0. 1. 0.]
 [0. 0. 0.]]",2.0,0.0,1.0,1.0,1.0,0.9767762713589939,21.829777533347887,15.0,0.3506144928811392,0.0
167291.0,0.0,0.0,"[[0. 0. 0.]
 [0. 0. 0.]
 [0. 0. 0.]]","[[0. 0. 0.]
 [0. 0. 0.]
 [0. 0. 0.]]",0.0,0.0,0.0,0.0,0.0,0.7823672480820169,14.39868683370144,11.0,0.13821223777772604,0.0
167292.0,47.53979999999999,6.655571999999999,"[[0. 0. 0.]
 [0. 1. 0.]
 [0. 0. 1.]]","[[0. 0. 0.]
 [0. 0. 0.]
 [0. 0. 0.]]",1.0,0.0,2.0,2.0,1.0,0.8569595455767804,25.475007803270064,9.0,0.05110956012733494,0.0
167293.0,12.828199999999992,1.795947999999999,"[[0. 0. 0.]
 [0. 0. 1.]
 [0. 1. 0.]]","[[0. 0. 0.]
 [0. 0. 0.]
 [0. 0. 0.]]",1.0,0.0,1.0,1.0,1.0,0.8728999115894254,4.74648055925866,9.0,0.017444079862440648,0.42821439560548585
167294.0,23.93159999999999,3.350423999999999,"[[0. 1. 1.]
 [0. 0. 0.]
 [0. 0. 1.]]","[[0. 0. 0.]
 [0. 0. 0.]
 [0. 0. 0.]]",1.0,0.0,3.0,3.0,1.0,1.2112498536271463,4.113404502917789,10.0,0.041007673644883356,0.0
167295.0,7.7616,1.086624,"[[0. 0. 0.]
 [0. 0. 0.]
 [0. 1. 0.]]","[[0. 0. 0.]
 [0. 0. 0.]
 [0. 0. 0.]]",1.0,0.0,0.0,0.0,1.0,0.6621316278865359,6.248933451341971,6.0,0.004827783575511981,0.0
167296.0,6.036799999999998,0.8451519999999998,"[[0. 0. 0.]
 [0. 0. 0.]
 [1. 0. 0.]]","[[0. 0. 0.]
 [0. 0. 0.]
 [0. 0. 0.]]",1.0,0.0,0.0,0.0,0.0,0.19790449395917753,0.6720836614853669,2.0,0.0,0.0
167297.0,37.94559999999999,5.312384,"[[0. 0. 1.]
 [0. 1. 0.]
 [0. 0. 0.]]","[[0. 0. 0.]
 [0. 1. 0.]
 [0. 0. 0.]]",0.0,0.0,1.0,1.0,0.0,0.1513708350616833,0.5112701325043415,2.0,0.4632351520179443,0.40535723402690543
167298.0,38.808,5.433120000000001,"[[0. 0. 0.]
 [0. 1. 0.]
 [0. 0. 0.]]","[[0. 0. 0.]
 [0. 1. 0.]
 [0. 0. 0.]]",0.0,0.0,0.0,0.0,0.0,-0.018166134183636273,-0.28887059933451054,2.0,0.8329218862869509,0.0
167299.0,284.1128,39.775792,"[[0. 0. 1.]
 [1. 1. 0.]
 [1. 0. 1.]]","[[0. 0. 0.]
 [0. 0. 0.]
 [0. 0. 1.]]",2.0,2.0,0.0,2.0,2.0,-0.12540770190289097,-0.512566359217496,7.0,1.4995398684034231,0.0
167300.0,77.6,10.864,"[[0. 0. 0.]
 [0. 0. 1.]
 [0. 0. 0.]]","[[0. 0. 0.]
 [0. 0. 0.]
 [0. 0. 0.]]",0.0,1.0,0.0,1.0,0.0,0.24507807523926597,0.8254229574058478,8.0,2.6028946776752537,0.0
167301.0,33.6336,4.708704000000001,"[[1. 0. 0.]
 [0. 0. 0.]
 [0. 0. 0.]]","[[0. 0. 0.]
 [0. 0. 0.]
 [0. 0. 0.]]",1.0,0.0,0.0,1.0,1.0,0.10578106084941222,0.33316802925130784,8.0,2.548704415179784,0.0
167302.0,0.0,0.0,"[[0. 0. 0.]
 [0. 0. 0.]
 [0. 0. 0.]]","[[0. 0. 0.]
 [0. 0. 0.]
 [0. 0. 0.]]",0.0,0.0,0.0,0.0,0.0,0.11319815582036974,0.3443940692678929,8.0,2.2616347877820737,0.0
167303.0,0.0,0.0,"[[0. 0. 0.]
 [0. 0. 0.]
 [0. 0. 0.]]","[[0. 0. 0.]
 [0. 0. 0.]
 [0. 0. 0.]]",0.0,0.0,0.0,0.0,0.0,0.5343218107521535,0.023510159673094753,8.0,2.097073860000882,0.0
167304.0,0.0,0.0,"[[0. 0. 0.]
 [0. 0. 0.]
 [0. 0. 0.]]","[[0. 0. 0.]
 [0. 0. 0.]
 [0. 0. 0.]]",0.0,0.0,0.0,0.0,0.0,,,,,0.0
167305.0,,,,,,,,,,,,,,
167306.0,,,,,,,,,,,,,,
167307.0,,,,,,,,,,,,,,
167308.0,,,,,,,,,,,,,,
167309.0,,,,,,,,,,,,,,
167310.0,,,,,,,,,,,,,,
167311.0,,,,,,,,,,,,,,
167312.0,,,,,,,,,,,,,,
167313.0,,,,,,,,,,,,,,
167314.0,,,,,,,,,,,,,,
167315.0,,,,,,,,,,,,,,
167316.0,,,,,,,,,,,,,,
167317.0,,,,,,,,,,,,,,
167318.0,,,,,,,,,,,,,,
167319.0,,,,,,,,,,,,,,
167320.0,,,,,,,,,,,,,,
167321.0,,,,,,,,,,,,,,
167322.0,,,,,,,,,,,,,,
167323.0,,,,,,,,,,,,,,
167324.0,,,,,,,,,,,,,,
167325.0,,,,,,,,,,,,,,
167326.0,,,,,,,,,,,,,,
167327.0,,,,,,,,,,,,,,
167328.0,,,,,,,,,,,,,,
167329.0,,,,,,,,,,,,,,
167330.0,,,,,,,,,,,,,,
167331.0,,,,,,,,,,,,,,
167332.0,,,,,,,,,,,,,,
167333.0,,,,,,,,,,,,,,
167334.0,,,,,,,,,,,,,,
167335.0,,,,,,,,,,,,,,
167336.0,,,,,,,,,,,,,,
167337.0,,,,,,,,,,,,,,
167338.0,,,,,,,,,,,,,,
167339.0,,,,,,,,,,,,,,
167340.0,,,,,,,,,,,,,,
167341.0,,,,,,,,,,,,,,
167342.0,,,,,,,,,,,,,,
167343.0,,,,,,,,,,,,,,
167344.0,,,,,,,,,,,,,,
167345.0,,,,,,,,,,,,,,
167346.0,,,,,,,,,,,,,,
167347.0,,,,,,,,,,,,,,
167348.0,,,,,,,,,,,,,,
167349.0,,,,,,,,,,,,,,
167350.0,,,,,,,,,,,,,,
167351.0,,,,,,,,,,,,,,
167352.0,,,,,,,,,,,,,,
167353.0,,,,,,,,,,,,,,
167354.0,,,,,,,,,,,,,,
167355.0,,,,,,,,,,,,,,
167356.0,,,,,,,,,,,,,,
167357.0,,,,,,,,,,,,,,
167358.0,,,,,,,,,,,,,,
167359.0,,,,,,,,,,,,,,
167360.0,,,,,,,,,,,,,,
167361.0,,,,,,,,,,,,,,
167362.0,,,,,,,,,,,,,,
167363.0,,,,,,,,,,,,,,
167364.0,,,,,,,,,,,,,,
167365.0,,,,,,,,,,,,,,
167366.0,,,,,,,,,,,,,,
167367.0,,,,,,,,,,,,,,
167368.0,,,,,,,,,,,,,,
167369.0,,,,,,,,,,,,,,
167370.0,,,,,,,,,,,,,,
167371.0,,,,,,,,,,,,,,
167372.0,,,,,,,,,,,,,,
167373.0,,,,,,,,,,,,,,
167374.0,,,,,,,,,,,,,,
167375.0,,,,,,,,,,,,,,
167376.0,,,,,,,,,,,,,,
167377.0,,,,,,,,,,,,,,
167378.0,,,,,,,,,,,,,,
167379.0,,,,,,,,,,,,,,
167380.0,,,,,,,,,,,,,,
167381.0,,,,,,,,,,,,,,
167382.0,,,,,,,,,,,,,,
167383.0,,,,,,,,,,,,,,
167384.0,,,,,,,,,,,,,,
167385.0,,,,,,,,,,,,,,
167386.0,,,,,,,,,,,,,,
167387.0,,,,,,,,,,,,,,
167388.0,,,,,,,,,,,,,,
167389.0,,,,,,,,,,,,,,
167390.0,,,,,,,,,,,,,,
167391.0,,,,,,,,,,,,,,
167392.0,,,,,,,,,,,,,,
167393.0,,,,,,,,,,,,,,
167394.0,,,,,,,,,,,,,,
167395.0,,,,,,,,,,,,,,
167396.0,,,,,,,,,,,,,,
167397.0,,,,,,,,,,,,,,
167398.0,,,,,,,,,,,,,,
167399.0,,,,,,,,,,,,,,
167400.0,,,,,,,,,,,,,,
167401.0,,,,,,,,,,,,,,
167402.0,,,,,,,,,,,,,,
167403.0,,,,,,,,,,,,,,
167404.0,,,,,,,,,,,,,,
167405.0,,,,,,,,,,,,,,
167406.0,,,,,,,,,,,,,,
167407.0,,,,,,,,,,,,,,
167408.0,,,,,,,,,,,,,,
167409.0,,,,,,,,,,,,,,
167410.0,,,,,,,,,,,,,,
167411.0,,,,,,,,,,,,,,
167412.0,,,,,,,,,,,,,,
167413.0,,,,,,,,,,,,,,
167414.0,,,,,,,,,,,,,,
167415.0,,,,,,,,,,,,,,
167416.0,,,,,,,,,,,,,,
167417.0,,,,,,,,,,,,,,
167418.0,,,,,,,,,,,,,,
167419.0,,,,,,,,,,,,,,
167420.0,,,,,,,,,,,,,,
167421.0,,,,,,,,,,,,,,
167422.0,,,,,,,,,,,,,,
167423.0,,,,,,,,,,,,,,
167424.0,,,,,,,,,,,,,,
167425.0,,,,,,,,,,,,,,
167426.0,,,,,,,,,,,,,,
167427.0,,,,,,,,,,,,,,
167428.0,,,,,,,,,,,,,,
167429.0,,,,,,,,,,,,,,
167430.0,,,,,,,,,,,,,,
167431.0,,,,,,,,,,,,,,
167432.0,,,,,,,,,,,,,,
167433.0,,,,,,,,,,,,,,
167434.0,,,,,,,,,,,,,,
167435.0,,,,,,,,,,,,,,
167436.0,,,,,,,,,,,,,,
167437.0,,,,,,,,,,,,,,
167438.0,,,,,,,,,,,,,,
167439.0,,,,,,,,,,,,,,
167440.0,,,,,,,,,,,,,,
167441.0,,,,,,,,,,,,,,
167442.0,,,,,,,,,,,,,,
167443.0,,,,,,,,,,,,,,
167444.0,,,,,,,,,,,,,,
167445.0,,,,,,,,,,,,,,
167446.0,,,,,,,,,,,,,,
167447.0,,,,,,,,,,,,,,
167448.0,,,,,,,,,,,,,,
167449.0,,,,,,,,,,,,,,
167450.0,,,,,,,,,,,,,,
167451.0,,,,,,,,,,,,,,
167452.0,,,,,,,,,,,,,,
167453.0,,,,,,,,,,,,,,
167454.0,,,,,,,,,,,,,,
167455.0,,,,,,,,,,,,,,
167456.0,,,,,,,,,,,,,,
167457.0,,,,,,,,,,,,,,
167458.0,,,,,,,,,,,,,,
167459.0,,,,,,,,,,,,,,
167460.0,,,,,,,,,,,,,,
167461.0,,,,,,,,,,,,,,
167462.0,,,,,,,,,,,,,,
167463.0,,,,,,,,,,,,,,
167464.0,,,,,,,,,,,,,,
167465.0,,,,,,,,,,,,,,
167466.0,,,,,,,,,,,,,,
167467.0,,,,,,,,,,,,,,
167468.0,,,,,,,,,,,,,,
167469.0,,,,,,,,,,,,,,
167470.0,,,,,,,,,,,,,,
167471.0,,,,,,,,,,,,,,
167472.0,,,,,,,,,,,,,,
167473.0,,,,,,,,,,,,,,
167474.0,,,,,,,,,,,,,,
167475.0,,,,,,,,,,,,,,
167476.0,,,,,,,,,,,,,,
167477.0,,,,,,,,,,,,,,
167478.0,,,,,,,,,,,,,,
167479.0,,,,,,,,,,,,,,
167480.0,,,,,,,,,,,,,,
167481.0,,,,,,,,,,,,,,
167482.0,,,,,,,,,,,,,,
167483.0,,,,,,,,,,,,,,
167484.0,,,,,,,,,,,,,,
167485.0,,,,,,,,,,,,,,
167486.0,,,,,,,,,,,,,,
167487.0,,,,,,,,,,,,,,
167488.0,,,,,,,,,,,,,,
167489.0,,,,,,,,,,,,,,
167490.0,,,,,,,,,,,,,,
167491.0,,,,,,,,,,,,,,
167492.0,,,,,,,,,,,,,,
167493.0,,,,,,,,,,,,,,
167494.0,,,,,,,,,,,,,,
167495.0,,,,,,,,,,,,,,
167496.0,,,,,,,,,,,,,,
167497.0,,,,,,,,,,,,,,
167498.0,,,,,,,,,,,,,,
167499.0,,,,,,,,,,,,,,
167500.0,,,,,,,,,,,,,,
167501.0,,,,,,,,,,,,,,
167502.0,,,,,,,,,,,,,,
167503.0,,,,,,,,,,,,,,
167504.0,,,,,,,,,,,,,,
167505.0,,,,,,,,,,,,,,
167506.0,,,,,,,,,,,,,,
167507.0,,,,,,,,,,,,,,
167508.0,,,,,,,,,,,,,,
167509.0,,,,,,,,,,,,,,
167510.0,,,,,,,,,,,,,,
167511.0,,,,,,,,,,,,,,
167512.0,,,,,,,,,,,,,,
167513.0,,,,,,,,,,,,,,
167514.0,,,,,,,,,,,,,,
167515.0,,,,,,,,,,,,,,
167516.0,,,,,,,,,,,,,,
167517.0,,,,,,,,,,,,,,
167518.0,,,,,,,,,,,,,,
167519.0,,,,,,,,,,,,,,
167520.0,,,,,,,,,,,,,,
167521.0,,,,,,,,,,,,,,
167522.0,,,,,,,,,,,,,,
167523.0,,,,,,,,,,,,,,
167524.0,,,,,,,,,,,,,,
167525.0,,,,,,,,,,,,,,
167526.0,,,,,,,,,,,,,,
167527.0,,,,,,,,,,,,,,
167528.0,,,,,,,,,,,,,,
167529.0,,,,,,,,,,,,,,
167530.0,,,,,,,,,,,,,,
167531.0,,,,,,,,,,,,,,
167532.0,,,,,,,,,,,,,,
167533.0,,,,,,,,,,,,,,
167534.0,,,,,,,,,,,,,,
167535.0,,,,,,,,,,,,,,
167536.0,,,,,,,,,,,,,,
167537.0,,,,,,,,,,,,,,
167538.0,,,,,,,,,,,,,,
167539.0,,,,,,,,,,,,,,
167540.0,,,,,,,,,,,,,,
167541.0,,,,,,,,,,,,,,
167542.0,,,,,,,,,,,,,,
167543.0,,,,,,,,,,,,,,
167544.0,,,,,,,,,,,,,,
167545.0,,,,,,,,,,,,,,
167546.0,,,,,,,,,,,,,,
167547.0,,,,,,,,,,,,,,
167548.0,,,,,,,,,,,,,,
167549.0,,,,,,,,,,,,,,
167550.0,,,,,,,,,,,,,,
167551.0,,,,,,,,,,,,,,
167552.0,,,,,,,,,,,,,,
167553.0,,,,,,,,,,,,,,
167554.0,,,,,,,,,,,,,,
167555.0,,,,,,,,,,,,,,
167556.0,,,,,,,,,,,,,,
167557.0,,,,,,,,,,,,,,
167558.0,,,,,,,,,,,,,,
167559.0,,,,,,,,,,,,,,
167560.0,,,,,,,,,,,,,,
167561.0,,,,,,,,,,,,,,
167562.0,,,,,,,,,,,,,,
167563.0,,,,,,,,,,,,,,
167564.0,,,,,,,,,,,,,,
167565.0,,,,,,,,,,,,,,
167566.0,,,,,,,,,,,,,,
167567.0,,,,,,,,,,,,,,
167568.0,,,,,,,,,,,,,,
167569.0,,,,,,,,,,,,,,
167570.0,,,,,,,,,,,,,,
167571.0,,,,,,,,,,,,,,
167572.0,,,,,,,,,,,,,,
167573.0,,,,,,,,,,,,,,
167574.0,,,,,,,,,,,,,,
167575.0,,,,,,,,,,,,,,
167576.0,,,,,,,,,,,,,,
167577.0,,,,,,,,,,,,,,
167578.0,,,,,,,,,,,,,,
167579.0,,,,,,,,,,,,,,
167580.0,,,,,,,,,,,,,,
167581.0,,,,,,,,,,,,,,
167582.0,,,,,,,,,,,,,,
167583.0,,,,,,,,,,,,,,
167584.0,,,,,,,,,,,,,,
167585.0,,,,,,,,,,,,,,
167586.0,,,,,,,,,,,,,,
167587.0,,,,,,,,,,,,,,
167588.0,,,,,,,,,,,,,,
167589.0,,,,,,,,,,,,,,
167590.0,,,,,,,,,,,,,,
167591.0,,,,,,,,,,,,,,
167592.0,,,,,,,,,,,,,,
167593.0,,,,,,,,,,,,,,
167594.0,,,,,,,,,,,,,,
167595.0,,,,,,,,,,,,,,
167596.0,,,,,,,,,,,,,,
167597.0,,,,,,,,,,,,,,
167598.0,,,,,,,,,,,,,,
167599.0,,,,,,,,,,,,,,
167600.0,,,,,,,,,,,,,,
167601.0,,,,,,,,,,,,,,
167602.0,,,,,,,,,,,,,,
167603.0,,,,,,,,,,,,,,
167604.0,,,,,,,,,,,,,,
167605.0,,,,,,,,,,,,,,
167606.0,,,,,,,,,,,,,,
167607.0,,,,,,,,,,,,,,
167608.0,,,,,,,,,,,,,,
167609.0,,,,,,,,,,,,,,
167610.0,,,,,,,,,,,,,,
167611.0,,,,,,,,,,,,,,
167612.0,,,,,,,,,,,,,,
167613.0,,,,,,,,,,,,,,
167614.0,,,,,,,,,,,,,,
167615.0,,,,,,,,,,,,,,
167616.0,,,,,,,,,,,,,,
167617.0,,,,,,,,,,,,,,
167618.0,,,,,,,,,,,,,,
167619.0,,,,,,,,,,,,,,
167620.0,,,,,,,,,,,,,,
167621.0,,,,,,,,,,,,,,
167622.0,,,,,,,,,,,,,,
167623.0,,,,,,,,,,,,,,
167624.0,,,,,,,,,,,,,,
167625.0,,,,,,,,,,,,,,
167626.0,,,,,,,,,,,,,,
167627.0,,,,,,,,,,,,,,
167628.0,,,,,,,,,,,,,,
167629.0,,,,,,,,,,,,,,
167630.0,,,,,,,,,,,,,,
167631.0,,,,,,,,,,,,,,
167632.0,,,,,,,,,,,,,,
167633.0,,,,,,,,,,,,,,
167634.0,,,,,,,,,,,,,,
167635.0,,,,,,,,,,,,,,
167636.0,,,,,,,,,,,,,,
167637.0,,,,,,,,,,,,,,
167638.0,,,,,,,,,,,,,,
167639.0,,,,,,,,,,,,,,
167640.0,,,,,,,,,,,,,,
167641.0,,,,,,,,,,,,,,
167642.0,,,,,,,,,,,,,,
167643.0,,,,,,,,,,,,,,
167644.0,,,,,,,,,,,,,,
167645.0,,,,,,,,,,,,,,
167646.0,,,,,,,,,,,,,,
167647.0,,,,,,,,,,,,,,
167648.0,,,,,,,,,,,,,,
167649.0,,,,,,,,,,,,,,
167650.0,,,,,,,,,,,,,,
167651.0,,,,,,,,,,,,,,
167652.0,,,,,,,,,,,,,,
167653.0,,,,,,,,,,,,,,
167654.0,,,,,,,,,,,,,,
167655.0,,,,,,,,,,,,,,
167656.0,,,,,,,,,,,,,,
167657.0,,,,,,,,,,,,,,
167658.0,,,,,,,,,,,,,,
167659.0,,,,,,,,,,,,,,
167660.0,,,,,,,,,,,,,,
167661.0,,,,,,,,,,,,,,
167662.0,,,,,,,,,,,,,,
167663.0,,,,,,,,,,,,,,
167664.0,,,,,,,,,,,,,,
167665.0,,,,,,,,,,,,,,
167666.0,,,,,,,,,,,,,,
167667.0,,,,,,,,,,,,,,
167668.0,,,,,,,,,,,,,,
167669.0,,,,,,,,,,,,,,
167670.0,,,,,,,,,,,,,,
167671.0,,,,,,,,,,,,,,
167672.0,,,,,,,,,,,,,,
167673.0,,,,,,,,,,,,,,
167674.0,,,,,,,,,,,,,,
167675.0,,,,,,,,,,,,,,
167676.0,,,,,,,,,,,,,,
167677.0,,,,,,,,,,,,,,
167678.0,,,,,,,,,,,,,,
167679.0,,,,,,,,,,,,,,
167680.0,,,,,,,,,,,,,,
167681.0,,,,,,,,,,,,,,
167682.0,,,,,,,,,,,,,,
167683.0,,,,,,,,,,,,,,
167684.0,,,,,,,,,,,,,,
167685.0,,,,,,,,,,,,,,
167686.0,,,,,,,,,,,,,,
167687.0,,,,,,,,,,,,,,
167688.0,,,,,,,,,,,,,,
167689.0,,,,,,,,,,,,,,
167690.0,,,,,,,,,,,,,,
167691.0,,,,,,,,,,,,,,
167692.0,,,,,,,,,,,,,,
167693.0,,,,,,,,,,,,,,
167694.0,,,,,,,,,,,,,,
167695.0,,,,,,,,,,,,,,
167696.0,,,,,,,,,,,,,,
167697.0,,,,,,,,,,,,,,
167698.0,,,,,,,,,,,,,,
167699.0,,,,,,,,,,,,,,
167700.0,,,,,,,,,,,,,,
167701.0,,,,,,,,,,,,,,
167702.0,,,,,,,,,,,,,,
167703.0,,,,,,,,,,,,,,
167704.0,,,,,,,,,,,,,,
167705.0,,,,,,,,,,,,,,
167706.0,,,,,,,,,,,,,,
167707.0,,,,,,,,,,,,,,
167708.0,,,,,,,,,,,,,,
167709.0,,,,,,,,,,,,,,
167710.0,,,,,,,,,,,,,,
167711.0,,,,,,,,,,,,,,
167712.0,,,,,,,,,,,,,,
167713.0,,,,,,,,,,,,,,
167714.0,,,,,,,,,,,,,,
167715.0,,,,,,,,,,,,,,
167716.0,,,,,,,,,,,,,,
167717.0,,,,,,,,,,,,,,
167718.0,,,,,,,,,,,,,,
167719.0,,,,,,,,,,,,,,
167720.0,,,,,,,,,,,,,,
167721.0,,,,,,,,,,,,,,
167722.0,,,,,,,,,,,,,,
167723.0,,,,,,,,,,,,,,
167724.0,,,,,,,,,,,,,,
167725.0,,,,,,,,,,,,,,
167726.0,,,,,,,,,,,,,,
167727.0,,,,,,,,,,,,,,
167728.0,,,,,,,,,,,,,,
167729.0,,,,,,,,,,,,,,
167730.0,,,,,,,,,,,,,,
167731.0,,,,,,,,,,,,,,
167732.0,,,,,,,,,,,,,,
167733.0,,,,,,,,,,,,,,
167734.0,,,,,,,,,,,,,,
167735.0,,,,,,,,,,,,,,
167736.0,,,,,,,,,,,,,,
167737.0,,,,,,,,,,,,,,
167738.0,,,,,,,,,,,,,,
167739.0,,,,,,,,,,,,,,
167740.0,,,,,,,,,,,,,,
167741.0,,,,,,,,,,,,,,
167742.0,,,,,,,,,,,,,,
167743.0,,,,,,,,,,,,,,
167744.0,,,,,,,,,,,,,,
167745.0,,,,,,,,,,,,,,
167746.0,,,,,,,,,,,,,,
167747.0,,,,,,,,,,,,,,
167748.0,,,,,,,,,,,,,,
167749.0,,,,,,,,,,,,,,
167750.0,,,,,,,,,,,,,,
167751.0,,,,,,,,,,,,,,
167752.0,,,,,,,,,,,,,,
167753.0,,,,,,,,,,,,,,
167754.0,,,,,,,,,,,,,,
167755.0,,,,,,,,,,,,,,
167756.0,,,,,,,,,,,,,,
167757.0,,,,,,,,,,,,,,
167758.0,,,,,,,,,,,,,,
167759.0,,,,,,,,,,,,,,
167760.0,,,,,,,,,,,,,,
167761.0,,,,,,,,,,,,,,
167762.0,,,,,,,,,,,,,,
167763.0,,,,,,,,,,,,,,
167764.0,,,,,,,,,,,,,,
167765.0,,,,,,,,,,,,,,
167766.0,,,,,,,,,,,,,,
167767.0,,,,,,,,,,,,,,
167768.0,,,,,,,,,,,,,,
167769.0,,,,,,,,,,,,,,
167770.0,,,,,,,,,,,,,,
167771.0,,,,,,,,,,,,,,
167772.0,,,,,,,,,,,,,,
167773.0,,,,,,,,,,,,,,
167774.0,,,,,,,,,,,,,,
167775.0,,,,,,,,,,,,,,
167776.0,,,,,,,,,,,,,,
167777.0,,,,,,,,,,,,,,
167778.0,,,,,,,,,,,,,,
167779.0,,,,,,,,,,,,,,
167780.0,,,,,,,,,,,,,,
167781.0,,,,,,,,,,,,,,
167782.0,,,,,,,,,,,,,,
167783.0,,,,,,,,,,,,,,
167784.0,,,,,,,,,,,,,,
167785.0,,,,,,,,,,,,,,
167786.0,,,,,,,,,,,,,,
167787.0,,,,,,,,,,,,,,
167788.0,,,,,,,,,,,,,,
167789.0,,,,,,,,,,,,,,
167790.0,,,,,,,,,,,,,,
167791.0,,,,,,,,,,,,,,
167792.0,,,,,,,,,,,,,,
167793.0,,,,,,,,,,,,,,
167794.0,,,,,,,,,,,,,,
167795.0,,,,,,,,,,,,,,
167796.0,,,,,,,,,,,,,,
167797.0,,,,,,,,,,,,,,
167798.0,,,,,,,,,,,,,,
167799.0,,,,,,,,,,,,,,
167800.0,,,,,,,,,,,,,,
167801.0,,,,,,,,,,,,,,
167802.0,,,,,,,,,,,,,,
167803.0,,,,,,,,,,,,,,
167804.0,,,,,,,,,,,,,,
167805.0,,,,,,,,,,,,,,
167806.0,,,,,,,,,,,,,,
167807.0,,,,,,,,,,,,,,
167808.0,,,,,,,,,,,,,,
167809.0,,,,,,,,,,,,,,
167810.0,,,,,,,,,,,,,,
167811.0,,,,,,,,,,,,,,
167812.0,,,,,,,,,,,,,,
167813.0,,,,,,,,,,,,,,
167814.0,,,,,,,,,,,,,,
167815.0,,,,,,,,,,,,,,
167816.0,,,,,,,,,,,,,,
167817.0,,,,,,,,,,,,,,
167818.0,,,,,,,,,,,,,,
167819.0,,,,,,,,,,,,,,
167820.0,,,,,,,,,,,,,,
167821.0,,,,,,,,,,,,,,
167822.0,,,,,,,,,,,,,,
167823.0,,,,,,,,,,,,,,
167824.0,,,,,,,,,,,,,,
167825.0,,,,,,,,,,,,,,
167826.0,,,,,,,,,,,,,,
167827.0,,,,,,,,,,,,,,
167828.0,,,,,,,,,,,,,,
167829.0,,,,,,,,,,,,,,
167830.0,,,,,,,,,,,,,,
167831.0,,,,,,,,,,,,,,
167832.0,,,,,,,,,,,,,,
167833.0,,,,,,,,,,,,,,
167834.0,,,,,,,,,,,,,,
167835.0,,,,,,,,,,,,,,
167836.0,,,,,,,,,,,,,,
167837.0,,,,,,,,,,,,,,
167838.0,,,,,,,,,,,,,,
167839.0,,,,,,,,,,,,,,
167840.0,,,,,,,,,,,,,,
167841.0,,,,,,,,,,,,,,
167842.0,,,,,,,,,,,,,,
167843.0,,,,,,,,,,,,,,
167844.0,,,,,,,,,,,,,,
167845.0,,,,,,,,,,,,,,
167846.0,,,,,,,,,,,,,,
167847.0,,,,,,,,,,,,,,
167848.0,,,,,,,,,,,,,,
167849.0,,,,,,,,,,,,,,
167850.0,,,,,,,,,,,,,,
167851.0,,,,,,,,,,,,,,
167852.0,,,,,,,,,,,,,,
167853.0,,,,,,,,,,,,,,
167854.0,,,,,,,,,,,,,,
167855.0,,,,,,,,,,,,,,
167856.0,,,,,,,,,,,,,,
167857.0,,,,,,,,,,,,,,
167858.0,,,,,,,,,,,,,,
167859.0,,,,,,,,,,,,,,
167860.0,,,,,,,,,,,,,,
167861.0,,,,,,,,,,,,,,
167862.0,,,,,,,,,,,,,,
167863.0,,,,,,,,,,,,,,
167864.0,,,,,,,,,,,,,,
167865.0,,,,,,,,,,,,,,
167866.0,,,,,,,,,,,,,,
167867.0,,,,,,,,,,,,,,
167868.0,,,,,,,,,,,,,,
167869.0,,,,,,,,,,,,,,
167870.0,,,,,,,,,,,,,,
167871.0,,,,,,,,,,,,,,
167872.0,,,,,,,,,,,,,,
167873.0,,,,,,,,,,,,,,
167874.0,,,,,,,,,,,,,,
167875.0,,,,,,,,,,,,,,
167876.0,,,,,,,,,,,,,,
167877.0,,,,,,,,,,,,,,
167878.0,,,,,,,,,,,,,,
167879.0,,,,,,,,,,,,,,
167880.0,,,,,,,,,,,,,,
167881.0,,,,,,,,,,,,,,
167882.0,,,,,,,,,,,,,,
167883.0,,,,,,,,,,,,,,
167884.0,,,,,,,,,,,,,,
167885.0,,,,,,,,,,,,,,
167886.0,,,,,,,,,,,,,,
167887.0,,,,,,,,,,,,,,
167888.0,,,,,,,,,,,,,,
167889.0,,,,,,,,,,,,,,
167890.0,,,,,,,,,,,,,,
167891.0,,,,,,,,,,,,,,
167892.0,,,,,,,,,,,,,,
167893.0,,,,,,,,,,,,,,
167894.0,,,,,,,,,,,,,,
167895.0,,,,,,,,,,,,,,
167896.0,,,,,,,,,,,,,,
167897.0,,,,,,,,,,,,,,
167898.0,,,,,,,,,,,,,,
167899.0,,,,,,,,,,,,,,
167900.0,,,,,,,,,,,,,,
167901.0,,,,,,,,,,,,,,
167902.0,,,,,,,,,,,,,,
167903.0,,,,,,,,,,,,,,
167904.0,,,,,,,,,,,,,,
167905.0,,,,,,,,,,,,,,
167906.0,,,,,,,,,,,,,,
167907.0,,,,,,,,,,,,,,
167908.0,,,,,,,,,,,,,,
167909.0,,,,,,,,,,,,,,
167910.0,,,,,,,,,,,,,,
167911.0,,,,,,,,,,,,,,
167912.0,,,,,,,,,,,,,,
167913.0,,,,,,,,,,,,,,
167914.0,,,,,,,,,,,,,,
167915.0,,,,,,,,,,,,,,
167916.0,,,,,,,,,,,,,,
167917.0,,,,,,,,,,,,,,
167918.0,,,,,,,,,,,,,,
167919.0,,,,,,,,,,,,,,
167920.0,,,,,,,,,,,,,,
167921.0,,,,,,,,,,,,,,
167922.0,,,,,,,,,,,,,,
167923.0,,,,,,,,,,,,,,
167924.0,,,,,,,,,,,,,,
167925.0,,,,,,,,,,,,,,
167926.0,,,,,,,,,,,,,,
167927.0,,,,,,,,,,,,,,
167928.0,,,,,,,,,,,,,,
167929.0,,,,,,,,,,,,,,
167930.0,,,,,,,,,,,,,,
167931.0,,,,,,,,,,,,,,
167932.0,,,,,,,,,,,,,,
167933.0,,,,,,,,,,,,,,
167934.0,,,,,,,,,,,,,,
167935.0,,,,,,,,,,,,,,
167936.0,,,,,,,,,,,,,,
167937.0,,,,,,,,,,,,,,
167938.0,,,,,,,,,,,,,,
167939.0,,,,,,,,,,,,,,
167940.0,,,,,,,,,,,,,,
167941.0,,,,,,,,,,,,,,
167942.0,,,,,,,,,,,,,,
167943.0,,,,,,,,,,,,,,
167944.0,,,,,,,,,,,,,,
167945.0,,,,,,,,,,,,,,
167946.0,,,,,,,,,,,,,,
167947.0,,,,,,,,,,,,,,
167948.0,,,,,,,,,,,,,,
167949.0,,,,,,,,,,,,,,
167950.0,,,,,,,,,,,,,,
167951.0,,,,,,,,,,,,,,
167952.0,,,,,,,,,,,,,,
167953.0,,,,,,,,,,,,,,
167954.0,,,,,,,,,,,,,,
167955.0,,,,,,,,,,,,,,
167956.0,,,,,,,,,,,,,,
167957.0,,,,,,,,,,,,,,
167958.0,,,,,,,,,,,,,,
167959.0,,,,,,,,,,,,,,
167960.0,,,,,,,,,,,,,,
167961.0,,,,,,,,,,,,,,
167962.0,,,,,,,,,,,,,,
167963.0,,,,,,,,,,,,,,
167964.0,,,,,,,,,,,,,,
167965.0,,,,,,,,,,,,,,
167966.0,,,,,,,,,,,,,,
167967.0,,,,,,,,,,,,,,
167968.0,,,,,,,,,,,,,,
167969.0,,,,,,,,,,,,,,
167970.0,,,,,,,,,,,,,,
167971.0,,,,,,,,,,,,,,
167972.0,,,,,,,,,,,,,,
167973.0,,,,,,,,,,,,,,
167974.0,,,,,,,,,,,,,,
167975.0,,,,,,,,,,,,,,
167976.0,,,,,,,,,,,,,,
167977.0,,,,,,,,,,,,,,
167978.0,,,,,,,,,,,,,,
167979.0,,,,,,,,,,,,,,
167980.0,,,,,,,,,,,,,,
167981.0,,,,,,,,,,,,,,
167982.0,,,,,,,,,,,,,,
167983.0,,,,,,,,,,,,,,
167984.0,,,,,,,,,,,,,,
167985.0,,,,,,,,,,,,,,
167986.0,,,,,,,,,,,,,,
167987.0,,,,,,,,,,,,,,
167988.0,,,,,,,,,,,,,,
167989.0,,,,,,,,,,,,,,
167990.0,,,,,,,,,,,,,,
167991.0,,,,,,,,,,,,,,
167992.0,,,,,,,,,,,,,,
167993.0,,,,,,,,,,,,,,
167994.0,,,,,,,,,,,,,,
167995.0,,,,,,,,,,,,,,
167996.0,,,,,,,,,,,,,,
167997.0,,,,,,,,,,,,,,
167998.0,,,,,,,,,,,,,,
167999.0,,,,,,,,,,,,,,
168000.0,,,,,,,,,,,,,,
168001.0,,,,,,,,,,,,,,
168002.0,,,,,,,,,,,,,,
168003.0,,,,,,,,,,,,,,
168004.0,,,,,,,,,,,,,,
168005.0,,,,,,,,,,,,,,
168006.0,,,,,,,,,,,,,,
168007.0,,,,,,,,,,,,,,
168008.0,,,,,,,,,,,,,,
168009.0,,,,,,,,,,,,,,
168010.0,,,,,,,,,,,,,,
168011.0,,,,,,,,,,,,,,
168012.0,,,,,,,,,,,,,,
168013.0,,,,,,,,,,,,,,
168014.0,,,,,,,,,,,,,,
168015.0,,,,,,,,,,,,,,
168016.0,,,,,,,,,,,,,,
168017.0,,,,,,,,,,,,,,
168018.0,,,,,,,,,,,,,,
168019.0,,,,,,,,,,,,,,
168020.0,,,,,,,,,,,,,,
168021.0,,,,,,,,,,,,,,
168022.0,,,,,,,,,,,,,,
168023.0,,,,,,,,,,,,,,
168024.0,,,,,,,,,,,,,,
168025.0,,,,,,,,,,,,,,
168026.0,,,,,,,,,,,,,,
168027.0,,,,,,,,,,,,,,
168028.0,,,,,,,,,,,,,,
168029.0,,,,,,,,,,,,,,
168030.0,,,,,,,,,,,,,,
168031.0,,,,,,,,,,,,,,
168032.0,,,,,,,,,,,,,,
168033.0,,,,,,,,,,,,,,
168034.0,,,,,,,,,,,,,,
168035.0,,,,,,,,,,,,,,
168036.0,,,,,,,,,,,,,,
168037.0,,,,,,,,,,,,,,
168038.0,,,,,,,,,,,,,,
168039.0,,,,,,,,,,,,,,
168040.0,,,,,,,,,,,,,,
168041.0,,,,,,,,,,,,,,
168042.0,,,,,,,,,,,,,,
168043.0,,,,,,,,,,,,,,
168044.0,,,,,,,,,,,,,,
168045.0,,,,,,,,,,,,,,
168046.0,,,,,,,,,,,,,,
168047.0,,,,,,,,,,,,,,
168048.0,,,,,,,,,,,,,,
168049.0,,,,,,,,,,,,,,
168050.0,,,,,,,,,,,,,,
168051.0,,,,,,,,,,,,,,
168052.0,,,,,,,,,,,,,,
168053.0,,,,,,,,,,,,,,
168054.0,,,,,,,,,,,,,,
168055.0,,,,,,,,,,,,,,
168056.0,,,,,,,,,,,,,,
168057.0,,,,,,,,,,,,,,
168058.0,,,,,,,,,,,,,,
168059.0,,,,,,,,,,,,,,
168060.0,,,,,,,,,,,,,,
168061.0,,,,,,,,,,,,,,
168062.0,,,,,,,,,,,,,,
168063.0,,,,,,,,,,,,,,
168064.0,,,,,,,,,,,,,,
168065.0,,,,,,,,,,,,,,
168066.0,,,,,,,,,,,,,,
168067.0,,,,,,,,,,,,,,
168068.0,,,,,,,,,,,,,,
168069.0,,,,,,,,,,,,,,
168070.0,,,,,,,,,,,,,,
168071.0,,,,,,,,,,,,,,
168072.0,,,,,,,,,,,,,,
168073.0,,,,,,,,,,,,,,
168074.0,,,,,,,,,,,,,,
168075.0,,,,,,,,,,,,,,
168076.0,,,,,,,,,,,,,,
168077.0,,,,,,,,,,,,,,
168078.0,,,,,,,,,,,,,,
168079.0,,,,,,,,,,,,,,
168080.0,,,,,,,,,,,,,,
168081.0,,,,,,,,,,,,,,
168082.0,,,,,,,,,,,,,,
168083.0,,,,,,,,,,,,,,
168084.0,,,,,,,,,,,,,,
168085.0,,,,,,,,,,,,,,
168086.0,,,,,,,,,,,,,,
168087.0,,,,,,,,,,,,,,
168088.0,,,,,,,,,,,,,,
168089.0,,,,,,,,,,,,,,
168090.0,,,,,,,,,,,,,,
168091.0,,,,,,,,,,,,,,
168092.0,,,,,,,,,,,,,,
168093.0,,,,,,,,,,,,,,
168094.0,,,,,,,,,,,,,,
168095.0,,,,,,,,,,,,,,
168096.0,,,,,,,,,,,,,,
168097.0,,,,,,,,,,,,,,
168098.0,,,,,,,,,,,,,,
168099.0,,,,,,,,,,,,,,
168100.0,,,,,,,,,,,,,,
168101.0,,,,,,,,,,,,,,
168102.0,,,,,,,,,,,,,,
168103.0,,,,,,,,,,,,,,
168104.0,,,,,,,,,,,,,,
168105.0,,,,,,,,,,,,,,
168106.0,,,,,,,,,,,,,,
168107.0,,,,,,,,,,,,,,
168108.0,,,,,,,,,,,,,,
168109.0,,,,,,,,,,,,,,
168110.0,,,,,,,,,,,,,,
168111.0,,,,,,,,,,,,,,
168112.0,,,,,,,,,,,,,,
168113.0,,,,,,,,,,,,,,
168114.0,,,,,,,,,,,,,,
168115.0,,,,,,,,,,,,,,
168116.0,,,,,,,,,,,,,,
168117.0,,,,,,,,,,,,,,
168118.0,,,,,,,,,,,,,,
168119.0,,,,,,,,,,,,,,
168120.0,,,,,,,,,,,,,,
168121.0,,,,,,,,,,,,,,
168122.0,,,,,,,,,,,,,,
168123.0,,,,,,,,,,,,,,
168124.0,,,,,,,,,,,,,,
168125.0,,,,,,,,,,,,,,
168126.0,,,,,,,,,,,,,,
168127.0,,,,,,,,,,,,,,
168128.0,,,,,,,,,,,,,,
168129.0,,,,,,,,,,,,,,
168130.0,,,,,,,,,,,,,,
168131.0,,,,,,,,,,,,,,
168132.0,,,,,,,,,,,,,,
168133.0,,,,,,,,,,,,,,
168134.0,,,,,,,,,,,,,,
168135.0,,,,,,,,,,,,,,
168136.0,,,,,,,,,,,,,,
168137.0,,,,,,,,,,,,,,
168138.0,,,,,,,,,,,,,,
168139.0,,,,,,,,,,,,,,
168140.0,,,,,,,,,,,,,,
168141.0,,,,,,,,,,,,,,
168142.0,,,,,,,,,,,,,,
168143.0,,,,,,,,,,,,,,
168144.0,,,,,,,,,,,,,,
168145.0,,,,,,,,,,,,,,
168146.0,,,,,,,,,,,,,,
168147.0,,,,,,,,,,,,,,
168148.0,,,,,,,,,,,,,,
168149.0,,,,,,,,,,,,,,
168150.0,,,,,,,,,,,,,,
168151.0,,,,,,,,,,,,,,
168152.0,,,,,,,,,,,,,,
168153.0,,,,,,,,,,,,,,
168154.0,,,,,,,,,,,,,,
168155.0,,,,,,,,,,,,,,
168156.0,,,,,,,,,,,,,,
168157.0,,,,,,,,,,,,,,
168158.0,,,,,,,,,,,,,,
168159.0,,,,,,,,,,,,,,
168160.0,,,,,,,,,,,,,,
168161.0,,,,,,,,,,,,,,
168162.0,,,,,,,,,,,,,,
168163.0,,,,,,,,,,,,,,
168164.0,,,,,,,,,,,,,,
168165.0,,,,,,,,,,,,,,
168166.0,,,,,,,,,,,,,,
168167.0,,,,,,,,,,,,,,
168168.0,,,,,,,,,,,,,,
168169.0,,,,,,,,,,,,,,
168170.0,,,,,,,,,,,,,,
168171.0,,,,,,,,,,,,,,
168172.0,,,,,,,,,,,,,,
168173.0,,,,,,,,,,,,,,
168174.0,,,,,,,,,,,,,,
168175.0,,,,,,,,,,,,,,
168176.0,,,,,,,,,,,,,,
168177.0,,,,,,,,,,,,,,
168178.0,,,,,,,,,,,,,,
168179.0,,,,,,,,,,,,,,
168180.0,,,,,,,,,,,,,,
168181.0,,,,,,,,,,,,,,
168182.0,,,,,,,,,,,,,,
168183.0,,,,,,,,,,,,,,
168184.0,,,,,,,,,,,,,,
168185.0,,,,,,,,,,,,,,
168186.0,,,,,,,,,,,,,,
168187.0,,,,,,,,,,,,,,
168188.0,,,,,,,,,,,,,,
168189.0,,,,,,,,,,,,,,
168190.0,,,,,,,,,,,,,,
168191.0,,,,,,,,,,,,,,
168192.0,,,,,,,,,,,,,,
168193.0,,,,,,,,,,,,,,
168194.0,,,,,,,,,,,,,,
168195.0,,,,,,,,,,,,,,
168196.0,,,,,,,,,,,,,,
168197.0,,,,,,,,,,,,,,
168198.0,,,,,,,,,,,,,,
168199.0,,,,,,,,,,,,,,
168200.0,,,,,,,,,,,,,,
168201.0,,,,,,,,,,,,,,
168202.0,,,,,,,,,,,,,,
168203.0,,,,,,,,,,,,,,
168204.0,,,,,,,,,,,,,,
168205.0,,,,,,,,,,,,,,
168206.0,,,,,,,,,,,,,,
168207.0,,,,,,,,,,,,,,
168208.0,,,,,,,,,,,,,,
168209.0,,,,,,,,,,,,,,
168210.0,,,,,,,,,,,,,,
168211.0,,,,,,,,,,,,,,
168212.0,,,,,,,,,,,,,,
168213.0,,,,,,,,,,,,,,
168214.0,,,,,,,,,,,,,,
168215.0,,,,,,,,,,,,,,
168216.0,,,,,,,,,,,,,,
168217.0,,,,,,,,,,,,,,
168218.0,,,,,,,,,,,,,,
168219.0,,,,,,,,,,,,,,
168220.0,,,,,,,,,,,,,,
168221.0,,,,,,,,,,,,,,
168222.0,,,,,,,,,,,,,,
168223.0,,,,,,,,,,,,,,
168224.0,,,,,,,,,,,,,,
168225.0,,,,,,,,,,,,,,
168226.0,,,,,,,,,,,,,,
168227.0,,,,,,,,,,,,,,
168228.0,,,,,,,,,,,,,,
168229.0,,,,,,,,,,,,,,
168230.0,,,,,,,,,,,,,,
168231.0,,,,,,,,,,,,,,
168232.0,,,,,,,,,,,,,,
168233.0,,,,,,,,,,,,,,
168234.0,,,,,,,,,,,,,,
168235.0,,,,,,,,,,,,,,
168236.0,,,,,,,,,,,,,,
168237.0,,,,,,,,,,,,,,
168238.0,,,,,,,,,,,,,,
168239.0,,,,,,,,,,,,,,
168240.0,,,,,,,,,,,,,,
168241.0,,,,,,,,,,,,,,
168242.0,,,,,,,,,,,,,,
168243.0,,,,,,,,,,,,,,
168244.0,,,,,,,,,,,,,,
168245.0,,,,,,,,,,,,,,
168246.0,,,,,,,,,,,,,,
168247.0,,,,,,,,,,,,,,
168248.0,,,,,,,,,,,,,,
168249.0,,,,,,,,,,,,,,
168250.0,,,,,,,,,,,,,,
168251.0,,,,,,,,,,,,,,
168252.0,,,,,,,,,,,,,,
168253.0,,,,,,,,,,,,,,
168254.0,,,,,,,,,,,,,,
168255.0,,,,,,,,,,,,,,
168256.0,,,,,,,,,,,,,,
168257.0,,,,,,,,,,,,,,
168258.0,,,,,,,,,,,,,,
168259.0,,,,,,,,,,,,,,
168260.0,,,,,,,,,,,,,,
168261.0,,,,,,,,,,,,,,
168262.0,,,,,,,,,,,,,,
168263.0,,,,,,,,,,,,,,
168264.0,,,,,,,,,,,,,,
168265.0,,,,,,,,,,,,,,
168266.0,,,,,,,,,,,,,,
168267.0,,,,,,,,,,,,,,
168268.0,,,,,,,,,,,,,,
168269.0,,,,,,,,,,,,,,
168270.0,,,,,,,,,,,,,,
168271.0,,,,,,,,,,,,,,
168272.0,,,,,,,,,,,,,,
168273.0,,,,,,,,,,,,,,
168274.0,,,,,,,,,,,,,,
168275.0,,,,,,,,,,,,,,
168276.0,,,,,,,,,,,,,,
168277.0,,,,,,,,,,,,,,
168278.0,,,,,,,,,,,,,,
168279.0,,,,,,,,,,,,,,
168280.0,,,,,,,,,,,,,,
168281.0,,,,,,,,,,,,,,
168282.0,,,,,,,,,,,,,,
168283.0,,,,,,,,,,,,,,
168284.0,,,,,,,,,,,,,,
168285.0,,,,,,,,,,,,,,
168286.0,,,,,,,,,,,,,,
168287.0,,,,,,,,,,,,,,
168288.0,,,,,,,,,,,,,,
168289.0,,,,,,,,,,,,,,
168290.0,,,,,,,,,,,,,,
168291.0,,,,,,,,,,,,,,
168292.0,,,,,,,,,,,,,,
168293.0,,,,,,,,,,,,,,
168294.0,,,,,,,,,,,,,,
168295.0,,,,,,,,,,,,,,
168296.0,,,,,,,,,,,,,,
168297.0,,,,,,,,,,,,,,
168298.0,,,,,,,,,,,,,,
168299.0,,,,,,,,,,,,,,
168300.0,,,,,,,,,,,,,,
168301.0,,,,,,,,,,,,,,
168302.0,,,,,,,,,,,,,,
168303.0,,,,,,,,,,,,,,
168304.0,,,,,,,,,,,,,,
168305.0,,,,,,,,,,,,,,
168306.0,,,,,,,,,,,,,,
168307.0,,,,,,,,,,,,,,
168308.0,,,,,,,,,,,,,,
168309.0,,,,,,,,,,,,,,
168310.0,,,,,,,,,,,,,,
168311.0,,,,,,,,,,,,,,
168312.0,,,,,,,,,,,,,,
168313.0,,,,,,,,,,,,,,
168314.0,,,,,,,,,,,,,,
168315.0,,,,,,,,,,,,,,
168316.0,,,,,,,,,,,,,,
168317.0,,,,,,,,,,,,,,
168318.0,,,,,,,,,,,,,,
168319.0,,,,,,,,,,,,,,
168320.0,,,,,,,,,,,,,,
168321.0,,,,,,,,,,,,,,
168322.0,,,,,,,,,,,,,,
168323.0,,,,,,,,,,,,,,
168324.0,,,,,,,,,,,,,,
168325.0,,,,,,,,,,,,,,
168326.0,,,,,,,,,,,,,,
168327.0,,,,,,,,,,,,,,
168328.0,,,,,,,,,,,,,,
168329.0,,,,,,,,,,,,,,
168330.0,,,,,,,,,,,,,,
168331.0,,,,,,,,,,,,,,
168332.0,,,,,,,,,,,,,,
168333.0,,,,,,,,,,,,,,
168334.0,,,,,,,,,,,,,,
168335.0,,,,,,,,,,,,,,
168336.0,,,,,,,,,,,,,,
168337.0,,,,,,,,,,,,,,
168338.0,,,,,,,,,,,,,,
168339.0,,,,,,,,,,,,,,
168340.0,,,,,,,,,,,,,,
168341.0,,,,,,,,,,,,,,
168342.0,,,,,,,,,,,,,,
168343.0,,,,,,,,,,,,,,
168344.0,,,,,,,,,,,,,,
168345.0,,,,,,,,,,,,,,
168346.0,,,,,,,,,,,,,,
168347.0,,,,,,,,,,,,,,
168348.0,,,,,,,,,,,,,,
168349.0,,,,,,,,,,,,,,
168350.0,,,,,,,,,,,,,,
168351.0,,,,,,,,,,,,,,
168352.0,,,,,,,,,,,,,,
168353.0,,,,,,,,,,,,,,
168354.0,,,,,,,,,,,,,,
168355.0,,,,,,,,,,,,,,
168356.0,,,,,,,,,,,,,,
168357.0,,,,,,,,,,,,,,
168358.0,,,,,,,,,,,,,,
168359.0,,,,,,,,,,,,,,
168360.0,,,,,,,,,,,,,,
168361.0,,,,,,,,,,,,,,
168362.0,,,,,,,,,,,,,,
168363.0,,,,,,,,,,,,,,
168364.0,,,,,,,,,,,,,,
168365.0,,,,,,,,,,,,,,
168366.0,,,,,,,,,,,,,,
168367.0,,,,,,,,,,,,,,
168368.0,,,,,,,,,,,,,,
168369.0,,,,,,,,,,,,,,
168370.0,,,,,,,,,,,,,,
168371.0,,,,,,,,,,,,,,
168372.0,,,,,,,,,,,,,,
168373.0,,,,,,,,,,,,,,
168374.0,,,,,,,,,,,,,,
168375.0,,,,,,,,,,,,,,
168376.0,,,,,,,,,,,,,,
168377.0,,,,,,,,,,,,,,
168378.0,,,,,,,,,,,,,,
168379.0,,,,,,,,,,,,,,
168380.0,,,,,,,,,,,,,,
168381.0,,,,,,,,,,,,,,
168382.0,,,,,,,,,,,,,,
168383.0,,,,,,,,,,,,,,
168384.0,,,,,,,,,,,,,,
168385.0,,,,,,,,,,,,,,
168386.0,,,,,,,,,,,,,,
168387.0,,,,,,,,,,,,,,
168388.0,,,,,,,,,,,,,,
168389.0,,,,,,,,,,,,,,
168390.0,,,,,,,,,,,,,,
168391.0,,,,,,,,,,,,,,
168392.0,,,,,,,,,,,,,,
168393.0,,,,,,,,,,,,,,
168394.0,,,,,,,,,,,,,,
168395.0,,,,,,,,,,,,,,
168396.0,,,,,,,,,,,,,,
168397.0,,,,,,,,,,,,,,
168398.0,,,,,,,,,,,,,,
168399.0,,,,,,,,,,,,,,
168400.0,,,,,,,,,,,,,,
168401.0,,,,,,,,,,,,,,
168402.0,,,,,,,,,,,,,,
168403.0,,,,,,,,,,,,,,
168404.0,,,,,,,,,,,,,,
168405.0,,,,,,,,,,,,,,
168406.0,,,,,,,,,,,,,,
168407.0,,,,,,,,,,,,,,
168408.0,,,,,,,,,,,,,,
168409.0,,,,,,,,,,,,,,
168410.0,,,,,,,,,,,,,,
168411.0,,,,,,,,,,,,,,
168412.0,,,,,,,,,,,,,,
168413.0,,,,,,,,,,,,,,
168414.0,,,,,,,,,,,,,,
168415.0,,,,,,,,,,,,,,
168416.0,,,,,,,,,,,,,,
168417.0,,,,,,,,,,,,,,
168418.0,,,,,,,,,,,,,,
168419.0,,,,,,,,,,,,,,
168420.0,,,,,,,,,,,,,,
168421.0,,,,,,,,,,,,,,
168422.0,,,,,,,,,,,,,,
168423.0,,,,,,,,,,,,,,
168424.0,,,,,,,,,,,,,,
168425.0,,,,,,,,,,,,,,
168426.0,,,,,,,,,,,,,,
168427.0,,,,,,,,,,,,,,
168428.0,,,,,,,,,,,,,,
168429.0,,,,,,,,,,,,,,
168430.0,,,,,,,,,,,,,,
168431.0,,,,,,,,,,,,,,
168432.0,,,,,,,,,,,,,,
168433.0,,,,,,,,,,,,,,
168434.0,,,,,,,,,,,,,,
168435.0,,,,,,,,,,,,,,
168436.0,,,,,,,,,,,,,,
168437.0,,,,,,,,,,,,,,
168438.0,,,,,,,,,,,,,,
168439.0,,,,,,,,,,,,,,
168440.0,,,,,,,,,,,,,,
168441.0,,,,,,,,,,,,,,
168442.0,,,,,,,,,,,,,,
168443.0,,,,,,,,,,,,,,
168444.0,,,,,,,,,,,,,,
168445.0,,,,,,,,,,,,,,
168446.0,,,,,,,,,,,,,,
168447.0,,,,,,,,,,,,,,
168448.0,,,,,,,,,,,,,,
168449.0,,,,,,,,,,,,,,
168450.0,,,,,,,,,,,,,,
168451.0,,,,,,,,,,,,,,
168452.0,,,,,,,,,,,,,,
168453.0,,,,,,,,,,,,,,
168454.0,,,,,,,,,,,,,,
168455.0,,,,,,,,,,,,,,
168456.0,,,,,,,,,,,,,,
168457.0,,,,,,,,,,,,,,
168458.0,,,,,,,,,,,,,,
168459.0,,,,,,,,,,,,,,
168460.0,,,,,,,,,,,,,,
168461.0,,,,,,,,,,,,,,
168462.0,,,,,,,,,,,,,,
168463.0,,,,,,,,,,,,,,
168464.0,,,,,,,,,,,,,,
168465.0,,,,,,,,,,,,,,
168466.0,,,,,,,,,,,,,,
168467.0,,,,,,,,,,,,,,
168468.0,,,,,,,,,,,,,,
168469.0,,,,,,,,,,,,,,
168470.0,,,,,,,,,,,,,,
168471.0,,,,,,,,,,,,,,
168472.0,,,,,,,,,,,,,,
168473.0,,,,,,,,,,,,,,
168474.0,,,,,,,,,,,,,,
168475.0,,,,,,,,,,,,,,
168476.0,,,,,,,,,,,,,,
168477.0,,,,,,,,,,,,,,
168478.0,,,,,,,,,,,,,,
168479.0,,,,,,,,,,,,,,
168480.0,,,,,,,,,,,,,,
168481.0,,,,,,,,,,,,,,
168482.0,,,,,,,,,,,,,,
168483.0,,,,,,,,,,,,,,
168484.0,,,,,,,,,,,,,,
168485.0,,,,,,,,,,,,,,
168486.0,,,,,,,,,,,,,,
168487.0,,,,,,,,,,,,,,
168488.0,,,,,,,,,,,,,,
168489.0,,,,,,,,,,,,,,
168490.0,,,,,,,,,,,,,,
168491.0,,,,,,,,,,,,,,
168492.0,,,,,,,,,,,,,,
168493.0,,,,,,,,,,,,,,
168494.0,,,,,,,,,,,,,,
168495.0,,,,,,,,,,,,,,
168496.0,,,,,,,,,,,,,,
168497.0,,,,,,,,,,,,,,
168498.0,,,,,,,,,,,,,,
168499.0,,,,,,,,,,,,,,
168500.0,,,,,,,,,,,,,,
168501.0,,,,,,,,,,,,,,
168502.0,,,,,,,,,,,,,,
168503.0,,,,,,,,,,,,,,
168504.0,,,,,,,,,,,,,,
168505.0,,,,,,,,,,,,,,
168506.0,,,,,,,,,,,,,,
168507.0,,,,,,,,,,,,,,
168508.0,,,,,,,,,,,,,,
168509.0,,,,,,,,,,,,,,
168510.0,,,,,,,,,,,,,,
168511.0,,,,,,,,,,,,,,
168512.0,,,,,,,,,,,,,,
168513.0,,,,,,,,,,,,,,
168514.0,,,,,,,,,,,,,,
168515.0,,,,,,,,,,,,,,
168516.0,,,,,,,,,,,,,,
168517.0,,,,,,,,,,,,,,
168518.0,,,,,,,,,,,,,,
168519.0,,,,,,,,,,,,,,
168520.0,,,,,,,,,,,,,,
168521.0,,,,,,,,,,,,,,
168522.0,,,,,,,,,,,,,,
168523.0,,,,,,,,,,,,,,
168524.0,,,,,,,,,,,,,,
168525.0,,,,,,,,,,,,,,
168526.0,,,,,,,,,,,,,,
168527.0,,,,,,,,,,,,,,
168528.0,,,,,,,,,,,,,,
168529.0,,,,,,,,,,,,,,
168530.0,,,,,,,,,,,,,,
168531.0,,,,,,,,,,,,,,
168532.0,,,,,,,,,,,,,,
168533.0,,,,,,,,,,,,,,
168534.0,,,,,,,,,,,,,,
168535.0,,,,,,,,,,,,,,
168536.0,,,,,,,,,,,,,,
168537.0,,,,,,,,,,,,,,
168538.0,,,,,,,,,,,,,,
168539.0,,,,,,,,,,,,,,
168540.0,,,,,,,,,,,,,,
168541.0,,,,,,,,,,,,,,
168542.0,,,,,,,,,,,,,,
168543.0,,,,,,,,,,,,,,
168544.0,,,,,,,,,,,,,,
168545.0,,,,,,,,,,,,,,
168546.0,,,,,,,,,,,,,,
168547.0,,,,,,,,,,,,,,
168548.0,,,,,,,,,,,,,,
168549.0,,,,,,,,,,,,,,
168550.0,,,,,,,,,,,,,,
168551.0,,,,,,,,,,,,,,
168552.0,,,,,,,,,,,,,,
168553.0,,,,,,,,,,,,,,
168554.0,,,,,,,,,,,,,,
168555.0,,,,,,,,,,,,,,
168556.0,,,,,,,,,,,,,,
168557.0,,,,,,,,,,,,,,
168558.0,,,,,,,,,,,,,,
168559.0,,,,,,,,,,,,,,
168560.0,,,,,,,,,,,,,,
168561.0,,,,,,,,,,,,,,
168562.0,,,,,,,,,,,,,,
168563.0,,,,,,,,,,,,,,
168564.0,,,,,,,,,,,,,,
168565.0,,,,,,,,,,,,,,
168566.0,,,,,,,,,,,,,,
168567.0,,,,,,,,,,,,,,
168568.0,,,,,,,,,,,,,,
168569.0,,,,,,,,,,,,,,
168570.0,,,,,,,,,,,,,,
168571.0,,,,,,,,,,,,,,
168572.0,,,,,,,,,,,,,,
168573.0,,,,,,,,,,,,,,
168574.0,,,,,,,,,,,,,,
168575.0,,,,,,,,,,,,,,
168576.0,,,,,,,,,,,,,,
168577.0,,,,,,,,,,,,,,
168578.0,,,,,,,,,,,,,,
168579.0,,,,,,,,,,,,,,
168580.0,,,,,,,,,,,,,,
168581.0,,,,,,,,,,,,,,
168582.0,,,,,,,,,,,,,,
168583.0,,,,,,,,,,,,,,
168584.0,,,,,,,,,,,,,,
168585.0,,,,,,,,,,,,,,
168586.0,,,,,,,,,,,,,,
168587.0,,,,,,,,,,,,,,
168588.0,,,,,,,,,,,,,,
168589.0,,,,,,,,,,,,,,
168590.0,,,,,,,,,,,,,,
168591.0,,,,,,,,,,,,,,
168592.0,,,,,,,,,,,,,,
168593.0,,,,,,,,,,,,,,
168594.0,,,,,,,,,,,,,,
168595.0,,,,,,,,,,,,,,
168596.0,,,,,,,,,,,,,,
168597.0,,,,,,,,,,,,,,
168598.0,,,,,,,,,,,,,,
168599.0,,,,,,,,,,,,,,
168600.0,,,,,,,,,,,,,,
168601.0,,,,,,,,,,,,,,
168602.0,,,,,,,,,,,,,,
168603.0,,,,,,,,,,,,,,
168604.0,,,,,,,,,,,,,,
168605.0,,,,,,,,,,,,,,
168606.0,,,,,,,,,,,,,,
168607.0,,,,,,,,,,,,,,
168608.0,,,,,,,,,,,,,,
168609.0,,,,,,,,,,,,,,
168610.0,,,,,,,,,,,,,,
168611.0,,,,,,,,,,,,,,
168612.0,,,,,,,,,,,,,,
168613.0,,,,,,,,,,,,,,
168614.0,,,,,,,,,,,,,,
168615.0,,,,,,,,,,,,,,
168616.0,,,,,,,,,,,,,,
168617.0,,,,,,,,,,,,,,
168618.0,,,,,,,,,,,,,,
168619.0,,,,,,,,,,,,,,
168620.0,,,,,,,,,,,,,,
168621.0,,,,,,,,,,,,,,
168622.0,,,,,,,,,,,,,,
168623.0,,,,,,,,,,,,,,
168624.0,,,,,,,,,,,,,,
168625.0,,,,,,,,,,,,,,
168626.0,,,,,,,,,,,,,,
168627.0,,,,,,,,,,,,,,
168628.0,,,,,,,,,,,,,,
168629.0,,,,,,,,,,,,,,
168630.0,,,,,,,,,,,,,,
168631.0,,,,,,,,,,,,,,
168632.0,,,,,,,,,,,,,,
168633.0,,,,,,,,,,,,,,
168634.0,,,,,,,,,,,,,,
168635.0,,,,,,,,,,,,,,
168636.0,,,,,,,,,,,,,,
168637.0,,,,,,,,,,,,,,
168638.0,,,,,,,,,,,,,,
168639.0,,,,,,,,,,,,,,
168640.0,,,,,,,,,,,,,,
168641.0,,,,,,,,,,,,,,
168642.0,,,,,,,,,,,,,,
168643.0,,,,,,,,,,,,,,
168644.0,,,,,,,,,,,,,,
168645.0,,,,,,,,,,,,,,
168646.0,,,,,,,,,,,,,,
168647.0,,,,,,,,,,,,,,
168648.0,,,,,,,,,,,,,,
168649.0,,,,,,,,,,,,,,
168650.0,,,,,,,,,,,,,,
168651.0,,,,,,,,,,,,,,
168652.0,,,,,,,,,,,,,,
168653.0,,,,,,,,,,,,,,
168654.0,,,,,,,,,,,,,,
168655.0,,,,,,,,,,,,,,
168656.0,,,,,,,,,,,,,,
168657.0,,,,,,,,,,,,,,
168658.0,,,,,,,,,,,,,,
168659.0,,,,,,,,,,,,,,
168660.0,,,,,,,,,,,,,,
168661.0,,,,,,,,,,,,,,
168662.0,,,,,,,,,,,,,,
168663.0,,,,,,,,,,,,,,
168664.0,,,,,,,,,,,,,,
168665.0,,,,,,,,,,,,,,
168666.0,,,,,,,,,,,,,,
168667.0,,,,,,,,,,,,,,
168668.0,,,,,,,,,,,,,,
168669.0,,,,,,,,,,,,,,
168670.0,,,,,,,,,,,,,,
168671.0,,,,,,,,,,,,,,
168672.0,,,,,,,,,,,,,,
168673.0,,,,,,,,,,,,,,
168674.0,,,,,,,,,,,,,,
168675.0,,,,,,,,,,,,,,
168676.0,,,,,,,,,,,,,,
168677.0,,,,,,,,,,,,,,
168678.0,,,,,,,,,,,,,,
168679.0,,,,,,,,,,,,,,
168680.0,,,,,,,,,,,,,,
168681.0,,,,,,,,,,,,,,
168682.0,,,,,,,,,,,,,,
168683.0,,,,,,,,,,,,,,
168684.0,,,,,,,,,,,,,,
168685.0,,,,,,,,,,,,,,
168686.0,,,,,,,,,,,,,,
168687.0,,,,,,,,,,,,,,
168688.0,,,,,,,,,,,,,,
168689.0,,,,,,,,,,,,,,
168690.0,,,,,,,,,,,,,,
168691.0,,,,,,,,,,,,,,
168692.0,,,,,,,,,,,,,,
168693.0,,,,,,,,,,,,,,
168694.0,,,,,,,,,,,,,,
168695.0,,,,,,,,,,,,,,
168696.0,,,,,,,,,,,,,,
168697.0,,,,,,,,,,,,,,
168698.0,,,,,,,,,,,,,,
168699.0,,,,,,,,,,,,,,
168700.0,,,,,,,,,,,,,,
168701.0,,,,,,,,,,,,,,
168702.0,,,,,,,,,,,,,,
168703.0,,,,,,,,,,,,,,
168704.0,,,,,,,,,,,,,,
168705.0,,,,,,,,,,,,,,
168706.0,,,,,,,,,,,,,,
168707.0,,,,,,,,,,,,,,
168708.0,,,,,,,,,,,,,,
168709.0,,,,,,,,,,,,,,
168710.0,,,,,,,,,,,,,,
168711.0,,,,,,,,,,,,,,
168712.0,,,,,,,,,,,,,,
168713.0,,,,,,,,,,,,,,
168714.0,,,,,,,,,,,,,,
168715.0,,,,,,,,,,,,,,
168716.0,,,,,,,,,,,,,,
168717.0,,,,,,,,,,,,,,
168718.0,,,,,,,,,,,,,,
168719.0,,,,,,,,,,,,,,
168720.0,,,,,,,,,,,,,,
168721.0,,,,,,,,,,,,,,
168722.0,,,,,,,,,,,,,,
168723.0,,,,,,,,,,,,,,
168724.0,,,,,,,,,,,,,,
168725.0,,,,,,,,,,,,,,
168726.0,,,,,,,,,,,,,,
168727.0,,,,,,,,,,,,,,
168728.0,,,,,,,,,,,,,,
168729.0,,,,,,,,,,,,,,
168730.0,,,,,,,,,,,,,,
168731.0,,,,,,,,,,,,,,
168732.0,,,,,,,,,,,,,,
168733.0,,,,,,,,,,,,,,
168734.0,,,,,,,,,,,,,,
168735.0,,,,,,,,,,,,,,
168736.0,,,,,,,,,,,,,,
168737.0,,,,,,,,,,,,,,
168738.0,,,,,,,,,,,,,,
168739.0,,,,,,,,,,,,,,
168740.0,,,,,,,,,,,,,,
168741.0,,,,,,,,,,,,,,
168742.0,,,,,,,,,,,,,,
168743.0,,,,,,,,,,,,,,
168744.0,,,,,,,,,,,,,,
168745.0,,,,,,,,,,,,,,
168746.0,,,,,,,,,,,,,,
168747.0,,,,,,,,,,,,,,
168748.0,,,,,,,,,,,,,,
168749.0,,,,,,,,,,,,,,
168750.0,,,,,,,,,,,,,,
168751.0,,,,,,,,,,,,,,
168752.0,,,,,,,,,,,,,,
168753.0,,,,,,,,,,,,,,
168754.0,,,,,,,,,,,,,,
168755.0,,,,,,,,,,,,,,
168756.0,,,,,,,,,,,,,,
168757.0,,,,,,,,,,,,,,
168758.0,,,,,,,,,,,,,,
168759.0,,,,,,,,,,,,,,
168760.0,,,,,,,,,,,,,,
168761.0,,,,,,,,,,,,,,
168762.0,,,,,,,,,,,,,,
168763.0,,,,,,,,,,,,,,
168764.0,,,,,,,,,,,,,,
168765.0,,,,,,,,,,,,,,
168766.0,,,,,,,,,,,,,,
168767.0,,,,,,,,,,,,,,
168768.0,,,,,,,,,,,,,,
168769.0,,,,,,,,,,,,,,
168770.0,,,,,,,,,,,,,,
168771.0,,,,,,,,,,,,,,
168772.0,,,,,,,,,,,,,,
168773.0,,,,,,,,,,,,,,
168774.0,,,,,,,,,,,,,,
168775.0,,,,,,,,,,,,,,
168776.0,,,,,,,,,,,,,,
168777.0,,,,,,,,,,,,,,
168778.0,,,,,,,,,,,,,,
168779.0,,,,,,,,,,,,,,
168780.0,,,,,,,,,,,,,,
168781.0,,,,,,,,,,,,,,
168782.0,,,,,,,,,,,,,,
168783.0,,,,,,,,,,,,,,
168784.0,,,,,,,,,,,,,,
168785.0,,,,,,,,,,,,,,
168786.0,,,,,,,,,,,,,,
168787.0,,,,,,,,,,,,,,
168788.0,,,,,,,,,,,,,,
168789.0,,,,,,,,,,,,,,
168790.0,,,,,,,,,,,,,,
168791.0,,,,,,,,,,,,,,
168792.0,,,,,,,,,,,,,,
168793.0,,,,,,,,,,,,,,
168794.0,,,,,,,,,,,,,,
168795.0,,,,,,,,,,,,,,
168796.0,,,,,,,,,,,,,,
168797.0,,,,,,,,,,,,,,
168798.0,,,,,,,,,,,,,,
168799.0,,,,,,,,,,,,,,
168800.0,,,,,,,,,,,,,,
168801.0,,,,,,,,,,,,,,
168802.0,,,,,,,,,,,,,,
168803.0,,,,,,,,,,,,,,
168804.0,,,,,,,,,,,,,,
168805.0,,,,,,,,,,,,,,
168806.0,,,,,,,,,,,,,,
168807.0,,,,,,,,,,,,,,
168808.0,,,,,,,,,,,,,,
168809.0,,,,,,,,,,,,,,
168810.0,,,,,,,,,,,,,,
168811.0,,,,,,,,,,,,,,
168812.0,,,,,,,,,,,,,,
168813.0,,,,,,,,,,,,,,
168814.0,,,,,,,,,,,,,,
168815.0,,,,,,,,,,,,,,
168816.0,,,,,,,,,,,,,,
168817.0,,,,,,,,,,,,,,
168818.0,,,,,,,,,,,,,,
168819.0,,,,,,,,,,,,,,
168820.0,,,,,,,,,,,,,,
168821.0,,,,,,,,,,,,,,
168822.0,,,,,,,,,,,,,,
168823.0,,,,,,,,,,,,,,
168824.0,,,,,,,,,,,,,,
168825.0,,,,,,,,,,,,,,
168826.0,,,,,,,,,,,,,,
168827.0,,,,,,,,,,,,,,
168828.0,,,,,,,,,,,,,,
168829.0,,,,,,,,,,,,,,
168830.0,,,,,,,,,,,,,,
168831.0,,,,,,,,,,,,,,
168832.0,,,,,,,,,,,,,,
168833.0,,,,,,,,,,,,,,
168834.0,,,,,,,,,,,,,,
168835.0,,,,,,,,,,,,,,
168836.0,,,,,,,,,,,,,,
168837.0,,,,,,,,,,,,,,
168838.0,,,,,,,,,,,,,,
168839.0,,,,,,,,,,,,,,
168840.0,,,,,,,,,,,,,,
168841.0,,,,,,,,,,,,,,
168842.0,,,,,,,,,,,,,,
168843.0,,,,,,,,,,,,,,
168844.0,,,,,,,,,,,,,,
168845.0,,,,,,,,,,,,,,
168846.0,,,,,,,,,,,,,,
168847.0,,,,,,,,,,,,,,
168848.0,,,,,,,,,,,,,,
168849.0,,,,,,,,,,,,,,
168850.0,,,,,,,,,,,,,,
168851.0,,,,,,,,,,,,,,
168852.0,,,,,,,,,,,,,,
168853.0,,,,,,,,,,,,,,
168854.0,,,,,,,,,,,,,,
168855.0,,,,,,,,,,,,,,
168856.0,,,,,,,,,,,,,,
168857.0,,,,,,,,,,,,,,
168858.0,,,,,,,,,,,,,,
168859.0,,,,,,,,,,,,,,
168860.0,,,,,,,,,,,,,,
168861.0,,,,,,,,,,,,,,
168862.0,,,,,,,,,,,,,,
168863.0,,,,,,,,,,,,,,
168864.0,,,,,,,,,,,,,,
168865.0,,,,,,,,,,,,,,
168866.0,,,,,,,,,,,,,,
168867.0,,,,,,,,,,,,,,
168868.0,,,,,,,,,,,,,,
168869.0,,,,,,,,,,,,,,
168870.0,,,,,,,,,,,,,,
168871.0,,,,,,,,,,,,,,
168872.0,,,,,,,,,,,,,,
168873.0,,,,,,,,,,,,,,
168874.0,,,,,,,,,,,,,,
168875.0,,,,,,,,,,,,,,
168876.0,,,,,,,,,,,,,,
168877.0,,,,,,,,,,,,,,
168878.0,,,,,,,,,,,,,,
168879.0,,,,,,,,,,,,,,
168880.0,,,,,,,,,,,,,,
168881.0,,,,,,,,,,,,,,
168882.0,,,,,,,,,,,,,,
168883.0,,,,,,,,,,,,,,
168884.0,,,,,,,,,,,,,,
168885.0,,,,,,,,,,,,,,
168886.0,,,,,,,,,,,,,,
168887.0,,,,,,,,,,,,,,
168888.0,,,,,,,,,,,,,,
168889.0,,,,,,,,,,,,,,
168890.0,,,,,,,,,,,,,,
168891.0,,,,,,,,,,,,,,
168892.0,,,,,,,,,,,,,,
168893.0,,,,,,,,,,,,,,
168894.0,,,,,,,,,,,,,,
168895.0,,,,,,,,,,,,,,
168896.0,,,,,,,,,,,,,,
168897.0,,,,,,,,,,,,,,
168898.0,,,,,,,,,,,,,,
168899.0,,,,,,,,,,,,,,
168900.0,,,,,,,,,,,,,,
168901.0,,,,,,,,,,,,,,
168902.0,,,,,,,,,,,,,,
168903.0,,,,,,,,,,,,,,
168904.0,,,,,,,,,,,,,,
168905.0,,,,,,,,,,,,,,
168906.0,,,,,,,,,,,,,,
168907.0,,,,,,,,,,,,,,
168908.0,,,,,,,,,,,,,,
168909.0,,,,,,,,,,,,,,
168910.0,,,,,,,,,,,,,,
168911.0,,,,,,,,,,,,,,
168912.0,,,,,,,,,,,,,,
168913.0,,,,,,,,,,,,,,
168914.0,,,,,,,,,,,,,,
168915.0,,,,,,,,,,,,,,
168916.0,,,,,,,,,,,,,,
168917.0,,,,,,,,,,,,,,
168918.0,,,,,,,,,,,,,,
168919.0,,,,,,,,,,,,,,
168920.0,,,,,,,,,,,,,,
168921.0,,,,,,,,,,,,,,
168922.0,,,,,,,,,,,,,,
168923.0,,,,,,,,,,,,,,
168924.0,,,,,,,,,,,,,,
168925.0,,,,,,,,,,,,,,
168926.0,,,,,,,,,,,,,,
168927.0,,,,,,,,,,,,,,
168928.0,,,,,,,,,,,,,,
168929.0,,,,,,,,,,,,,,
168930.0,,,,,,,,,,,,,,
168931.0,,,,,,,,,,,,,,
168932.0,,,,,,,,,,,,,,
168933.0,,,,,,,,,,,,,,
168934.0,,,,,,,,,,,,,,
168935.0,,,,,,,,,,,,,,
168936.0,,,,,,,,,,,,,,
168937.0,,,,,,,,,,,,,,
168938.0,,,,,,,,,,,,,,
168939.0,,,,,,,,,,,,,,
168940.0,,,,,,,,,,,,,,
168941.0,,,,,,,,,,,,,,
168942.0,,,,,,,,,,,,,,
168943.0,,,,,,,,,,,,,,
168944.0,,,,,,,,,,,,,,
168945.0,,,,,,,,,,,,,,
168946.0,,,,,,,,,,,,,,
168947.0,,,,,,,,,,,,,,
168948.0,,,,,,,,,,,,,,
168949.0,,,,,,,,,,,,,,
168950.0,,,,,,,,,,,,,,
168951.0,,,,,,,,,,,,,,
168952.0,,,,,,,,,,,,,,
168953.0,,,,,,,,,,,,,,
168954.0,,,,,,,,,,,,,,
168955.0,,,,,,,,,,,,,,
168956.0,,,,,,,,,,,,,,
168957.0,,,,,,,,,,,,,,
168958.0,,,,,,,,,,,,,,
168959.0,,,,,,,,,,,,,,
168960.0,,,,,,,,,,,,,,
168961.0,,,,,,,,,,,,,,
168962.0,,,,,,,,,,,,,,
168963.0,,,,,,,,,,,,,,
168964.0,,,,,,,,,,,,,,
168965.0,,,,,,,,,,,,,,
168966.0,,,,,,,,,,,,,,
168967.0,,,,,,,,,,,,,,
168968.0,,,,,,,,,,,,,,
168969.0,,,,,,,,,,,,,,
168970.0,,,,,,,,,,,,,,
168971.0,,,,,,,,,,,,,,
168972.0,,,,,,,,,,,,,,
168973.0,,,,,,,,,,,,,,
168974.0,,,,,,,,,,,,,,
168975.0,,,,,,,,,,,,,,
168976.0,,,,,,,,,,,,,,
168977.0,,,,,,,,,,,,,,
168978.0,,,,,,,,,,,,,,
168979.0,,,,,,,,,,,,,,
168980.0,,,,,,,,,,,,,,
168981.0,,,,,,,,,,,,,,
168982.0,,,,,,,,,,,,,,
168983.0,,,,,,,,,,,,,,
168984.0,,,,,,,,,,,,,,
168985.0,,,,,,,,,,,,,,
168986.0,,,,,,,,,,,,,,
168987.0,,,,,,,,,,,,,,
168988.0,,,,,,,,,,,,,,
168989.0,,,,,,,,,,,,,,
168990.0,,,,,,,,,,,,,,
168991.0,,,,,,,,,,,,,,
168992.0,,,,,,,,,,,,,,
168993.0,,,,,,,,,,,,,,
168994.0,,,,,,,,,,,,,,
168995.0,,,,,,,,,,,,,,
168996.0,,,,,,,,,,,,,,
168997.0,,,,,,,,,,,,,,
168998.0,,,,,,,,,,,,,,
168999.0,,,,,,,,,,,,,,
169000.0,,,,,,,,,,,,,,
169001.0,,,,,,,,,,,,,,
169002.0,,,,,,,,,,,,,,
169003.0,,,,,,,,,,,,,,
169004.0,,,,,,,,,,,,,,
169005.0,,,,,,,,,,,,,,
169006.0,,,,,,,,,,,,,,
169007.0,,,,,,,,,,,,,,
169008.0,,,,,,,,,,,,,,
169009.0,,,,,,,,,,,,,,
169010.0,,,,,,,,,,,,,,
169011.0,,,,,,,,,,,,,,
169012.0,,,,,,,,,,,,,,
169013.0,,,,,,,,,,,,,,
169014.0,,,,,,,,,,,,,,
169015.0,,,,,,,,,,,,,,
169016.0,,,,,,,,,,,,,,
169017.0,,,,,,,,,,,,,,
169018.0,,,,,,,,,,,,,,
169019.0,,,,,,,,,,,,,,
169020.0,,,,,,,,,,,,,,
169021.0,,,,,,,,,,,,,,
169022.0,,,,,,,,,,,,,,
169023.0,,,,,,,,,,,,,,
169024.0,,,,,,,,,,,,,,
169025.0,,,,,,,,,,,,,,
169026.0,,,,,,,,,,,,,,
169027.0,,,,,,,,,,,,,,
169028.0,,,,,,,,,,,,,,
169029.0,,,,,,,,,,,,,,
169030.0,,,,,,,,,,,,,,
169031.0,,,,,,,,,,,,,,
169032.0,,,,,,,,,,,,,,
169033.0,,,,,,,,,,,,,,
169034.0,,,,,,,,,,,,,,
169035.0,,,,,,,,,,,,,,
169036.0,,,,,,,,,,,,,,
169037.0,,,,,,,,,,,,,,
169038.0,,,,,,,,,,,,,,
169039.0,,,,,,,,,,,,,,
169040.0,,,,,,,,,,,,,,
169041.0,,,,,,,,,,,,,,
169042.0,,,,,,,,,,,,,,
169043.0,,,,,,,,,,,,,,
169044.0,,,,,,,,,,,,,,
169045.0,,,,,,,,,,,,,,
169046.0,,,,,,,,,,,,,,
169047.0,,,,,,,,,,,,,,
169048.0,,,,,,,,,,,,,,
169049.0,,,,,,,,,,,,,,
169050.0,,,,,,,,,,,,,,
169051.0,,,,,,,,,,,,,,
169052.0,,,,,,,,,,,,,,
169053.0,,,,,,,,,,,,,,
169054.0,,,,,,,,,,,,,,
169055.0,,,,,,,,,,,,,,
169056.0,,,,,,,,,,,,,,
169057.0,,,,,,,,,,,,,,
169058.0,,,,,,,,,,,,,,
169059.0,,,,,,,,,,,,,,
169060.0,,,,,,,,,,,,,,
169061.0,,,,,,,,,,,,,,
169062.0,,,,,,,,,,,,,,
169063.0,,,,,,,,,,,,,,
169064.0,,,,,,,,,,,,,,
169065.0,,,,,,,,,,,,,,
169066.0,,,,,,,,,,,,,,
169067.0,,,,,,,,,,,,,,
169068.0,,,,,,,,,,,,,,
169069.0,,,,,,,,,,,,,,
169070.0,,,,,,,,,,,,,,
169071.0,,,,,,,,,,,,,,
169072.0,,,,,,,,,,,,,,
169073.0,,,,,,,,,,,,,,
169074.0,,,,,,,,,,,,,,
169075.0,,,,,,,,,,,,,,
169076.0,,,,,,,,,,,,,,
169077.0,,,,,,,,,,,,,,
169078.0,,,,,,,,,,,,,,
169079.0,,,,,,,,,,,,,,
169080.0,,,,,,,,,,,,,,
169081.0,,,,,,,,,,,,,,
169082.0,,,,,,,,,,,,,,
169083.0,,,,,,,,,,,,,,
169084.0,,,,,,,,,,,,,,
169085.0,,,,,,,,,,,,,,
169086.0,,,,,,,,,,,,,,
169087.0,,,,,,,,,,,,,,
169088.0,,,,,,,,,,,,,,
169089.0,,,,,,,,,,,,,,
169090.0,,,,,,,,,,,,,,
169091.0,,,,,,,,,,,,,,
169092.0,,,,,,,,,,,,,,
169093.0,,,,,,,,,,,,,,
169094.0,,,,,,,,,,,,,,
169095.0,,,,,,,,,,,,,,
169096.0,,,,,,,,,,,,,,
169097.0,,,,,,,,,,,,,,
169098.0,,,,,,,,,,,,,,
169099.0,,,,,,,,,,,,,,
169100.0,,,,,,,,,,,,,,
169101.0,,,,,,,,,,,,,,
169102.0,,,,,,,,,,,,,,
169103.0,,,,,,,,,,,,,,
169104.0,,,,,,,,,,,,,,
169105.0,,,,,,,,,,,,,,
169106.0,,,,,,,,,,,,,,
169107.0,,,,,,,,,,,,,,
169108.0,,,,,,,,,,,,,,
169109.0,,,,,,,,,,,,,,
169110.0,,,,,,,,,,,,,,
169111.0,,,,,,,,,,,,,,
169112.0,,,,,,,,,,,,,,
169113.0,,,,,,,,,,,,,,
169114.0,,,,,,,,,,,,,,
169115.0,,,,,,,,,,,,,,
169116.0,,,,,,,,,,,,,,
169117.0,,,,,,,,,,,,,,
169118.0,,,,,,,,,,,,,,
169119.0,,,,,,,,,,,,,,
169120.0,,,,,,,,,,,,,,
169121.0,,,,,,,,,,,,,,
169122.0,,,,,,,,,,,,,,
169123.0,,,,,,,,,,,,,,
169124.0,,,,,,,,,,,,,,
169125.0,,,,,,,,,,,,,,
169126.0,,,,,,,,,,,,,,
169127.0,,,,,,,,,,,,,,
169128.0,,,,,,,,,,,,,,
169129.0,,,,,,,,,,,,,,
169130.0,,,,,,,,,,,,,,
169131.0,,,,,,,,,,,,,,
169132.0,,,,,,,,,,,,,,
169133.0,,,,,,,,,,,,,,
169134.0,,,,,,,,,,,,,,
169135.0,,,,,,,,,,,,,,
169136.0,,,,,,,,,,,,,,
169137.0,,,,,,,,,,,,,,
169138.0,,,,,,,,,,,,,,
169139.0,,,,,,,,,,,,,,
169140.0,,,,,,,,,,,,,,
169141.0,,,,,,,,,,,,,,
169142.0,,,,,,,,,,,,,,
169143.0,,,,,,,,,,,,,,
169144.0,,,,,,,,,,,,,,
169145.0,,,,,,,,,,,,,,
169146.0,,,,,,,,,,,,,,
169147.0,,,,,,,,,,,,,,
169148.0,,,,,,,,,,,,,,
169149.0,,,,,,,,,,,,,,
169150.0,,,,,,,,,,,,,,
169151.0,,,,,,,,,,,,,,
169152.0,,,,,,,,,,,,,,
169153.0,,,,,,,,,,,,,,
169154.0,,,,,,,,,,,,,,
169155.0,,,,,,,,,,,,,,
169156.0,,,,,,,,,,,,,,
169157.0,,,,,,,,,,,,,,
169158.0,,,,,,,,,,,,,,
169159.0,,,,,,,,,,,,,,
169160.0,,,,,,,,,,,,,,
169161.0,,,,,,,,,,,,,,
169162.0,,,,,,,,,,,,,,
169163.0,,,,,,,,,,,,,,
169164.0,,,,,,,,,,,,,,
169165.0,,,,,,,,,,,,,,
169166.0,,,,,,,,,,,,,,
169167.0,,,,,,,,,,,,,,
169168.0,,,,,,,,,,,,,,
169169.0,,,,,,,,,,,,,,
169170.0,,,,,,,,,,,,,,
169171.0,,,,,,,,,,,,,,
169172.0,,,,,,,,,,,,,,
169173.0,,,,,,,,,,,,,,
169174.0,,,,,,,,,,,,,,
169175.0,,,,,,,,,,,,,,
169176.0,,,,,,,,,,,,,,
169177.0,,,,,,,,,,,,,,
169178.0,,,,,,,,,,,,,,
169179.0,,,,,,,,,,,,,,
169180.0,,,,,,,,,,,,,,
169181.0,,,,,,,,,,,,,,
169182.0,,,,,,,,,,,,,,
169183.0,,,,,,,,,,,,,,
169184.0,,,,,,,,,,,,,,
169185.0,,,,,,,,,,,,,,
169186.0,,,,,,,,,,,,,,
169187.0,,,,,,,,,,,,,,
169188.0,,,,,,,,,,,,,,
169189.0,,,,,,,,,,,,,,
169190.0,,,,,,,,,,,,,,
169191.0,,,,,,,,,,,,,,
169192.0,,,,,,,,,,,,,,
169193.0,,,,,,,,,,,,,,
169194.0,,,,,,,,,,,,,,
169195.0,,,,,,,,,,,,,,
169196.0,,,,,,,,,,,,,,
169197.0,,,,,,,,,,,,,,
169198.0,,,,,,,,,,,,,,
169199.0,,,,,,,,,,,,,,
169200.0,,,,,,,,,,,,,,
169201.0,,,,,,,,,,,,,,
169202.0,,,,,,,,,,,,,,
169203.0,,,,,,,,,,,,,,
169204.0,,,,,,,,,,,,,,
169205.0,,,,,,,,,,,,,,
169206.0,,,,,,,,,,,,,,
169207.0,,,,,,,,,,,,,,
169208.0,,,,,,,,,,,,,,
169209.0,,,,,,,,,,,,,,
169210.0,,,,,,,,,,,,,,
169211.0,,,,,,,,,,,,,,
169212.0,,,,,,,,,,,,,,
169213.0,,,,,,,,,,,,,,
169214.0,,,,,,,,,,,,,,
169215.0,,,,,,,,,,,,,,
169216.0,,,,,,,,,,,,,,
169217.0,,,,,,,,,,,,,,
169218.0,,,,,,,,,,,,,,
169219.0,,,,,,,,,,,,,,
169220.0,,,,,,,,,,,,,,
169221.0,,,,,,,,,,,,,,
169222.0,,,,,,,,,,,,,,
169223.0,,,,,,,,,,,,,,
169224.0,,,,,,,,,,,,,,
169225.0,,,,,,,,,,,,,,
169226.0,,,,,,,,,,,,,,
169227.0,,,,,,,,,,,,,,
169228.0,,,,,,,,,,,,,,
169229.0,,,,,,,,,,,,,,
169230.0,,,,,,,,,,,,,,
169231.0,,,,,,,,,,,,,,
169232.0,,,,,,,,,,,,,,
169233.0,,,,,,,,,,,,,,
169234.0,,,,,,,,,,,,,,
169235.0,,,,,,,,,,,,,,
169236.0,,,,,,,,,,,,,,
169237.0,,,,,,,,,,,,,,
169238.0,,,,,,,,,,,,,,
169239.0,,,,,,,,,,,,,,
169240.0,,,,,,,,,,,,,,
169241.0,,,,,,,,,,,,,,
169242.0,,,,,,,,,,,,,,
169243.0,,,,,,,,,,,,,,
169244.0,,,,,,,,,,,,,,
169245.0,,,,,,,,,,,,,,
169246.0,,,,,,,,,,,,,,
169247.0,,,,,,,,,,,,,,
169248.0,,,,,,,,,,,,,,
169249.0,,,,,,,,,,,,,,
169250.0,,,,,,,,,,,,,,
169251.0,,,,,,,,,,,,,,
169252.0,,,,,,,,,,,,,,
169253.0,,,,,,,,,,,,,,
169254.0,,,,,,,,,,,,,,
169255.0,,,,,,,,,,,,,,
169256.0,,,,,,,,,,,,,,
169257.0,,,,,,,,,,,,,,
169258.0,,,,,,,,,,,,,,
169259.0,,,,,,,,,,,,,,
169260.0,,,,,,,,,,,,,,
169261.0,,,,,,,,,,,,,,
169262.0,,,,,,,,,,,,,,
169263.0,,,,,,,,,,,,,,
169264.0,,,,,,,,,,,,,,
169265.0,,,,,,,,,,,,,,
169266.0,,,,,,,,,,,,,,
169267.0,,,,,,,,,,,,,,
169268.0,,,,,,,,,,,,,,
169269.0,,,,,,,,,,,,,,
169270.0,,,,,,,,,,,,,,
169271.0,,,,,,,,,,,,,,
169272.0,,,,,,,,,,,,,,
169273.0,,,,,,,,,,,,,,
169274.0,,,,,,,,,,,,,,
169275.0,,,,,,,,,,,,,,
169276.0,,,,,,,,,,,,,,
169277.0,,,,,,,,,,,,,,
169278.0,,,,,,,,,,,,,,
169279.0,,,,,,,,,,,,,,
169280.0,,,,,,,,,,,,,,
169281.0,,,,,,,,,,,,,,
169282.0,,,,,,,,,,,,,,
169283.0,,,,,,,,,,,,,,
169284.0,,,,,,,,,,,,,,
169285.0,,,,,,,,,,,,,,
169286.0,,,,,,,,,,,,,,
169287.0,,,,,,,,,,,,,,
169288.0,,,,,,,,,,,,,,
169289.0,,,,,,,,,,,,,,
169290.0,,,,,,,,,,,,,,
169291.0,,,,,,,,,,,,,,
169292.0,,,,,,,,,,,,,,
169293.0,,,,,,,,,,,,,,
169294.0,,,,,,,,,,,,,,
169295.0,,,,,,,,,,,,,,
169296.0,,,,,,,,,,,,,,
169297.0,,,,,,,,,,,,,,
169298.0,,,,,,,,,,,,,,
169299.0,,,,,,,,,,,,,,
169300.0,,,,,,,,,,,,,,
169301.0,,,,,,,,,,,,,,
169302.0,,,,,,,,,,,,,,
169303.0,,,,,,,,,,,,,,
169304.0,,,,,,,,,,,,,,
169305.0,,,,,,,,,,,,,,
169306.0,,,,,,,,,,,,,,
169307.0,,,,,,,,,,,,,,
169308.0,,,,,,,,,,,,,,
169309.0,,,,,,,,,,,,,,
169310.0,,,,,,,,,,,,,,
169311.0,,,,,,,,,,,,,,
169312.0,,,,,,,,,,,,,,
169313.0,,,,,,,,,,,,,,
169314.0,,,,,,,,,,,,,,
169315.0,,,,,,,,,,,,,,
169316.0,,,,,,,,,,,,,,
169317.0,,,,,,,,,,,,,,
169318.0,,,,,,,,,,,,,,
169319.0,,,,,,,,,,,,,,
169320.0,,,,,,,,,,,,,,
169321.0,,,,,,,,,,,,,,
169322.0,,,,,,,,,,,,,,
169323.0,,,,,,,,,,,,,,
169324.0,,,,,,,,,,,,,,
169325.0,,,,,,,,,,,,,,
169326.0,,,,,,,,,,,,,,
169327.0,,,,,,,,,,,,,,
169328.0,,,,,,,,,,,,,,
169329.0,,,,,,,,,,,,,,
169330.0,,,,,,,,,,,,,,
169331.0,,,,,,,,,,,,,,
169332.0,,,,,,,,,,,,,,
169333.0,,,,,,,,,,,,,,
169334.0,,,,,,,,,,,,,,
169335.0,,,,,,,,,,,,,,
169336.0,,,,,,,,,,,,,,
169337.0,,,,,,,,,,,,,,
169338.0,,,,,,,,,,,,,,
169339.0,,,,,,,,,,,,,,
169340.0,,,,,,,,,,,,,,
169341.0,,,,,,,,,,,,,,
169342.0,,,,,,,,,,,,,,
169343.0,,,,,,,,,,,,,,
169344.0,,,,,,,,,,,,,,
169345.0,,,,,,,,,,,,,,
169346.0,,,,,,,,,,,,,,
169347.0,,,,,,,,,,,,,,
169348.0,,,,,,,,,,,,,,
169349.0,,,,,,,,,,,,,,
169350.0,,,,,,,,,,,,,,
169351.0,,,,,,,,,,,,,,
169352.0,,,,,,,,,,,,,,
169353.0,,,,,,,,,,,,,,
169354.0,,,,,,,,,,,,,,
169355.0,,,,,,,,,,,,,,
169356.0,,,,,,,,,,,,,,
169357.0,,,,,,,,,,,,,,
169358.0,,,,,,,,,,,,,,
169359.0,,,,,,,,,,,,,,
169360.0,,,,,,,,,,,,,,
169361.0,,,,,,,,,,,,,,
169362.0,,,,,,,,,,,,,,
169363.0,,,,,,,,,,,,,,
169364.0,,,,,,,,,,,,,,
169365.0,,,,,,,,,,,,,,
169366.0,,,,,,,,,,,,,,
169367.0,,,,,,,,,,,,,,
169368.0,,,,,,,,,,,,,,
169369.0,,,,,,,,,,,,,,
169370.0,,,,,,,,,,,,,,
169371.0,,,,,,,,,,,,,,
169372.0,,,,,,,,,,,,,,
169373.0,,,,,,,,,,,,,,
169374.0,,,,,,,,,,,,,,
169375.0,,,,,,,,,,,,,,
169376.0,,,,,,,,,,,,,,
169377.0,,,,,,,,,,,,,,
169378.0,,,,,,,,,,,,,,
169379.0,,,,,,,,,,,,,,
169380.0,,,,,,,,,,,,,,
169381.0,,,,,,,,,,,,,,
169382.0,,,,,,,,,,,,,,
169383.0,,,,,,,,,,,,,,
169384.0,,,,,,,,,,,,,,
169385.0,,,,,,,,,,,,,,
169386.0,,,,,,,,,,,,,,
169387.0,,,,,,,,,,,,,,
169388.0,,,,,,,,,,,,,,
169389.0,,,,,,,,,,,,,,
169390.0,,,,,,,,,,,,,,
169391.0,,,,,,,,,,,,,,
169392.0,,,,,,,,,,,,,,
169393.0,,,,,,,,,,,,,,
169394.0,,,,,,,,,,,,,,
169395.0,,,,,,,,,,,,,,
169396.0,,,,,,,,,,,,,,
169397.0,,,,,,,,,,,,,,
169398.0,,,,,,,,,,,,,,
169399.0,,,,,,,,,,,,,,
169400.0,,,,,,,,,,,,,,
169401.0,,,,,,,,,,,,,,
169402.0,,,,,,,,,,,,,,
169403.0,,,,,,,,,,,,,,
169404.0,,,,,,,,,,,,,,
169405.0,,,,,,,,,,,,,,
169406.0,,,,,,,,,,,,,,
169407.0,,,,,,,,,,,,,,
169408.0,,,,,,,,,,,,,,
169409.0,,,,,,,,,,,,,,
169410.0,,,,,,,,,,,,,,
169411.0,,,,,,,,,,,,,,
169412.0,,,,,,,,,,,,,,
169413.0,,,,,,,,,,,,,,
169414.0,,,,,,,,,,,,,,
169415.0,,,,,,,,,,,,,,
169416.0,,,,,,,,,,,,,,
169417.0,,,,,,,,,,,,,,
169418.0,,,,,,,,,,,,,,
169419.0,,,,,,,,,,,,,,
169420.0,,,,,,,,,,,,,,
169421.0,,,,,,,,,,,,,,
169422.0,,,,,,,,,,,,,,
169423.0,,,,,,,,,,,,,,
169424.0,,,,,,,,,,,,,,
169425.0,,,,,,,,,,,,,,
169426.0,,,,,,,,,,,,,,
169427.0,,,,,,,,,,,,,,
169428.0,,,,,,,,,,,,,,
169429.0,,,,,,,,,,,,,,
169430.0,,,,,,,,,,,,,,
169431.0,,,,,,,,,,,,,,
169432.0,,,,,,,,,,,,,,
169433.0,,,,,,,,,,,,,,
169434.0,,,,,,,,,,,,,,
169435.0,,,,,,,,,,,,,,
169436.0,,,,,,,,,,,,,,
169437.0,,,,,,,,,,,,,,
169438.0,,,,,,,,,,,,,,
169439.0,,,,,,,,,,,,,,
169440.0,,,,,,,,,,,,,,
169441.0,,,,,,,,,,,,,,
169442.0,,,,,,,,,,,,,,
169443.0,,,,,,,,,,,,,,
169444.0,,,,,,,,,,,,,,
169445.0,,,,,,,,,,,,,,
169446.0,,,,,,,,,,,,,,
169447.0,,,,,,,,,,,,,,
169448.0,,,,,,,,,,,,,,
169449.0,,,,,,,,,,,,,,
169450.0,,,,,,,,,,,,,,
169451.0,,,,,,,,,,,,,,
169452.0,,,,,,,,,,,,,,
169453.0,,,,,,,,,,,,,,
169454.0,,,,,,,,,,,,,,
169455.0,,,,,,,,,,,,,,
169456.0,,,,,,,,,,,,,,
169457.0,,,,,,,,,,,,,,
169458.0,,,,,,,,,,,,,,
169459.0,,,,,,,,,,,,,,
169460.0,,,,,,,,,,,,,,
169461.0,,,,,,,,,,,,,,
169462.0,,,,,,,,,,,,,,
169463.0,,,,,,,,,,,,,,
169464.0,,,,,,,,,,,,,,
169465.0,,,,,,,,,,,,,,
169466.0,,,,,,,,,,,,,,
169467.0,,,,,,,,,,,,,,
169468.0,,,,,,,,,,,,,,
169469.0,,,,,,,,,,,,,,
169470.0,,,,,,,,,,,,,,
169471.0,,,,,,,,,,,,,,
169472.0,,,,,,,,,,,,,,
169473.0,,,,,,,,,,,,,,
169474.0,,,,,,,,,,,,,,
169475.0,,,,,,,,,,,,,,
169476.0,,,,,,,,,,,,,,
169477.0,,,,,,,,,,,,,,
169478.0,,,,,,,,,,,,,,
169479.0,,,,,,,,,,,,,,
169480.0,,,,,,,,,,,,,,
169481.0,,,,,,,,,,,,,,
169482.0,,,,,,,,,,,,,,
169483.0,,,,,,,,,,,,,,
169484.0,,,,,,,,,,,,,,
169485.0,,,,,,,,,,,,,,
169486.0,,,,,,,,,,,,,,
169487.0,,,,,,,,,,,,,,
169488.0,,,,,,,,,,,,,,
169489.0,,,,,,,,,,,,,,
169490.0,,,,,,,,,,,,,,
169491.0,,,,,,,,,,,,,,
169492.0,,,,,,,,,,,,,,
169493.0,,,,,,,,,,,,,,
169494.0,,,,,,,,,,,,,,
169495.0,,,,,,,,,,,,,,
169496.0,,,,,,,,,,,,,,
169497.0,,,,,,,,,,,,,,
169498.0,,,,,,,,,,,,,,
169499.0,,,,,,,,,,,,,,
169500.0,,,,,,,,,,,,,,
169501.0,,,,,,,,,,,,,,
169502.0,,,,,,,,,,,,,,
169503.0,,,,,,,,,,,,,,
169504.0,,,,,,,,,,,,,,
169505.0,,,,,,,,,,,,,,
169506.0,,,,,,,,,,,,,,
169507.0,,,,,,,,,,,,,,
169508.0,,,,,,,,,,,,,,
169509.0,,,,,,,,,,,,,,
169510.0,,,,,,,,,,,,,,
169511.0,,,,,,,,,,,,,,
169512.0,,,,,,,,,,,,,,
169513.0,,,,,,,,,,,,,,
169514.0,,,,,,,,,,,,,,
169515.0,,,,,,,,,,,,,,
169516.0,,,,,,,,,,,,,,
169517.0,,,,,,,,,,,,,,
169518.0,,,,,,,,,,,,,,
169519.0,,,,,,,,,,,,,,
169520.0,,,,,,,,,,,,,,
169521.0,,,,,,,,,,,,,,
169522.0,,,,,,,,,,,,,,
169523.0,,,,,,,,,,,,,,
169524.0,,,,,,,,,,,,,,
169525.0,,,,,,,,,,,,,,
169526.0,,,,,,,,,,,,,,
169527.0,,,,,,,,,,,,,,
169528.0,,,,,,,,,,,,,,
169529.0,,,,,,,,,,,,,,
169530.0,,,,,,,,,,,,,,
169531.0,,,,,,,,,,,,,,
169532.0,,,,,,,,,,,,,,
169533.0,,,,,,,,,,,,,,
169534.0,,,,,,,,,,,,,,
169535.0,,,,,,,,,,,,,,
169536.0,,,,,,,,,,,,,,
169537.0,,,,,,,,,,,,,,
169538.0,,,,,,,,,,,,,,
169539.0,,,,,,,,,,,,,,
169540.0,,,,,,,,,,,,,,
169541.0,,,,,,,,,,,,,,
169542.0,,,,,,,,,,,,,,
169543.0,,,,,,,,,,,,,,
169544.0,,,,,,,,,,,,,,
169545.0,,,,,,,,,,,,,,
169546.0,,,,,,,,,,,,,,
169547.0,,,,,,,,,,,,,,
169548.0,,,,,,,,,,,,,,
169549.0,,,,,,,,,,,,,,
169550.0,,,,,,,,,,,,,,
169551.0,,,,,,,,,,,,,,
169552.0,,,,,,,,,,,,,,
169553.0,,,,,,,,,,,,,,
169554.0,,,,,,,,,,,,,,
169555.0,,,,,,,,,,,,,,
169556.0,,,,,,,,,,,,,,
169557.0,,,,,,,,,,,,,,
169558.0,,,,,,,,,,,,,,
169559.0,,,,,,,,,,,,,,
169560.0,,,,,,,,,,,,,,
169561.0,,,,,,,,,,,,,,
169562.0,,,,,,,,,,,,,,
169563.0,,,,,,,,,,,,,,
169564.0,,,,,,,,,,,,,,
169565.0,,,,,,,,,,,,,,
169566.0,,,,,,,,,,,,,,
169567.0,,,,,,,,,,,,,,
169568.0,,,,,,,,,,,,,,
169569.0,,,,,,,,,,,,,,
169570.0,,,,,,,,,,,,,,
169571.0,,,,,,,,,,,,,,
169572.0,,,,,,,,,,,,,,
169573.0,,,,,,,,,,,,,,
169574.0,,,,,,,,,,,,,,
169575.0,,,,,,,,,,,,,,
169576.0,,,,,,,,,,,,,,
169577.0,,,,,,,,,,,,,,
169578.0,,,,,,,,,,,,,,
169579.0,,,,,,,,,,,,,,
169580.0,,,,,,,,,,,,,,
169581.0,,,,,,,,,,,,,,
169582.0,,,,,,,,,,,,,,
169583.0,,,,,,,,,,,,,,
169584.0,,,,,,,,,,,,,,
169585.0,,,,,,,,,,,,,,
169586.0,,,,,,,,,,,,,,
169587.0,,,,,,,,,,,,,,
169588.0,,,,,,,,,,,,,,
169589.0,,,,,,,,,,,,,,
169590.0,,,,,,,,,,,,,,
169591.0,,,,,,,,,,,,,,
169592.0,,,,,,,,,,,,,,
169593.0,,,,,,,,,,,,,,
169594.0,,,,,,,,,,,,,,
169595.0,,,,,,,,,,,,,,
169596.0,,,,,,,,,,,,,,
169597.0,,,,,,,,,,,,,,
169598.0,,,,,,,,,,,,,,
169599.0,,,,,,,,,,,,,,
169600.0,,,,,,,,,,,,,,
169601.0,,,,,,,,,,,,,,
169602.0,,,,,,,,,,,,,,
169603.0,,,,,,,,,,,,,,
169604.0,,,,,,,,,,,,,,
169605.0,,,,,,,,,,,,,,
169606.0,,,,,,,,,,,,,,
169607.0,,,,,,,,,,,,,,
169608.0,,,,,,,,,,,,,,
169609.0,,,,,,,,,,,,,,
169610.0,,,,,,,,,,,,,,
169611.0,,,,,,,,,,,,,,
169612.0,,,,,,,,,,,,,,
169613.0,,,,,,,,,,,,,,
169614.0,,,,,,,,,,,,,,
169615.0,,,,,,,,,,,,,,
169616.0,,,,,,,,,,,,,,
169617.0,,,,,,,,,,,,,,
169618.0,,,,,,,,,,,,,,
169619.0,,,,,,,,,,,,,,
169620.0,,,,,,,,,,,,,,
169621.0,,,,,,,,,,,,,,
169622.0,,,,,,,,,,,,,,
169623.0,,,,,,,,,,,,,,
169624.0,,,,,,,,,,,,,,
169625.0,,,,,,,,,,,,,,
169626.0,,,,,,,,,,,,,,
169627.0,,,,,,,,,,,,,,
169628.0,,,,,,,,,,,,,,
169629.0,,,,,,,,,,,,,,
169630.0,,,,,,,,,,,,,,
169631.0,,,,,,,,,,,,,,
169632.0,,,,,,,,,,,,,,
169633.0,,,,,,,,,,,,,,
169634.0,,,,,,,,,,,,,,
169635.0,,,,,,,,,,,,,,
169636.0,,,,,,,,,,,,,,
169637.0,,,,,,,,,,,,,,
169638.0,,,,,,,,,,,,,,
169639.0,,,,,,,,,,,,,,
169640.0,,,,,,,,,,,,,,
169641.0,,,,,,,,,,,,,,
169642.0,,,,,,,,,,,,,,
169643.0,,,,,,,,,,,,,,
169644.0,,,,,,,,,,,,,,
169645.0,,,,,,,,,,,,,,
169646.0,,,,,,,,,,,,,,
169647.0,,,,,,,,,,,,,,
169648.0,,,,,,,,,,,,,,
169649.0,,,,,,,,,,,,,,
169650.0,,,,,,,,,,,,,,
169651.0,,,,,,,,,,,,,,
169652.0,,,,,,,,,,,,,,
169653.0,,,,,,,,,,,,,,
169654.0,,,,,,,,,,,,,,
169655.0,,,,,,,,,,,,,,
169656.0,,,,,,,,,,,,,,
169657.0,,,,,,,,,,,,,,
169658.0,,,,,,,,,,,,,,
169659.0,,,,,,,,,,,,,,
169660.0,,,,,,,,,,,,,,
169661.0,,,,,,,,,,,,,,
169662.0,,,,,,,,,,,,,,
169663.0,,,,,,,,,,,,,,
169664.0,,,,,,,,,,,,,,
169665.0,,,,,,,,,,,,,,
169666.0,,,,,,,,,,,,,,
169667.0,,,,,,,,,,,,,,
169668.0,,,,,,,,,,,,,,
169669.0,,,,,,,,,,,,,,
169670.0,,,,,,,,,,,,,,
169671.0,,,,,,,,,,,,,,
169672.0,,,,,,,,,,,,,,
169673.0,,,,,,,,,,,,,,
169674.0,,,,,,,,,,,,,,
169675.0,,,,,,,,,,,,,,
169676.0,,,,,,,,,,,,,,
169677.0,,,,,,,,,,,,,,
169678.0,,,,,,,,,,,,,,
169679.0,,,,,,,,,,,,,,
169680.0,,,,,,,,,,,,,,
169681.0,,,,,,,,,,,,,,
169682.0,,,,,,,,,,,,,,
169683.0,,,,,,,,,,,,,,
169684.0,,,,,,,,,,,,,,
169685.0,,,,,,,,,,,,,,
169686.0,,,,,,,,,,,,,,
169687.0,,,,,,,,,,,,,,
169688.0,,,,,,,,,,,,,,
169689.0,,,,,,,,,,,,,,
169690.0,,,,,,,,,,,,,,
169691.0,,,,,,,,,,,,,,
169692.0,,,,,,,,,,,,,,
169693.0,,,,,,,,,,,,,,
169694.0,,,,,,,,,,,,,,
169695.0,,,,,,,,,,,,,,
169696.0,,,,,,,,,,,,,,
169697.0,,,,,,,,,,,,,,
169698.0,,,,,,,,,,,,,,
169699.0,,,,,,,,,,,,,,
169700.0,,,,,,,,,,,,,,
169701.0,,,,,,,,,,,,,,
169702.0,,,,,,,,,,,,,,
169703.0,,,,,,,,,,,,,,
169704.0,,,,,,,,,,,,,,
169705.0,,,,,,,,,,,,,,
169706.0,,,,,,,,,,,,,,
169707.0,,,,,,,,,,,,,,
169708.0,,,,,,,,,,,,,,
169709.0,,,,,,,,,,,,,,
169710.0,,,,,,,,,,,,,,
169711.0,,,,,,,,,,,,,,
169712.0,,,,,,,,,,,,,,
169713.0,,,,,,,,,,,,,,
169714.0,,,,,,,,,,,,,,
169715.0,,,,,,,,,,,,,,
169716.0,,,,,,,,,,,,,,
169717.0,,,,,,,,,,,,,,
169718.0,,,,,,,,,,,,,,
169719.0,,,,,,,,,,,,,,
169720.0,,,,,,,,,,,,,,
169721.0,,,,,,,,,,,,,,
169722.0,,,,,,,,,,,,,,
169723.0,,,,,,,,,,,,,,
169724.0,,,,,,,,,,,,,,
169725.0,,,,,,,,,,,,,,
169726.0,,,,,,,,,,,,,,
169727.0,,,,,,,,,,,,,,
169728.0,,,,,,,,,,,,,,
169729.0,,,,,,,,,,,,,,
169730.0,,,,,,,,,,,,,,
169731.0,,,,,,,,,,,,,,
169732.0,,,,,,,,,,,,,,
169733.0,,,,,,,,,,,,,,
169734.0,,,,,,,,,,,,,,
169735.0,,,,,,,,,,,,,,
169736.0,,,,,,,,,,,,,,
169737.0,,,,,,,,,,,,,,
169738.0,,,,,,,,,,,,,,
169739.0,,,,,,,,,,,,,,
169740.0,,,,,,,,,,,,,,
169741.0,,,,,,,,,,,,,,
169742.0,,,,,,,,,,,,,,
169743.0,,,,,,,,,,,,,,
169744.0,,,,,,,,,,,,,,
169745.0,,,,,,,,,,,,,,
169746.0,,,,,,,,,,,,,,
169747.0,,,,,,,,,,,,,,
169748.0,,,,,,,,,,,,,,
169749.0,,,,,,,,,,,,,,
169750.0,,,,,,,,,,,,,,
169751.0,,,,,,,,,,,,,,
169752.0,,,,,,,,,,,,,,
169753.0,,,,,,,,,,,,,,
169754.0,,,,,,,,,,,,,,
169755.0,,,,,,,,,,,,,,
169756.0,,,,,,,,,,,,,,
169757.0,,,,,,,,,,,,,,
169758.0,,,,,,,,,,,,,,
169759.0,,,,,,,,,,,,,,
169760.0,,,,,,,,,,,,,,
169761.0,,,,,,,,,,,,,,
169762.0,,,,,,,,,,,,,,
169763.0,,,,,,,,,,,,,,
169764.0,,,,,,,,,,,,,,
169765.0,,,,,,,,,,,,,,
169766.0,,,,,,,,,,,,,,
169767.0,,,,,,,,,,,,,,
169768.0,,,,,,,,,,,,,,
169769.0,,,,,,,,,,,,,,
169770.0,,,,,,,,,,,,,,
169771.0,,,,,,,,,,,,,,
169772.0,,,,,,,,,,,,,,
169773.0,,,,,,,,,,,,,,
169774.0,,,,,,,,,,,,,,
169775.0,,,,,,,,,,,,,,
169776.0,,,,,,,,,,,,,,
169777.0,,,,,,,,,,,,,,
169778.0,,,,,,,,,,,,,,
169779.0,,,,,,,,,,,,,,
169780.0,,,,,,,,,,,,,,
169781.0,,,,,,,,,,,,,,
169782.0,,,,,,,,,,,,,,
169783.0,,,,,,,,,,,,,,
169784.0,,,,,,,,,,,,,,
169785.0,,,,,,,,,,,,,,
169786.0,,,,,,,,,,,,,,
169787.0,,,,,,,,,,,,,,
169788.0,,,,,,,,,,,,,,
169789.0,,,,,,,,,,,,,,
169790.0,,,,,,,,,,,,,,
169791.0,,,,,,,,,,,,,,
169792.0,,,,,,,,,,,,,,
169793.0,,,,,,,,,,,,,,
169794.0,,,,,,,,,,,,,,
169795.0,,,,,,,,,,,,,,
169796.0,,,,,,,,,,,,,,
169797.0,,,,,,,,,,,,,,
169798.0,,,,,,,,,,,,,,
169799.0,,,,,,,,,,,,,,
169800.0,,,,,,,,,,,,,,
169801.0,,,,,,,,,,,,,,
169802.0,,,,,,,,,,,,,,
169803.0,,,,,,,,,,,,,,
169804.0,,,,,,,,,,,,,,
169805.0,,,,,,,,,,,,,,
169806.0,,,,,,,,,,,,,,
169807.0,,,,,,,,,,,,,,
169808.0,,,,,,,,,,,,,,
169809.0,,,,,,,,,,,,,,
169810.0,,,,,,,,,,,,,,
169811.0,,,,,,,,,,,,,,
169812.0,,,,,,,,,,,,,,
169813.0,,,,,,,,,,,,,,
169814.0,,,,,,,,,,,,,,
169815.0,,,,,,,,,,,,,,
169816.0,,,,,,,,,,,,,,
169817.0,,,,,,,,,,,,,,
169818.0,,,,,,,,,,,,,,
169819.0,,,,,,,,,,,,,,
169820.0,,,,,,,,,,,,,,
169821.0,,,,,,,,,,,,,,
169822.0,,,,,,,,,,,,,,
169823.0,,,,,,,,,,,,,,
169824.0,,,,,,,,,,,,,,
169825.0,,,,,,,,,,,,,,
169826.0,,,,,,,,,,,,,,
169827.0,,,,,,,,,,,,,,
169828.0,,,,,,,,,,,,,,
169829.0,,,,,,,,,,,,,,
169830.0,,,,,,,,,,,,,,
169831.0,,,,,,,,,,,,,,
169832.0,,,,,,,,,,,,,,
169833.0,,,,,,,,,,,,,,
169834.0,,,,,,,,,,,,,,
169835.0,,,,,,,,,,,,,,
169836.0,,,,,,,,,,,,,,
169837.0,,,,,,,,,,,,,,
169838.0,,,,,,,,,,,,,,
169839.0,,,,,,,,,,,,,,
169840.0,,,,,,,,,,,,,,
169841.0,,,,,,,,,,,,,,
169842.0,,,,,,,,,,,,,,
169843.0,,,,,,,,,,,,,,
169844.0,,,,,,,,,,,,,,
169845.0,,,,,,,,,,,,,,
169846.0,,,,,,,,,,,,,,
169847.0,,,,,,,,,,,,,,
169848.0,,,,,,,,,,,,,,
169849.0,,,,,,,,,,,,,,
169850.0,,,,,,,,,,,,,,
169851.0,,,,,,,,,,,,,,
169852.0,,,,,,,,,,,,,,
169853.0,,,,,,,,,,,,,,
169854.0,,,,,,,,,,,,,,
169855.0,,,,,,,,,,,,,,
169856.0,,,,,,,,,,,,,,
169857.0,,,,,,,,,,,,,,
169858.0,,,,,,,,,,,,,,
169859.0,,,,,,,,,,,,,,
169860.0,,,,,,,,,,,,,,
169861.0,,,,,,,,,,,,,,
169862.0,,,,,,,,,,,,,,
169863.0,,,,,,,,,,,,,,
169864.0,,,,,,,,,,,,,,
169865.0,,,,,,,,,,,,,,
169866.0,,,,,,,,,,,,,,
169867.0,,,,,,,,,,,,,,
169868.0,,,,,,,,,,,,,,
169869.0,,,,,,,,,,,,,,
169870.0,,,,,,,,,,,,,,
169871.0,,,,,,,,,,,,,,
169872.0,,,,,,,,,,,,,,
169873.0,,,,,,,,,,,,,,
169874.0,,,,,,,,,,,,,,
169875.0,,,,,,,,,,,,,,
169876.0,,,,,,,,,,,,,,
169877.0,,,,,,,,,,,,,,
169878.0,,,,,,,,,,,,,,
169879.0,,,,,,,,,,,,,,
169880.0,,,,,,,,,,,,,,
169881.0,,,,,,,,,,,,,,
169882.0,,,,,,,,,,,,,,
169883.0,,,,,,,,,,,,,,
169884.0,,,,,,,,,,,,,,
169885.0,,,,,,,,,,,,,,
169886.0,,,,,,,,,,,,,,
169887.0,,,,,,,,,,,,,,
169888.0,,,,,,,,,,,,,,
169889.0,,,,,,,,,,,,,,
169890.0,,,,,,,,,,,,,,
169891.0,,,,,,,,,,,,,,
169892.0,,,,,,,,,,,,,,
169893.0,,,,,,,,,,,,,,
169894.0,,,,,,,,,,,,,,
169895.0,,,,,,,,,,,,,,
169896.0,,,,,,,,,,,,,,
169897.0,,,,,,,,,,,,,,
169898.0,,,,,,,,,,,,,,
169899.0,,,,,,,,,,,,,,
169900.0,,,,,,,,,,,,,,
169901.0,,,,,,,,,,,,,,
169902.0,,,,,,,,,,,,,,
169903.0,,,,,,,,,,,,,,
169904.0,,,,,,,,,,,,,,
169905.0,,,,,,,,,,,,,,
169906.0,,,,,,,,,,,,,,
169907.0,,,,,,,,,,,,,,
169908.0,,,,,,,,,,,,,,
169909.0,,,,,,,,,,,,,,
169910.0,,,,,,,,,,,,,,
169911.0,,,,,,,,,,,,,,
169912.0,,,,,,,,,,,,,,
169913.0,,,,,,,,,,,,,,
169914.0,,,,,,,,,,,,,,
169915.0,,,,,,,,,,,,,,
169916.0,,,,,,,,,,,,,,
169917.0,,,,,,,,,,,,,,
169918.0,,,,,,,,,,,,,,
169919.0,,,,,,,,,,,,,,
169920.0,,,,,,,,,,,,,,
169921.0,,,,,,,,,,,,,,
169922.0,,,,,,,,,,,,,,
169923.0,,,,,,,,,,,,,,
169924.0,,,,,,,,,,,,,,
169925.0,,,,,,,,,,,,,,
169926.0,,,,,,,,,,,,,,
169927.0,,,,,,,,,,,,,,
169928.0,,,,,,,,,,,,,,
169929.0,,,,,,,,,,,,,,
169930.0,,,,,,,,,,,,,,
169931.0,,,,,,,,,,,,,,
169932.0,,,,,,,,,,,,,,
169933.0,,,,,,,,,,,,,,
169934.0,,,,,,,,,,,,,,
169935.0,,,,,,,,,,,,,,
169936.0,,,,,,,,,,,,,,
169937.0,,,,,,,,,,,,,,
169938.0,,,,,,,,,,,,,,
169939.0,,,,,,,,,,,,,,
169940.0,,,,,,,,,,,,,,
169941.0,,,,,,,,,,,,,,
169942.0,,,,,,,,,,,,,,
169943.0,,,,,,,,,,,,,,
169944.0,,,,,,,,,,,,,,
169945.0,,,,,,,,,,,,,,
169946.0,,,,,,,,,,,,,,
169947.0,,,,,,,,,,,,,,
169948.0,,,,,,,,,,,,,,
169949.0,,,,,,,,,,,,,,
169950.0,,,,,,,,,,,,,,
169951.0,,,,,,,,,,,,,,
169952.0,,,,,,,,,,,,,,
169953.0,,,,,,,,,,,,,,
169954.0,,,,,,,,,,,,,,
169955.0,,,,,,,,,,,,,,
169956.0,,,,,,,,,,,,,,
169957.0,,,,,,,,,,,,,,
169958.0,,,,,,,,,,,,,,
169959.0,,,,,,,,,,,,,,
169960.0,,,,,,,,,,,,,,
169961.0,,,,,,,,,,,,,,
169962.0,,,,,,,,,,,,,,
169963.0,,,,,,,,,,,,,,
169964.0,,,,,,,,,,,,,,
169965.0,,,,,,,,,,,,,,
169966.0,,,,,,,,,,,,,,
169967.0,,,,,,,,,,,,,,
169968.0,,,,,,,,,,,,,,
169969.0,,,,,,,,,,,,,,
169970.0,,,,,,,,,,,,,,
169971.0,,,,,,,,,,,,,,
169972.0,,,,,,,,,,,,,,
169973.0,,,,,,,,,,,,,,
169974.0,,,,,,,,,,,,,,
169975.0,,,,,,,,,,,,,,
169976.0,,,,,,,,,,,,,,
169977.0,,,,,,,,,,,,,,
169978.0,,,,,,,,,,,,,,
169979.0,,,,,,,,,,,,,,
169980.0,,,,,,,,,,,,,,
169981.0,,,,,,,,,,,,,,
169982.0,,,,,,,,,,,,,,
169983.0,,,,,,,,,,,,,,
169984.0,,,,,,,,,,,,,,
169985.0,,,,,,,,,,,,,,
169986.0,,,,,,,,,,,,,,
169987.0,,,,,,,,,,,,,,
169988.0,,,,,,,,,,,,,,
169989.0,,,,,,,,,,,,,,
169990.0,,,,,,,,,,,,,,
169991.0,,,,,,,,,,,,,,
169992.0,,,,,,,,,,,,,,
169993.0,,,,,,,,,,,,,,
169994.0,,,,,,,,,,,,,,
169995.0,,,,,,,,,,,,,,
169996.0,,,,,,,,,,,,,,
169997.0,,,,,,,,,,,,,,
169998.0,,,,,,,,,,,,,,
169999.0,,,,,,,,,,,,,,
170000.0,,,,,,,,,,,,,,
170001.0,,,,,,,,,,,,,,
170002.0,,,,,,,,,,,,,,
170003.0,,,,,,,,,,,,,,
170004.0,,,,,,,,,,,,,,
170005.0,,,,,,,,,,,,,,
170006.0,,,,,,,,,,,,,,
170007.0,,,,,,,,,,,,,,
170008.0,,,,,,,,,,,,,,
170009.0,,,,,,,,,,,,,,
170010.0,,,,,,,,,,,,,,
170011.0,,,,,,,,,,,,,,
170012.0,,,,,,,,,,,,,,
170013.0,,,,,,,,,,,,,,
170014.0,,,,,,,,,,,,,,
170015.0,,,,,,,,,,,,,,
170016.0,,,,,,,,,,,,,,
170017.0,,,,,,,,,,,,,,
170018.0,,,,,,,,,,,,,,
170019.0,,,,,,,,,,,,,,
170020.0,,,,,,,,,,,,,,
170021.0,,,,,,,,,,,,,,
170022.0,,,,,,,,,,,,,,
170023.0,,,,,,,,,,,,,,
170024.0,,,,,,,,,,,,,,
170025.0,,,,,,,,,,,,,,
170026.0,,,,,,,,,,,,,,
170027.0,,,,,,,,,,,,,,
170028.0,,,,,,,,,,,,,,
170029.0,,,,,,,,,,,,,,
170030.0,,,,,,,,,,,,,,
170031.0,,,,,,,,,,,,,,
170032.0,,,,,,,,,,,,,,
170033.0,,,,,,,,,,,,,,
170034.0,,,,,,,,,,,,,,
170035.0,,,,,,,,,,,,,,
170036.0,,,,,,,,,,,,,,
170037.0,,,,,,,,,,,,,,
170038.0,,,,,,,,,,,,,,
170039.0,,,,,,,,,,,,,,
170040.0,,,,,,,,,,,,,,
170041.0,,,,,,,,,,,,,,
170042.0,,,,,,,,,,,,,,
170043.0,,,,,,,,,,,,,,
170044.0,,,,,,,,,,,,,,
170045.0,,,,,,,,,,,,,,
170046.0,,,,,,,,,,,,,,
170047.0,,,,,,,,,,,,,,
170048.0,,,,,,,,,,,,,,
170049.0,,,,,,,,,,,,,,
170050.0,,,,,,,,,,,,,,
170051.0,,,,,,,,,,,,,,
170052.0,,,,,,,,,,,,,,
170053.0,,,,,,,,,,,,,,
170054.0,,,,,,,,,,,,,,
170055.0,,,,,,,,,,,,,,
170056.0,,,,,,,,,,,,,,
170057.0,,,,,,,,,,,,,,
170058.0,,,,,,,,,,,,,,
170059.0,,,,,,,,,,,,,,
170060.0,,,,,,,,,,,,,,
170061.0,,,,,,,,,,,,,,
170062.0,,,,,,,,,,,,,,
170063.0,,,,,,,,,,,,,,
170064.0,,,,,,,,,,,,,,
170065.0,,,,,,,,,,,,,,
170066.0,,,,,,,,,,,,,,
170067.0,,,,,,,,,,,,,,
170068.0,,,,,,,,,,,,,,
170069.0,,,,,,,,,,,,,,
170070.0,,,,,,,,,,,,,,
170071.0,,,,,,,,,,,,,,
170072.0,,,,,,,,,,,,,,
170073.0,,,,,,,,,,,,,,
170074.0,,,,,,,,,,,,,,
170075.0,,,,,,,,,,,,,,
170076.0,,,,,,,,,,,,,,
170077.0,,,,,,,,,,,,,,
170078.0,,,,,,,,,,,,,,
170079.0,,,,,,,,,,,,,,
170080.0,,,,,,,,,,,,,,
170081.0,,,,,,,,,,,,,,
170082.0,,,,,,,,,,,,,,
170083.0,,,,,,,,,,,,,,
170084.0,,,,,,,,,,,,,,
170085.0,,,,,,,,,,,,,,
170086.0,,,,,,,,,,,,,,
170087.0,,,,,,,,,,,,,,
170088.0,,,,,,,,,,,,,,
170089.0,,,,,,,,,,,,,,
170090.0,,,,,,,,,,,,,,
170091.0,,,,,,,,,,,,,,
170092.0,,,,,,,,,,,,,,
170093.0,,,,,,,,,,,,,,
170094.0,,,,,,,,,,,,,,
170095.0,,,,,,,,,,,,,,
170096.0,,,,,,,,,,,,,,
170097.0,,,,,,,,,,,,,,
170098.0,,,,,,,,,,,,,,
170099.0,,,,,,,,,,,,,,
170100.0,,,,,,,,,,,,,,
170101.0,,,,,,,,,,,,,,
170102.0,,,,,,,,,,,,,,
170103.0,,,,,,,,,,,,,,
170104.0,,,,,,,,,,,,,,
170105.0,,,,,,,,,,,,,,
170106.0,,,,,,,,,,,,,,
170107.0,,,,,,,,,,,,,,
170108.0,,,,,,,,,,,,,,
170109.0,,,,,,,,,,,,,,
170110.0,,,,,,,,,,,,,,
170111.0,,,,,,,,,,,,,,
170112.0,,,,,,,,,,,,,,
170113.0,,,,,,,,,,,,,,
170114.0,,,,,,,,,,,,,,
170115.0,,,,,,,,,,,,,,
170116.0,,,,,,,,,,,,,,
170117.0,,,,,,,,,,,,,,
170118.0,,,,,,,,,,,,,,
170119.0,,,,,,,,,,,,,,
170120.0,,,,,,,,,,,,,,
170121.0,,,,,,,,,,,,,,
170122.0,,,,,,,,,,,,,,
170123.0,,,,,,,,,,,,,,
170124.0,,,,,,,,,,,,,,
170125.0,,,,,,,,,,,,,,
170126.0,,,,,,,,,,,,,,
170127.0,,,,,,,,,,,,,,
170128.0,,,,,,,,,,,,,,
170129.0,,,,,,,,,,,,,,
170130.0,,,,,,,,,,,,,,
170131.0,,,,,,,,,,,,,,
170132.0,,,,,,,,,,,,,,
170133.0,,,,,,,,,,,,,,
170134.0,,,,,,,,,,,,,,
170135.0,,,,,,,,,,,,,,
170136.0,,,,,,,,,,,,,,
170137.0,,,,,,,,,,,,,,
170138.0,,,,,,,,,,,,,,
170139.0,,,,,,,,,,,,,,
170140.0,,,,,,,,,,,,,,
170141.0,,,,,,,,,,,,,,
170142.0,,,,,,,,,,,,,,
170143.0,,,,,,,,,,,,,,
170144.0,,,,,,,,,,,,,,
170145.0,,,,,,,,,,,,,,
170146.0,,,,,,,,,,,,,,
170147.0,,,,,,,,,,,,,,
170148.0,,,,,,,,,,,,,,
170149.0,,,,,,,,,,,,,,
170150.0,,,,,,,,,,,,,,
170151.0,,,,,,,,,,,,,,
170152.0,,,,,,,,,,,,,,
170153.0,,,,,,,,,,,,,,
170154.0,,,,,,,,,,,,,,
170155.0,,,,,,,,,,,,,,
170156.0,,,,,,,,,,,,,,
170157.0,,,,,,,,,,,,,,
170158.0,,,,,,,,,,,,,,
170159.0,,,,,,,,,,,,,,
170160.0,,,,,,,,,,,,,,
170161.0,,,,,,,,,,,,,,
170162.0,,,,,,,,,,,,,,
170163.0,,,,,,,,,,,,,,
170164.0,,,,,,,,,,,,,,
170165.0,,,,,,,,,,,,,,
170166.0,,,,,,,,,,,,,,
170167.0,,,,,,,,,,,,,,
170168.0,,,,,,,,,,,,,,
170169.0,,,,,,,,,,,,,,
170170.0,,,,,,,,,,,,,,
170171.0,,,,,,,,,,,,,,
170172.0,,,,,,,,,,,,,,
170173.0,,,,,,,,,,,,,,
170174.0,,,,,,,,,,,,,,
170175.0,,,,,,,,,,,,,,
170176.0,,,,,,,,,,,,,,
170177.0,,,,,,,,,,,,,,
170178.0,,,,,,,,,,,,,,
170179.0,,,,,,,,,,,,,,
170180.0,,,,,,,,,,,,,,
170181.0,,,,,,,,,,,,,,
170182.0,,,,,,,,,,,,,,
170183.0,,,,,,,,,,,,,,
170184.0,,,,,,,,,,,,,,
170185.0,,,,,,,,,,,,,,
170186.0,,,,,,,,,,,,,,
170187.0,,,,,,,,,,,,,,
170188.0,,,,,,,,,,,,,,
170189.0,,,,,,,,,,,,,,
170190.0,,,,,,,,,,,,,,
170191.0,,,,,,,,,,,,,,
170192.0,,,,,,,,,,,,,,
170193.0,,,,,,,,,,,,,,
170194.0,,,,,,,,,,,,,,
170195.0,,,,,,,,,,,,,,
170196.0,,,,,,,,,,,,,,
170197.0,,,,,,,,,,,,,,
170198.0,,,,,,,,,,,,,,
170199.0,,,,,,,,,,,,,,
170200.0,,,,,,,,,,,,,,
170201.0,,,,,,,,,,,,,,
170202.0,,,,,,,,,,,,,,
170203.0,,,,,,,,,,,,,,
170204.0,,,,,,,,,,,,,,
170205.0,,,,,,,,,,,,,,
170206.0,,,,,,,,,,,,,,
170207.0,,,,,,,,,,,,,,
170208.0,,,,,,,,,,,,,,
170209.0,,,,,,,,,,,,,,
170210.0,,,,,,,,,,,,,,
170211.0,,,,,,,,,,,,,,
170212.0,,,,,,,,,,,,,,
170213.0,,,,,,,,,,,,,,
170214.0,,,,,,,,,,,,,,
170215.0,,,,,,,,,,,,,,
170216.0,,,,,,,,,,,,,,
170217.0,,,,,,,,,,,,,,
170218.0,,,,,,,,,,,,,,
170219.0,,,,,,,,,,,,,,
170220.0,,,,,,,,,,,,,,
170221.0,,,,,,,,,,,,,,
170222.0,,,,,,,,,,,,,,
170223.0,,,,,,,,,,,,,,
170224.0,,,,,,,,,,,,,,
170225.0,,,,,,,,,,,,,,
170226.0,,,,,,,,,,,,,,
170227.0,,,,,,,,,,,,,,
170228.0,,,,,,,,,,,,,,
170229.0,,,,,,,,,,,,,,
170230.0,,,,,,,,,,,,,,
170231.0,,,,,,,,,,,,,,
170232.0,,,,,,,,,,,,,,
170233.0,,,,,,,,,,,,,,
170234.0,,,,,,,,,,,,,,
170235.0,,,,,,,,,,,,,,
170236.0,,,,,,,,,,,,,,
170237.0,,,,,,,,,,,,,,
170238.0,,,,,,,,,,,,,,
170239.0,,,,,,,,,,,,,,
170240.0,,,,,,,,,,,,,,
170241.0,,,,,,,,,,,,,,
170242.0,,,,,,,,,,,,,,
170243.0,,,,,,,,,,,,,,
170244.0,,,,,,,,,,,,,,
170245.0,,,,,,,,,,,,,,
170246.0,,,,,,,,,,,,,,
170247.0,,,,,,,,,,,,,,
170248.0,,,,,,,,,,,,,,
170249.0,,,,,,,,,,,,,,
170250.0,,,,,,,,,,,,,,
170251.0,,,,,,,,,,,,,,
170252.0,,,,,,,,,,,,,,
170253.0,,,,,,,,,,,,,,
170254.0,,,,,,,,,,,,,,
170255.0,,,,,,,,,,,,,,
170256.0,,,,,,,,,,,,,,
170257.0,,,,,,,,,,,,,,
170258.0,,,,,,,,,,,,,,
170259.0,,,,,,,,,,,,,,
170260.0,,,,,,,,,,,,,,
170261.0,,,,,,,,,,,,,,
170262.0,,,,,,,,,,,,,,
170263.0,,,,,,,,,,,,,,
170264.0,,,,,,,,,,,,,,
170265.0,,,,,,,,,,,,,,
170266.0,,,,,,,,,,,,,,
170267.0,,,,,,,,,,,,,,
170268.0,,,,,,,,,,,,,,
170269.0,,,,,,,,,,,,,,
170270.0,,,,,,,,,,,,,,
170271.0,,,,,,,,,,,,,,
170272.0,,,,,,,,,,,,,,
170273.0,,,,,,,,,,,,,,
170274.0,,,,,,,,,,,,,,
170275.0,,,,,,,,,,,,,,
170276.0,,,,,,,,,,,,,,
170277.0,,,,,,,,,,,,,,
170278.0,,,,,,,,,,,,,,
170279.0,,,,,,,,,,,,,,
170280.0,,,,,,,,,,,,,,
170281.0,,,,,,,,,,,,,,
170282.0,,,,,,,,,,,,,,
170283.0,,,,,,,,,,,,,,
170284.0,,,,,,,,,,,,,,
170285.0,,,,,,,,,,,,,,
170286.0,,,,,,,,,,,,,,
170287.0,,,,,,,,,,,,,,
170288.0,,,,,,,,,,,,,,
170289.0,,,,,,,,,,,,,,
170290.0,,,,,,,,,,,,,,
170291.0,,,,,,,,,,,,,,
170292.0,,,,,,,,,,,,,,
170293.0,,,,,,,,,,,,,,
170294.0,,,,,,,,,,,,,,
170295.0,,,,,,,,,,,,,,
170296.0,,,,,,,,,,,,,,
170297.0,,,,,,,,,,,,,,
170298.0,,,,,,,,,,,,,,
170299.0,,,,,,,,,,,,,,
170300.0,,,,,,,,,,,,,,
170301.0,,,,,,,,,,,,,,
170302.0,,,,,,,,,,,,,,
170303.0,,,,,,,,,,,,,,
170304.0,,,,,,,,,,,,,,
170305.0,,,,,,,,,,,,,,
170306.0,,,,,,,,,,,,,,
170307.0,,,,,,,,,,,,,,
170308.0,,,,,,,,,,,,,,
170309.0,,,,,,,,,,,,,,
170310.0,,,,,,,,,,,,,,
170311.0,,,,,,,,,,,,,,
170312.0,,,,,,,,,,,,,,
170313.0,,,,,,,,,,,,,,
170314.0,,,,,,,,,,,,,,
170315.0,,,,,,,,,,,,,,
170316.0,,,,,,,,,,,,,,
170317.0,,,,,,,,,,,,,,
170318.0,,,,,,,,,,,,,,
170319.0,,,,,,,,,,,,,,
170320.0,,,,,,,,,,,,,,
170321.0,,,,,,,,,,,,,,
170322.0,,,,,,,,,,,,,,
170323.0,,,,,,,,,,,,,,
170324.0,,,,,,,,,,,,,,
170325.0,,,,,,,,,,,,,,
170326.0,,,,,,,,,,,,,,
170327.0,,,,,,,,,,,,,,
170328.0,,,,,,,,,,,,,,
170329.0,,,,,,,,,,,,,,
170330.0,,,,,,,,,,,,,,
170331.0,,,,,,,,,,,,,,
170332.0,,,,,,,,,,,,,,
170333.0,,,,,,,,,,,,,,
170334.0,,,,,,,,,,,,,,
170335.0,,,,,,,,,,,,,,
170336.0,,,,,,,,,,,,,,
170337.0,,,,,,,,,,,,,,
170338.0,,,,,,,,,,,,,,
170339.0,,,,,,,,,,,,,,
170340.0,,,,,,,,,,,,,,
170341.0,,,,,,,,,,,,,,
170342.0,,,,,,,,,,,,,,
170343.0,,,,,,,,,,,,,,
170344.0,,,,,,,,,,,,,,
170345.0,,,,,,,,,,,,,,
170346.0,,,,,,,,,,,,,,
170347.0,,,,,,,,,,,,,,
170348.0,,,,,,,,,,,,,,
170349.0,,,,,,,,,,,,,,
170350.0,,,,,,,,,,,,,,
170351.0,,,,,,,,,,,,,,
170352.0,,,,,,,,,,,,,,
170353.0,,,,,,,,,,,,,,
170354.0,,,,,,,,,,,,,,
170355.0,,,,,,,,,,,,,,
170356.0,,,,,,,,,,,,,,
170357.0,,,,,,,,,,,,,,
170358.0,,,,,,,,,,,,,,
170359.0,,,,,,,,,,,,,,
170360.0,,,,,,,,,,,,,,
170361.0,,,,,,,,,,,,,,
170362.0,,,,,,,,,,,,,,
170363.0,,,,,,,,,,,,,,
170364.0,,,,,,,,,,,,,,
170365.0,,,,,,,,,,,,,,
170366.0,,,,,,,,,,,,,,
170367.0,,,,,,,,,,,,,,
170368.0,,,,,,,,,,,,,,
170369.0,,,,,,,,,,,,,,
170370.0,,,,,,,,,,,,,,
170371.0,,,,,,,,,,,,,,
170372.0,,,,,,,,,,,,,,
170373.0,,,,,,,,,,,,,,
170374.0,,,,,,,,,,,,,,
170375.0,,,,,,,,,,,,,,
170376.0,,,,,,,,,,,,,,
170377.0,,,,,,,,,,,,,,
170378.0,,,,,,,,,,,,,,
170379.0,,,,,,,,,,,,,,
170380.0,,,,,,,,,,,,,,
170381.0,,,,,,,,,,,,,,
170382.0,,,,,,,,,,,,,,
170383.0,,,,,,,,,,,,,,
170384.0,,,,,,,,,,,,,,
170385.0,,,,,,,,,,,,,,
170386.0,,,,,,,,,,,,,,
170387.0,,,,,,,,,,,,,,
170388.0,,,,,,,,,,,,,,
170389.0,,,,,,,,,,,,,,
170390.0,,,,,,,,,,,,,,
170391.0,,,,,,,,,,,,,,
170392.0,,,,,,,,,,,,,,
170393.0,,,,,,,,,,,,,,
170394.0,,,,,,,,,,,,,,
170395.0,,,,,,,,,,,,,,
170396.0,,,,,,,,,,,,,,
170397.0,,,,,,,,,,,,,,
170398.0,,,,,,,,,,,,,,
170399.0,,,,,,,,,,,,,,
170400.0,,,,,,,,,,,,,,
170401.0,,,,,,,,,,,,,,
170402.0,,,,,,,,,,,,,,
170403.0,,,,,,,,,,,,,,
170404.0,,,,,,,,,,,,,,
170405.0,,,,,,,,,,,,,,
170406.0,,,,,,,,,,,,,,
170407.0,,,,,,,,,,,,,,
170408.0,,,,,,,,,,,,,,
170409.0,,,,,,,,,,,,,,
170410.0,,,,,,,,,,,,,,
170411.0,,,,,,,,,,,,,,
170412.0,,,,,,,,,,,,,,
170413.0,,,,,,,,,,,,,,
170414.0,,,,,,,,,,,,,,
170415.0,,,,,,,,,,,,,,
170416.0,,,,,,,,,,,,,,
170417.0,,,,,,,,,,,,,,
170418.0,,,,,,,,,,,,,,
170419.0,,,,,,,,,,,,,,
170420.0,,,,,,,,,,,,,,
170421.0,,,,,,,,,,,,,,
170422.0,,,,,,,,,,,,,,
170423.0,,,,,,,,,,,,,,
170424.0,,,,,,,,,,,,,,
170425.0,,,,,,,,,,,,,,
170426.0,,,,,,,,,,,,,,
170427.0,,,,,,,,,,,,,,
170428.0,,,,,,,,,,,,,,
170429.0,,,,,,,,,,,,,,
170430.0,,,,,,,,,,,,,,
170431.0,,,,,,,,,,,,,,
170432.0,,,,,,,,,,,,,,
170433.0,,,,,,,,,,,,,,
170434.0,,,,,,,,,,,,,,
170435.0,,,,,,,,,,,,,,
170436.0,,,,,,,,,,,,,,
170437.0,,,,,,,,,,,,,,
170438.0,,,,,,,,,,,,,,
170439.0,,,,,,,,,,,,,,
170440.0,,,,,,,,,,,,,,
170441.0,,,,,,,,,,,,,,
170442.0,,,,,,,,,,,,,,
170443.0,,,,,,,,,,,,,,
170444.0,,,,,,,,,,,,,,
170445.0,,,,,,,,,,,,,,
170446.0,,,,,,,,,,,,,,
170447.0,,,,,,,,,,,,,,
170448.0,,,,,,,,,,,,,,
170449.0,,,,,,,,,,,,,,
170450.0,,,,,,,,,,,,,,
170451.0,,,,,,,,,,,,,,
170452.0,,,,,,,,,,,,,,
170453.0,,,,,,,,,,,,,,
170454.0,,,,,,,,,,,,,,
170455.0,,,,,,,,,,,,,,
170456.0,,,,,,,,,,,,,,
170457.0,,,,,,,,,,,,,,
170458.0,,,,,,,,,,,,,,
170459.0,,,,,,,,,,,,,,
170460.0,,,,,,,,,,,,,,
170461.0,,,,,,,,,,,,,,
170462.0,,,,,,,,,,,,,,
170463.0,,,,,,,,,,,,,,
170464.0,,,,,,,,,,,,,,
170465.0,,,,,,,,,,,,,,
170466.0,,,,,,,,,,,,,,
170467.0,,,,,,,,,,,,,,
170468.0,,,,,,,,,,,,,,
170469.0,,,,,,,,,,,,,,
170470.0,,,,,,,,,,,,,,
170471.0,,,,,,,,,,,,,,
170472.0,,,,,,,,,,,,,,
170473.0,,,,,,,,,,,,,,
170474.0,,,,,,,,,,,,,,
170475.0,,,,,,,,,,,,,,
170476.0,,,,,,,,,,,,,,
170477.0,,,,,,,,,,,,,,
170478.0,,,,,,,,,,,,,,
170479.0,,,,,,,,,,,,,,
170480.0,,,,,,,,,,,,,,
170481.0,,,,,,,,,,,,,,
170482.0,,,,,,,,,,,,,,
170483.0,,,,,,,,,,,,,,
170484.0,,,,,,,,,,,,,,
170485.0,,,,,,,,,,,,,,
170486.0,,,,,,,,,,,,,,
170487.0,,,,,,,,,,,,,,
170488.0,,,,,,,,,,,,,,
170489.0,,,,,,,,,,,,,,
170490.0,,,,,,,,,,,,,,
170491.0,,,,,,,,,,,,,,
170492.0,,,,,,,,,,,,,,
170493.0,,,,,,,,,,,,,,
170494.0,,,,,,,,,,,,,,
170495.0,,,,,,,,,,,,,,
170496.0,,,,,,,,,,,,,,
170497.0,,,,,,,,,,,,,,
170498.0,,,,,,,,,,,,,,
170499.0,,,,,,,,,,,,,,
170500.0,,,,,,,,,,,,,,
170501.0,,,,,,,,,,,,,,
170502.0,,,,,,,,,,,,,,
170503.0,,,,,,,,,,,,,,
170504.0,,,,,,,,,,,,,,
170505.0,,,,,,,,,,,,,,
170506.0,,,,,,,,,,,,,,
170507.0,,,,,,,,,,,,,,
170508.0,,,,,,,,,,,,,,
170509.0,,,,,,,,,,,,,,
170510.0,,,,,,,,,,,,,,
170511.0,,,,,,,,,,,,,,
170512.0,,,,,,,,,,,,,,
170513.0,,,,,,,,,,,,,,
170514.0,,,,,,,,,,,,,,
170515.0,,,,,,,,,,,,,,
170516.0,,,,,,,,,,,,,,
170517.0,,,,,,,,,,,,,,
170518.0,,,,,,,,,,,,,,
170519.0,,,,,,,,,,,,,,
170520.0,,,,,,,,,,,,,,
170521.0,,,,,,,,,,,,,,
170522.0,,,,,,,,,,,,,,
170523.0,,,,,,,,,,,,,,
170524.0,,,,,,,,,,,,,,
170525.0,,,,,,,,,,,,,,
170526.0,,,,,,,,,,,,,,
170527.0,,,,,,,,,,,,,,
170528.0,,,,,,,,,,,,,,
170529.0,,,,,,,,,,,,,,
170530.0,,,,,,,,,,,,,,
170531.0,,,,,,,,,,,,,,
170532.0,,,,,,,,,,,,,,
170533.0,,,,,,,,,,,,,,
170534.0,,,,,,,,,,,,,,
170535.0,,,,,,,,,,,,,,
170536.0,,,,,,,,,,,,,,
170537.0,,,,,,,,,,,,,,
170538.0,,,,,,,,,,,,,,
170539.0,,,,,,,,,,,,,,
170540.0,,,,,,,,,,,,,,
170541.0,,,,,,,,,,,,,,
170542.0,,,,,,,,,,,,,,
170543.0,,,,,,,,,,,,,,
170544.0,,,,,,,,,,,,,,
170545.0,,,,,,,,,,,,,,
170546.0,,,,,,,,,,,,,,
170547.0,,,,,,,,,,,,,,
170548.0,,,,,,,,,,,,,,
170549.0,,,,,,,,,,,,,,
170550.0,,,,,,,,,,,,,,
170551.0,,,,,,,,,,,,,,
170552.0,,,,,,,,,,,,,,
170553.0,,,,,,,,,,,,,,
170554.0,,,,,,,,,,,,,,
170555.0,,,,,,,,,,,,,,
170556.0,,,,,,,,,,,,,,
170557.0,,,,,,,,,,,,,,
170558.0,,,,,,,,,,,,,,
170559.0,,,,,,,,,,,,,,
170560.0,,,,,,,,,,,,,,
170561.0,,,,,,,,,,,,,,
170562.0,,,,,,,,,,,,,,
170563.0,,,,,,,,,,,,,,
170564.0,,,,,,,,,,,,,,
170565.0,,,,,,,,,,,,,,
170566.0,,,,,,,,,,,,,,
170567.0,,,,,,,,,,,,,,
170568.0,,,,,,,,,,,,,,
170569.0,,,,,,,,,,,,,,
170570.0,,,,,,,,,,,,,,
170571.0,,,,,,,,,,,,,,
170572.0,,,,,,,,,,,,,,
170573.0,,,,,,,,,,,,,,
170574.0,,,,,,,,,,,,,,
170575.0,,,,,,,,,,,,,,
170576.0,,,,,,,,,,,,,,
170577.0,,,,,,,,,,,,,,
170578.0,,,,,,,,,,,,,,
170579.0,,,,,,,,,,,,,,
170580.0,,,,,,,,,,,,,,
170581.0,,,,,,,,,,,,,,
170582.0,,,,,,,,,,,,,,
170583.0,,,,,,,,,,,,,,
170584.0,,,,,,,,,,,,,,
170585.0,,,,,,,,,,,,,,
170586.0,,,,,,,,,,,,,,
170587.0,,,,,,,,,,,,,,
170588.0,,,,,,,,,,,,,,
170589.0,,,,,,,,,,,,,,
170590.0,,,,,,,,,,,,,,
170591.0,,,,,,,,,,,,,,
170592.0,,,,,,,,,,,,,,
170593.0,,,,,,,,,,,,,,
170594.0,,,,,,,,,,,,,,
170595.0,,,,,,,,,,,,,,
170596.0,,,,,,,,,,,,,,
170597.0,,,,,,,,,,,,,,
170598.0,,,,,,,,,,,,,,
170599.0,,,,,,,,,,,,,,
170600.0,,,,,,,,,,,,,,
170601.0,,,,,,,,,,,,,,
170602.0,,,,,,,,,,,,,,
170603.0,,,,,,,,,,,,,,
170604.0,,,,,,,,,,,,,,
170605.0,,,,,,,,,,,,,,
170606.0,,,,,,,,,,,,,,
170607.0,,,,,,,,,,,,,,
170608.0,,,,,,,,,,,,,,
170609.0,,,,,,,,,,,,,,
170610.0,,,,,,,,,,,,,,
170611.0,,,,,,,,,,,,,,
170612.0,,,,,,,,,,,,,,
170613.0,,,,,,,,,,,,,,
170614.0,,,,,,,,,,,,,,
170615.0,,,,,,,,,,,,,,
170616.0,,,,,,,,,,,,,,
170617.0,,,,,,,,,,,,,,
170618.0,,,,,,,,,,,,,,
170619.0,,,,,,,,,,,,,,
170620.0,,,,,,,,,,,,,,
170621.0,,,,,,,,,,,,,,
170622.0,,,,,,,,,,,,,,
170623.0,,,,,,,,,,,,,,
170624.0,,,,,,,,,,,,,,
170625.0,,,,,,,,,,,,,,
170626.0,,,,,,,,,,,,,,
170627.0,,,,,,,,,,,,,,
170628.0,,,,,,,,,,,,,,
170629.0,,,,,,,,,,,,,,
170630.0,,,,,,,,,,,,,,
170631.0,,,,,,,,,,,,,,
170632.0,,,,,,,,,,,,,,
170633.0,,,,,,,,,,,,,,
170634.0,,,,,,,,,,,,,,
170635.0,,,,,,,,,,,,,,
170636.0,,,,,,,,,,,,,,
170637.0,,,,,,,,,,,,,,
170638.0,,,,,,,,,,,,,,
170639.0,,,,,,,,,,,,,,
170640.0,,,,,,,,,,,,,,
170641.0,,,,,,,,,,,,,,
170642.0,,,,,,,,,,,,,,
170643.0,,,,,,,,,,,,,,
170644.0,,,,,,,,,,,,,,
170645.0,,,,,,,,,,,,,,
170646.0,,,,,,,,,,,,,,
170647.0,,,,,,,,,,,,,,
170648.0,,,,,,,,,,,,,,
170649.0,,,,,,,,,,,,,,
170650.0,,,,,,,,,,,,,,
170651.0,,,,,,,,,,,,,,
170652.0,,,,,,,,,,,,,,
170653.0,,,,,,,,,,,,,,
170654.0,,,,,,,,,,,,,,
170655.0,,,,,,,,,,,,,,
170656.0,,,,,,,,,,,,,,
170657.0,,,,,,,,,,,,,,
170658.0,,,,,,,,,,,,,,
170659.0,,,,,,,,,,,,,,
170660.0,,,,,,,,,,,,,,
170661.0,,,,,,,,,,,,,,
170662.0,,,,,,,,,,,,,,
170663.0,,,,,,,,,,,,,,
170664.0,,,,,,,,,,,,,,
170665.0,,,,,,,,,,,,,,
170666.0,,,,,,,,,,,,,,
170667.0,,,,,,,,,,,,,,
170668.0,,,,,,,,,,,,,,
170669.0,,,,,,,,,,,,,,
170670.0,,,,,,,,,,,,,,
170671.0,,,,,,,,,,,,,,
170672.0,,,,,,,,,,,,,,
170673.0,,,,,,,,,,,,,,
170674.0,,,,,,,,,,,,,,
170675.0,,,,,,,,,,,,,,
170676.0,,,,,,,,,,,,,,
170677.0,,,,,,,,,,,,,,
170678.0,,,,,,,,,,,,,,
170679.0,,,,,,,,,,,,,,
170680.0,,,,,,,,,,,,,,
170681.0,,,,,,,,,,,,,,
170682.0,,,,,,,,,,,,,,
170683.0,,,,,,,,,,,,,,
170684.0,,,,,,,,,,,,,,
170685.0,,,,,,,,,,,,,,
170686.0,,,,,,,,,,,,,,
170687.0,,,,,,,,,,,,,,
170688.0,,,,,,,,,,,,,,
170689.0,,,,,,,,,,,,,,
170690.0,,,,,,,,,,,,,,
170691.0,,,,,,,,,,,,,,
170692.0,,,,,,,,,,,,,,
170693.0,,,,,,,,,,,,,,
170694.0,,,,,,,,,,,,,,
170695.0,,,,,,,,,,,,,,
170696.0,,,,,,,,,,,,,,
170697.0,,,,,,,,,,,,,,
170698.0,,,,,,,,,,,,,,
170699.0,,,,,,,,,,,,,,
170700.0,,,,,,,,,,,,,,
170701.0,,,,,,,,,,,,,,
170702.0,,,,,,,,,,,,,,
170703.0,,,,,,,,,,,,,,
170704.0,,,,,,,,,,,,,,
170705.0,,,,,,,,,,,,,,
170706.0,,,,,,,,,,,,,,
170707.0,,,,,,,,,,,,,,
170708.0,,,,,,,,,,,,,,
170709.0,,,,,,,,,,,,,,
170710.0,,,,,,,,,,,,,,
170711.0,,,,,,,,,,,,,,
170712.0,,,,,,,,,,,,,,
170713.0,,,,,,,,,,,,,,
170714.0,,,,,,,,,,,,,,
170715.0,,,,,,,,,,,,,,
170716.0,,,,,,,,,,,,,,
170717.0,,,,,,,,,,,,,,
170718.0,,,,,,,,,,,,,,
170719.0,,,,,,,,,,,,,,
170720.0,,,,,,,,,,,,,,
170721.0,,,,,,,,,,,,,,
170722.0,,,,,,,,,,,,,,
170723.0,,,,,,,,,,,,,,
170724.0,,,,,,,,,,,,,,
170725.0,,,,,,,,,,,,,,
170726.0,,,,,,,,,,,,,,
170727.0,,,,,,,,,,,,,,
170728.0,,,,,,,,,,,,,,
170729.0,,,,,,,,,,,,,,
170730.0,,,,,,,,,,,,,,
170731.0,,,,,,,,,,,,,,
170732.0,,,,,,,,,,,,,,
170733.0,,,,,,,,,,,,,,
170734.0,,,,,,,,,,,,,,
170735.0,,,,,,,,,,,,,,
170736.0,,,,,,,,,,,,,,
170737.0,,,,,,,,,,,,,,
170738.0,,,,,,,,,,,,,,
170739.0,,,,,,,,,,,,,,
170740.0,,,,,,,,,,,,,,
170741.0,,,,,,,,,,,,,,
170742.0,,,,,,,,,,,,,,
170743.0,,,,,,,,,,,,,,
170744.0,,,,,,,,,,,,,,
170745.0,,,,,,,,,,,,,,
170746.0,,,,,,,,,,,,,,
170747.0,,,,,,,,,,,,,,
170748.0,,,,,,,,,,,,,,
170749.0,,,,,,,,,,,,,,
170750.0,,,,,,,,,,,,,,
170751.0,,,,,,,,,,,,,,
170752.0,,,,,,,,,,,,,,
170753.0,,,,,,,,,,,,,,
170754.0,,,,,,,,,,,,,,
170755.0,,,,,,,,,,,,,,
170756.0,,,,,,,,,,,,,,
170757.0,,,,,,,,,,,,,,
170758.0,,,,,,,,,,,,,,
170759.0,,,,,,,,,,,,,,
170760.0,,,,,,,,,,,,,,
170761.0,,,,,,,,,,,,,,
170762.0,,,,,,,,,,,,,,
170763.0,,,,,,,,,,,,,,
170764.0,,,,,,,,,,,,,,
170765.0,,,,,,,,,,,,,,
170766.0,,,,,,,,,,,,,,
170767.0,,,,,,,,,,,,,,
170768.0,,,,,,,,,,,,,,
170769.0,,,,,,,,,,,,,,
170770.0,,,,,,,,,,,,,,
170771.0,,,,,,,,,,,,,,
170772.0,,,,,,,,,,,,,,
170773.0,,,,,,,,,,,,,,
170774.0,,,,,,,,,,,,,,
170775.0,,,,,,,,,,,,,,
170776.0,,,,,,,,,,,,,,
170777.0,,,,,,,,,,,,,,
170778.0,,,,,,,,,,,,,,
170779.0,,,,,,,,,,,,,,
170780.0,,,,,,,,,,,,,,
170781.0,,,,,,,,,,,,,,
170782.0,,,,,,,,,,,,,,
170783.0,,,,,,,,,,,,,,
170784.0,,,,,,,,,,,,,,
170785.0,,,,,,,,,,,,,,
170786.0,,,,,,,,,,,,,,
170787.0,,,,,,,,,,,,,,
170788.0,,,,,,,,,,,,,,
170789.0,,,,,,,,,,,,,,
170790.0,,,,,,,,,,,,,,
170791.0,,,,,,,,,,,,,,
170792.0,,,,,,,,,,,,,,
170793.0,,,,,,,,,,,,,,
170794.0,,,,,,,,,,,,,,
170795.0,,,,,,,,,,,,,,
170796.0,,,,,,,,,,,,,,
170797.0,,,,,,,,,,,,,,
170798.0,,,,,,,,,,,,,,
170799.0,,,,,,,,,,,,,,
170800.0,,,,,,,,,,,,,,
170801.0,,,,,,,,,,,,,,
170802.0,,,,,,,,,,,,,,
170803.0,,,,,,,,,,,,,,
170804.0,,,,,,,,,,,,,,
170805.0,,,,,,,,,,,,,,
170806.0,,,,,,,,,,,,,,
170807.0,,,,,,,,,,,,,,
170808.0,,,,,,,,,,,,,,
170809.0,,,,,,,,,,,,,,
170810.0,,,,,,,,,,,,,,
170811.0,,,,,,,,,,,,,,
170812.0,,,,,,,,,,,,,,
170813.0,,,,,,,,,,,,,,
170814.0,,,,,,,,,,,,,,
170815.0,,,,,,,,,,,,,,
170816.0,,,,,,,,,,,,,,
170817.0,,,,,,,,,,,,,,
170818.0,,,,,,,,,,,,,,
170819.0,,,,,,,,,,,,,,
170820.0,,,,,,,,,,,,,,
170821.0,,,,,,,,,,,,,,
170822.0,,,,,,,,,,,,,,
170823.0,,,,,,,,,,,,,,
170824.0,,,,,,,,,,,,,,
170825.0,,,,,,,,,,,,,,
170826.0,,,,,,,,,,,,,,
170827.0,,,,,,,,,,,,,,
170828.0,,,,,,,,,,,,,,
170829.0,,,,,,,,,,,,,,
170830.0,,,,,,,,,,,,,,
170831.0,,,,,,,,,,,,,,
170832.0,,,,,,,,,,,,,,
170833.0,,,,,,,,,,,,,,
170834.0,,,,,,,,,,,,,,
170835.0,,,,,,,,,,,,,,
170836.0,,,,,,,,,,,,,,
170837.0,,,,,,,,,,,,,,
170838.0,,,,,,,,,,,,,,
170839.0,,,,,,,,,,,,,,
170840.0,,,,,,,,,,,,,,
170841.0,,,,,,,,,,,,,,
170842.0,,,,,,,,,,,,,,
170843.0,,,,,,,,,,,,,,
170844.0,,,,,,,,,,,,,,
170845.0,,,,,,,,,,,,,,
170846.0,,,,,,,,,,,,,,
170847.0,,,,,,,,,,,,,,
170848.0,,,,,,,,,,,,,,
170849.0,,,,,,,,,,,,,,
170850.0,,,,,,,,,,,,,,
170851.0,,,,,,,,,,,,,,
170852.0,,,,,,,,,,,,,,
170853.0,,,,,,,,,,,,,,
170854.0,,,,,,,,,,,,,,
170855.0,,,,,,,,,,,,,,
170856.0,,,,,,,,,,,,,,
170857.0,,,,,,,,,,,,,,
170858.0,,,,,,,,,,,,,,
170859.0,,,,,,,,,,,,,,
170860.0,,,,,,,,,,,,,,
170861.0,,,,,,,,,,,,,,
170862.0,,,,,,,,,,,,,,
170863.0,,,,,,,,,,,,,,
170864.0,,,,,,,,,,,,,,
170865.0,,,,,,,,,,,,,,
170866.0,,,,,,,,,,,,,,
170867.0,,,,,,,,,,,,,,
170868.0,,,,,,,,,,,,,,
170869.0,,,,,,,,,,,,,,
170870.0,,,,,,,,,,,,,,
170871.0,,,,,,,,,,,,,,
170872.0,,,,,,,,,,,,,,
170873.0,,,,,,,,,,,,,,
170874.0,,,,,,,,,,,,,,
170875.0,,,,,,,,,,,,,,
170876.0,,,,,,,,,,,,,,
170877.0,,,,,,,,,,,,,,
170878.0,,,,,,,,,,,,,,
170879.0,,,,,,,,,,,,,,
170880.0,,,,,,,,,,,,,,
170881.0,,,,,,,,,,,,,,
170882.0,,,,,,,,,,,,,,
170883.0,,,,,,,,,,,,,,
170884.0,,,,,,,,,,,,,,
170885.0,,,,,,,,,,,,,,
170886.0,,,,,,,,,,,,,,
170887.0,,,,,,,,,,,,,,
170888.0,,,,,,,,,,,,,,
170889.0,,,,,,,,,,,,,,
170890.0,,,,,,,,,,,,,,
170891.0,,,,,,,,,,,,,,
170892.0,,,,,,,,,,,,,,
170893.0,,,,,,,,,,,,,,
170894.0,,,,,,,,,,,,,,
170895.0,,,,,,,,,,,,,,
170896.0,,,,,,,,,,,,,,
170897.0,,,,,,,,,,,,,,
170898.0,,,,,,,,,,,,,,
170899.0,,,,,,,,,,,,,,
170900.0,,,,,,,,,,,,,,
170901.0,,,,,,,,,,,,,,
170902.0,,,,,,,,,,,,,,
170903.0,,,,,,,,,,,,,,
170904.0,,,,,,,,,,,,,,
170905.0,,,,,,,,,,,,,,
170906.0,,,,,,,,,,,,,,
170907.0,,,,,,,,,,,,,,
170908.0,,,,,,,,,,,,,,
170909.0,,,,,,,,,,,,,,
170910.0,,,,,,,,,,,,,,
170911.0,,,,,,,,,,,,,,
170912.0,,,,,,,,,,,,,,
170913.0,,,,,,,,,,,,,,
170914.0,,,,,,,,,,,,,,
170915.0,,,,,,,,,,,,,,
170916.0,,,,,,,,,,,,,,
170917.0,,,,,,,,,,,,,,
170918.0,,,,,,,,,,,,,,
170919.0,,,,,,,,,,,,,,
170920.0,,,,,,,,,,,,,,
170921.0,,,,,,,,,,,,,,
170922.0,,,,,,,,,,,,,,
170923.0,,,,,,,,,,,,,,
170924.0,,,,,,,,,,,,,,
170925.0,,,,,,,,,,,,,,
170926.0,,,,,,,,,,,,,,
170927.0,,,,,,,,,,,,,,
170928.0,,,,,,,,,,,,,,
170929.0,,,,,,,,,,,,,,
170930.0,,,,,,,,,,,,,,
170931.0,,,,,,,,,,,,,,
170932.0,,,,,,,,,,,,,,
170933.0,,,,,,,,,,,,,,
170934.0,,,,,,,,,,,,,,
170935.0,,,,,,,,,,,,,,
170936.0,,,,,,,,,,,,,,
170937.0,,,,,,,,,,,,,,
170938.0,,,,,,,,,,,,,,
170939.0,,,,,,,,,,,,,,
170940.0,,,,,,,,,,,,,,
170941.0,,,,,,,,,,,,,,
170942.0,,,,,,,,,,,,,,
170943.0,,,,,,,,,,,,,,
170944.0,,,,,,,,,,,,,,
170945.0,,,,,,,,,,,,,,
170946.0,,,,,,,,,,,,,,
170947.0,,,,,,,,,,,,,,
170948.0,,,,,,,,,,,,,,
170949.0,,,,,,,,,,,,,,
170950.0,,,,,,,,,,,,,,
170951.0,,,,,,,,,,,,,,
170952.0,,,,,,,,,,,,,,
170953.0,,,,,,,,,,,,,,
170954.0,,,,,,,,,,,,,,
170955.0,,,,,,,,,,,,,,
170956.0,,,,,,,,,,,,,,
170957.0,,,,,,,,,,,,,,
170958.0,,,,,,,,,,,,,,
170959.0,,,,,,,,,,,,,,
170960.0,,,,,,,,,,,,,,
170961.0,,,,,,,,,,,,,,
170962.0,,,,,,,,,,,,,,
170963.0,,,,,,,,,,,,,,
170964.0,,,,,,,,,,,,,,
170965.0,,,,,,,,,,,,,,
170966.0,,,,,,,,,,,,,,
170967.0,,,,,,,,,,,,,,
170968.0,,,,,,,,,,,,,,
170969.0,,,,,,,,,,,,,,
170970.0,,,,,,,,,,,,,,
170971.0,,,,,,,,,,,,,,
170972.0,,,,,,,,,,,,,,
170973.0,,,,,,,,,,,,,,
170974.0,,,,,,,,,,,,,,
170975.0,,,,,,,,,,,,,,
170976.0,,,,,,,,,,,,,,
170977.0,,,,,,,,,,,,,,
170978.0,,,,,,,,,,,,,,
170979.0,,,,,,,,,,,,,,
170980.0,,,,,,,,,,,,,,
170981.0,,,,,,,,,,,,,,
170982.0,,,,,,,,,,,,,,
170983.0,,,,,,,,,,,,,,
170984.0,,,,,,,,,,,,,,
170985.0,,,,,,,,,,,,,,
170986.0,,,,,,,,,,,,,,
170987.0,,,,,,,,,,,,,,
170988.0,,,,,,,,,,,,,,
170989.0,,,,,,,,,,,,,,
170990.0,,,,,,,,,,,,,,
170991.0,,,,,,,,,,,,,,
170992.0,,,,,,,,,,,,,,
170993.0,,,,,,,,,,,,,,
170994.0,,,,,,,,,,,,,,
170995.0,,,,,,,,,,,,,,
170996.0,,,,,,,,,,,,,,
170997.0,,,,,,,,,,,,,,
170998.0,,,,,,,,,,,,,,
170999.0,,,,,,,,,,,,,,
171000.0,,,,,,,,,,,,,,
171001.0,,,,,,,,,,,,,,
171002.0,,,,,,,,,,,,,,
171003.0,,,,,,,,,,,,,,
171004.0,,,,,,,,,,,,,,
171005.0,,,,,,,,,,,,,,
171006.0,,,,,,,,,,,,,,
171007.0,,,,,,,,,,,,,,
171008.0,,,,,,,,,,,,,,
171009.0,,,,,,,,,,,,,,
171010.0,,,,,,,,,,,,,,
171011.0,,,,,,,,,,,,,,
171012.0,,,,,,,,,,,,,,
171013.0,,,,,,,,,,,,,,
171014.0,,,,,,,,,,,,,,
171015.0,,,,,,,,,,,,,,
171016.0,,,,,,,,,,,,,,
171017.0,,,,,,,,,,,,,,
171018.0,,,,,,,,,,,,,,
171019.0,,,,,,,,,,,,,,
171020.0,,,,,,,,,,,,,,
171021.0,,,,,,,,,,,,,,
171022.0,,,,,,,,,,,,,,
171023.0,,,,,,,,,,,,,,
171024.0,,,,,,,,,,,,,,
171025.0,,,,,,,,,,,,,,
171026.0,,,,,,,,,,,,,,
171027.0,,,,,,,,,,,,,,
171028.0,,,,,,,,,,,,,,
171029.0,,,,,,,,,,,,,,
171030.0,,,,,,,,,,,,,,
171031.0,,,,,,,,,,,,,,
171032.0,,,,,,,,,,,,,,
171033.0,,,,,,,,,,,,,,
171034.0,,,,,,,,,,,,,,
171035.0,,,,,,,,,,,,,,
171036.0,,,,,,,,,,,,,,
171037.0,,,,,,,,,,,,,,
171038.0,,,,,,,,,,,,,,
171039.0,,,,,,,,,,,,,,
171040.0,,,,,,,,,,,,,,
171041.0,,,,,,,,,,,,,,
171042.0,,,,,,,,,,,,,,
171043.0,,,,,,,,,,,,,,
171044.0,,,,,,,,,,,,,,
171045.0,,,,,,,,,,,,,,
171046.0,,,,,,,,,,,,,,
171047.0,,,,,,,,,,,,,,
171048.0,,,,,,,,,,,,,,
171049.0,,,,,,,,,,,,,,
171050.0,,,,,,,,,,,,,,
171051.0,,,,,,,,,,,,,,
171052.0,,,,,,,,,,,,,,
171053.0,,,,,,,,,,,,,,
171054.0,,,,,,,,,,,,,,
171055.0,,,,,,,,,,,,,,
171056.0,,,,,,,,,,,,,,
171057.0,,,,,,,,,,,,,,
171058.0,,,,,,,,,,,,,,
171059.0,,,,,,,,,,,,,,
171060.0,,,,,,,,,,,,,,
171061.0,,,,,,,,,,,,,,
171062.0,,,,,,,,,,,,,,
171063.0,,,,,,,,,,,,,,
171064.0,,,,,,,,,,,,,,
171065.0,,,,,,,,,,,,,,
171066.0,,,,,,,,,,,,,,
171067.0,,,,,,,,,,,,,,
171068.0,,,,,,,,,,,,,,
171069.0,,,,,,,,,,,,,,
171070.0,,,,,,,,,,,,,,
171071.0,,,,,,,,,,,,,,
171072.0,,,,,,,,,,,,,,
171073.0,,,,,,,,,,,,,,
171074.0,,,,,,,,,,,,,,
171075.0,,,,,,,,,,,,,,
171076.0,,,,,,,,,,,,,,
171077.0,,,,,,,,,,,,,,
171078.0,,,,,,,,,,,,,,
171079.0,,,,,,,,,,,,,,
171080.0,,,,,,,,,,,,,,
171081.0,,,,,,,,,,,,,,
171082.0,,,,,,,,,,,,,,
171083.0,,,,,,,,,,,,,,
171084.0,,,,,,,,,,,,,,
171085.0,,,,,,,,,,,,,,
171086.0,,,,,,,,,,,,,,
171087.0,,,,,,,,,,,,,,
171088.0,,,,,,,,,,,,,,
171089.0,,,,,,,,,,,,,,
171090.0,,,,,,,,,,,,,,
171091.0,,,,,,,,,,,,,,
171092.0,,,,,,,,,,,,,,
171093.0,,,,,,,,,,,,,,
171094.0,,,,,,,,,,,,,,
171095.0,,,,,,,,,,,,,,
171096.0,,,,,,,,,,,,,,
171097.0,,,,,,,,,,,,,,
171098.0,,,,,,,,,,,,,,
171099.0,,,,,,,,,,,,,,
171100.0,,,,,,,,,,,,,,
171101.0,,,,,,,,,,,,,,
171102.0,,,,,,,,,,,,,,
171103.0,,,,,,,,,,,,,,
171104.0,,,,,,,,,,,,,,
171105.0,,,,,,,,,,,,,,
171106.0,,,,,,,,,,,,,,
171107.0,,,,,,,,,,,,,,
171108.0,,,,,,,,,,,,,,
171109.0,,,,,,,,,,,,,,
171110.0,,,,,,,,,,,,,,
171111.0,,,,,,,,,,,,,,
171112.0,,,,,,,,,,,,,,
171113.0,,,,,,,,,,,,,,
171114.0,,,,,,,,,,,,,,
171115.0,,,,,,,,,,,,,,
171116.0,,,,,,,,,,,,,,
171117.0,,,,,,,,,,,,,,
171118.0,,,,,,,,,,,,,,
171119.0,,,,,,,,,,,,,,
171120.0,,,,,,,,,,,,,,
171121.0,,,,,,,,,,,,,,
171122.0,,,,,,,,,,,,,,
171123.0,,,,,,,,,,,,,,
171124.0,,,,,,,,,,,,,,
171125.0,,,,,,,,,,,,,,
171126.0,,,,,,,,,,,,,,
171127.0,,,,,,,,,,,,,,
171128.0,,,,,,,,,,,,,,
171129.0,,,,,,,,,,,,,,
171130.0,,,,,,,,,,,,,,
171131.0,,,,,,,,,,,,,,
171132.0,,,,,,,,,,,,,,
171133.0,,,,,,,,,,,,,,
171134.0,,,,,,,,,,,,,,
171135.0,,,,,,,,,,,,,,
171136.0,,,,,,,,,,,,,,
171137.0,,,,,,,,,,,,,,
171138.0,,,,,,,,,,,,,,
171139.0,,,,,,,,,,,,,,
171140.0,,,,,,,,,,,,,,
171141.0,,,,,,,,,,,,,,
171142.0,,,,,,,,,,,,,,
171143.0,,,,,,,,,,,,,,
171144.0,,,,,,,,,,,,,,
171145.0,,,,,,,,,,,,,,
171146.0,,,,,,,,,,,,,,
171147.0,,,,,,,,,,,,,,
171148.0,,,,,,,,,,,,,,
171149.0,,,,,,,,,,,,,,
171150.0,,,,,,,,,,,,,,
171151.0,,,,,,,,,,,,,,
171152.0,,,,,,,,,,,,,,
171153.0,,,,,,,,,,,,,,
171154.0,,,,,,,,,,,,,,
171155.0,,,,,,,,,,,,,,
171156.0,,,,,,,,,,,,,,
171157.0,,,,,,,,,,,,,,
171158.0,,,,,,,,,,,,,,
171159.0,,,,,,,,,,,,,,
171160.0,,,,,,,,,,,,,,
171161.0,,,,,,,,,,,,,,
171162.0,,,,,,,,,,,,,,
171163.0,,,,,,,,,,,,,,
171164.0,,,,,,,,,,,,,,
171165.0,,,,,,,,,,,,,,
171166.0,,,,,,,,,,,,,,
171167.0,,,,,,,,,,,,,,
171168.0,,,,,,,,,,,,,,
171169.0,,,,,,,,,,,,,,
171170.0,,,,,,,,,,,,,,
171171.0,,,,,,,,,,,,,,
171172.0,,,,,,,,,,,,,,
171173.0,,,,,,,,,,,,,,
171174.0,,,,,,,,,,,,,,
171175.0,,,,,,,,,,,,,,
171176.0,,,,,,,,,,,,,,
171177.0,,,,,,,,,,,,,,
171178.0,,,,,,,,,,,,,,
171179.0,,,,,,,,,,,,,,
171180.0,,,,,,,,,,,,,,
171181.0,,,,,,,,,,,,,,
171182.0,,,,,,,,,,,,,,
171183.0,,,,,,,,,,,,,,
171184.0,,,,,,,,,,,,,,
171185.0,,,,,,,,,,,,,,
171186.0,,,,,,,,,,,,,,
171187.0,,,,,,,,,,,,,,
171188.0,,,,,,,,,,,,,,
171189.0,,,,,,,,,,,,,,
171190.0,,,,,,,,,,,,,,
171191.0,,,,,,,,,,,,,,
171192.0,,,,,,,,,,,,,,
171193.0,,,,,,,,,,,,,,
171194.0,,,,,,,,,,,,,,
171195.0,,,,,,,,,,,,,,
171196.0,,,,,,,,,,,,,,
171197.0,,,,,,,,,,,,,,
171198.0,,,,,,,,,,,,,,
171199.0,,,,,,,,,,,,,,
171200.0,,,,,,,,,,,,,,
171201.0,,,,,,,,,,,,,,
171202.0,,,,,,,,,,,,,,
171203.0,,,,,,,,,,,,,,
171204.0,,,,,,,,,,,,,,
171205.0,,,,,,,,,,,,,,
171206.0,,,,,,,,,,,,,,
171207.0,,,,,,,,,,,,,,
171208.0,,,,,,,,,,,,,,
171209.0,,,,,,,,,,,,,,
171210.0,,,,,,,,,,,,,,
171211.0,,,,,,,,,,,,,,
171212.0,,,,,,,,,,,,,,
171213.0,,,,,,,,,,,,,,
171214.0,,,,,,,,,,,,,,
171215.0,,,,,,,,,,,,,,
171216.0,,,,,,,,,,,,,,
171217.0,,,,,,,,,,,,,,
171218.0,,,,,,,,,,,,,,
171219.0,,,,,,,,,,,,,,
171220.0,,,,,,,,,,,,,,
171221.0,,,,,,,,,,,,,,
171222.0,,,,,,,,,,,,,,
171223.0,,,,,,,,,,,,,,
171224.0,,,,,,,,,,,,,,
171225.0,,,,,,,,,,,,,,
171226.0,,,,,,,,,,,,,,
171227.0,,,,,,,,,,,,,,
171228.0,,,,,,,,,,,,,,
171229.0,,,,,,,,,,,,,,
171230.0,,,,,,,,,,,,,,
171231.0,,,,,,,,,,,,,,
171232.0,,,,,,,,,,,,,,
171233.0,,,,,,,,,,,,,,
171234.0,,,,,,,,,,,,,,
171235.0,,,,,,,,,,,,,,
171236.0,,,,,,,,,,,,,,
171237.0,,,,,,,,,,,,,,
171238.0,,,,,,,,,,,,,,
171239.0,,,,,,,,,,,,,,
171240.0,,,,,,,,,,,,,,
171241.0,,,,,,,,,,,,,,
171242.0,,,,,,,,,,,,,,
171243.0,,,,,,,,,,,,,,
171244.0,,,,,,,,,,,,,,
171245.0,,,,,,,,,,,,,,
171246.0,,,,,,,,,,,,,,
171247.0,,,,,,,,,,,,,,
171248.0,,,,,,,,,,,,,,
171249.0,,,,,,,,,,,,,,
171250.0,,,,,,,,,,,,,,
171251.0,,,,,,,,,,,,,,
171252.0,,,,,,,,,,,,,,
171253.0,,,,,,,,,,,,,,
171254.0,,,,,,,,,,,,,,
171255.0,,,,,,,,,,,,,,
171256.0,,,,,,,,,,,,,,
171257.0,,,,,,,,,,,,,,
171258.0,,,,,,,,,,,,,,
171259.0,,,,,,,,,,,,,,
171260.0,,,,,,,,,,,,,,
171261.0,,,,,,,,,,,,,,
171262.0,,,,,,,,,,,,,,
171263.0,,,,,,,,,,,,,,
171264.0,,,,,,,,,,,,,,
171265.0,,,,,,,,,,,,,,
171266.0,,,,,,,,,,,,,,
171267.0,,,,,,,,,,,,,,
171268.0,,,,,,,,,,,,,,
171269.0,,,,,,,,,,,,,,
171270.0,,,,,,,,,,,,,,
171271.0,,,,,,,,,,,,,,
171272.0,,,,,,,,,,,,,,
171273.0,,,,,,,,,,,,,,
171274.0,,,,,,,,,,,,,,
171275.0,,,,,,,,,,,,,,
171276.0,,,,,,,,,,,,,,
171277.0,,,,,,,,,,,,,,
171278.0,,,,,,,,,,,,,,
171279.0,,,,,,,,,,,,,,
171280.0,,,,,,,,,,,,,,
171281.0,,,,,,,,,,,,,,
171282.0,,,,,,,,,,,,,,
171283.0,,,,,,,,,,,,,,
171284.0,,,,,,,,,,,,,,
171285.0,,,,,,,,,,,,,,
171286.0,,,,,,,,,,,,,,
171287.0,,,,,,,,,,,,,,
171288.0,,,,,,,,,,,,,,
171289.0,,,,,,,,,,,,,,
171290.0,,,,,,,,,,,,,,
171291.0,,,,,,,,,,,,,,
171292.0,,,,,,,,,,,,,,
171293.0,,,,,,,,,,,,,,
171294.0,,,,,,,,,,,,,,
171295.0,,,,,,,,,,,,,,
171296.0,,,,,,,,,,,,,,
171297.0,,,,,,,,,,,,,,
171298.0,,,,,,,,,,,,,,
171299.0,,,,,,,,,,,,,,
171300.0,,,,,,,,,,,,,,
171301.0,,,,,,,,,,,,,,
171302.0,,,,,,,,,,,,,,
171303.0,,,,,,,,,,,,,,
171304.0,,,,,,,,,,,,,,
171305.0,,,,,,,,,,,,,,
171306.0,,,,,,,,,,,,,,
171307.0,,,,,,,,,,,,,,
171308.0,,,,,,,,,,,,,,
171309.0,,,,,,,,,,,,,,
171310.0,,,,,,,,,,,,,,
171311.0,,,,,,,,,,,,,,
171312.0,,,,,,,,,,,,,,
171313.0,,,,,,,,,,,,,,
171314.0,,,,,,,,,,,,,,
171315.0,,,,,,,,,,,,,,
171316.0,,,,,,,,,,,,,,
171317.0,,,,,,,,,,,,,,
171318.0,,,,,,,,,,,,,,
171319.0,,,,,,,,,,,,,,
171320.0,,,,,,,,,,,,,,
171321.0,,,,,,,,,,,,,,
171322.0,,,,,,,,,,,,,,
171323.0,,,,,,,,,,,,,,
171324.0,,,,,,,,,,,,,,
171325.0,,,,,,,,,,,,,,
171326.0,,,,,,,,,,,,,,
171327.0,,,,,,,,,,,,,,
171328.0,,,,,,,,,,,,,,
171329.0,,,,,,,,,,,,,,
171330.0,,,,,,,,,,,,,,
171331.0,,,,,,,,,,,,,,
171332.0,,,,,,,,,,,,,,
171333.0,,,,,,,,,,,,,,
171334.0,,,,,,,,,,,,,,
171335.0,,,,,,,,,,,,,,
171336.0,,,,,,,,,,,,,,
171337.0,,,,,,,,,,,,,,
171338.0,,,,,,,,,,,,,,
171339.0,,,,,,,,,,,,,,
171340.0,,,,,,,,,,,,,,
171341.0,,,,,,,,,,,,,,
171342.0,,,,,,,,,,,,,,
171343.0,,,,,,,,,,,,,,
171344.0,,,,,,,,,,,,,,
171345.0,,,,,,,,,,,,,,
171346.0,,,,,,,,,,,,,,
171347.0,,,,,,,,,,,,,,
171348.0,,,,,,,,,,,,,,
171349.0,,,,,,,,,,,,,,
171350.0,,,,,,,,,,,,,,
171351.0,,,,,,,,,,,,,,
171352.0,,,,,,,,,,,,,,
171353.0,,,,,,,,,,,,,,
171354.0,,,,,,,,,,,,,,
171355.0,,,,,,,,,,,,,,
171356.0,,,,,,,,,,,,,,
171357.0,,,,,,,,,,,,,,
171358.0,,,,,,,,,,,,,,
171359.0,,,,,,,,,,,,,,
171360.0,,,,,,,,,,,,,,
171361.0,,,,,,,,,,,,,,
171362.0,,,,,,,,,,,,,,
171363.0,,,,,,,,,,,,,,
171364.0,,,,,,,,,,,,,,
171365.0,,,,,,,,,,,,,,
171366.0,,,,,,,,,,,,,,
171367.0,,,,,,,,,,,,,,
171368.0,,,,,,,,,,,,,,
171369.0,,,,,,,,,,,,,,
171370.0,,,,,,,,,,,,,,
171371.0,,,,,,,,,,,,,,
171372.0,,,,,,,,,,,,,,
171373.0,,,,,,,,,,,,,,
171374.0,,,,,,,,,,,,,,
171375.0,,,,,,,,,,,,,,
171376.0,,,,,,,,,,,,,,
171377.0,,,,,,,,,,,,,,
171378.0,,,,,,,,,,,,,,
171379.0,,,,,,,,,,,,,,
171380.0,,,,,,,,,,,,,,
171381.0,,,,,,,,,,,,,,
171382.0,,,,,,,,,,,,,,
171383.0,,,,,,,,,,,,,,
171384.0,,,,,,,,,,,,,,
171385.0,,,,,,,,,,,,,,
171386.0,,,,,,,,,,,,,,
171387.0,,,,,,,,,,,,,,
171388.0,,,,,,,,,,,,,,
171389.0,,,,,,,,,,,,,,
171390.0,,,,,,,,,,,,,,
171391.0,,,,,,,,,,,,,,
171392.0,,,,,,,,,,,,,,
171393.0,,,,,,,,,,,,,,
171394.0,,,,,,,,,,,,,,
171395.0,,,,,,,,,,,,,,
171396.0,,,,,,,,,,,,,,
171397.0,,,,,,,,,,,,,,
171398.0,,,,,,,,,,,,,,
171399.0,,,,,,,,,,,,,,
171400.0,,,,,,,,,,,,,,
171401.0,,,,,,,,,,,,,,
171402.0,,,,,,,,,,,,,,
171403.0,,,,,,,,,,,,,,
171404.0,,,,,,,,,,,,,,
171405.0,,,,,,,,,,,,,,
171406.0,,,,,,,,,,,,,,
171407.0,,,,,,,,,,,,,,
171408.0,,,,,,,,,,,,,,
171409.0,,,,,,,,,,,,,,
171410.0,,,,,,,,,,,,,,
171411.0,,,,,,,,,,,,,,
171412.0,,,,,,,,,,,,,,
171413.0,,,,,,,,,,,,,,
171414.0,,,,,,,,,,,,,,
171415.0,,,,,,,,,,,,,,
171416.0,,,,,,,,,,,,,,
171417.0,,,,,,,,,,,,,,
171418.0,,,,,,,,,,,,,,
171419.0,,,,,,,,,,,,,,
171420.0,,,,,,,,,,,,,,
171421.0,,,,,,,,,,,,,,
171422.0,,,,,,,,,,,,,,
171423.0,,,,,,,,,,,,,,
171424.0,,,,,,,,,,,,,,
171425.0,,,,,,,,,,,,,,
171426.0,,,,,,,,,,,,,,
171427.0,,,,,,,,,,,,,,
171428.0,,,,,,,,,,,,,,
171429.0,,,,,,,,,,,,,,
171430.0,,,,,,,,,,,,,,
171431.0,,,,,,,,,,,,,,
171432.0,,,,,,,,,,,,,,
171433.0,,,,,,,,,,,,,,
171434.0,,,,,,,,,,,,,,
171435.0,,,,,,,,,,,,,,
171436.0,,,,,,,,,,,,,,
171437.0,,,,,,,,,,,,,,
171438.0,,,,,,,,,,,,,,
171439.0,,,,,,,,,,,,,,
171440.0,,,,,,,,,,,,,,
171441.0,,,,,,,,,,,,,,
171442.0,,,,,,,,,,,,,,
171443.0,,,,,,,,,,,,,,
171444.0,,,,,,,,,,,,,,
171445.0,,,,,,,,,,,,,,
171446.0,,,,,,,,,,,,,,
171447.0,,,,,,,,,,,,,,
171448.0,,,,,,,,,,,,,,
171449.0,,,,,,,,,,,,,,
171450.0,,,,,,,,,,,,,,
171451.0,,,,,,,,,,,,,,
171452.0,,,,,,,,,,,,,,
171453.0,,,,,,,,,,,,,,
171454.0,,,,,,,,,,,,,,
171455.0,,,,,,,,,,,,,,
171456.0,,,,,,,,,,,,,,
171457.0,,,,,,,,,,,,,,
171458.0,,,,,,,,,,,,,,
171459.0,,,,,,,,,,,,,,
171460.0,,,,,,,,,,,,,,
171461.0,,,,,,,,,,,,,,
171462.0,,,,,,,,,,,,,,
171463.0,,,,,,,,,,,,,,
171464.0,,,,,,,,,,,,,,
171465.0,,,,,,,,,,,,,,
171466.0,,,,,,,,,,,,,,
171467.0,,,,,,,,,,,,,,
171468.0,,,,,,,,,,,,,,
171469.0,,,,,,,,,,,,,,
171470.0,,,,,,,,,,,,,,
171471.0,,,,,,,,,,,,,,
171472.0,,,,,,,,,,,,,,
171473.0,,,,,,,,,,,,,,
171474.0,,,,,,,,,,,,,,
171475.0,,,,,,,,,,,,,,
171476.0,,,,,,,,,,,,,,
171477.0,,,,,,,,,,,,,,
171478.0,,,,,,,,,,,,,,
171479.0,,,,,,,,,,,,,,
171480.0,,,,,,,,,,,,,,
171481.0,,,,,,,,,,,,,,
171482.0,,,,,,,,,,,,,,
171483.0,,,,,,,,,,,,,,
171484.0,,,,,,,,,,,,,,
171485.0,,,,,,,,,,,,,,
171486.0,,,,,,,,,,,,,,
171487.0,,,,,,,,,,,,,,
171488.0,,,,,,,,,,,,,,
171489.0,,,,,,,,,,,,,,
171490.0,,,,,,,,,,,,,,
171491.0,,,,,,,,,,,,,,
171492.0,,,,,,,,,,,,,,
171493.0,,,,,,,,,,,,,,
171494.0,,,,,,,,,,,,,,
171495.0,,,,,,,,,,,,,,
171496.0,,,,,,,,,,,,,,
171497.0,,,,,,,,,,,,,,
171498.0,,,,,,,,,,,,,,
171499.0,,,,,,,,,,,,,,
171500.0,,,,,,,,,,,,,,
171501.0,,,,,,,,,,,,,,
171502.0,,,,,,,,,,,,,,
171503.0,,,,,,,,,,,,,,
171504.0,,,,,,,,,,,,,,
171505.0,,,,,,,,,,,,,,
171506.0,,,,,,,,,,,,,,
171507.0,,,,,,,,,,,,,,
171508.0,,,,,,,,,,,,,,
171509.0,,,,,,,,,,,,,,
171510.0,,,,,,,,,,,,,,
171511.0,,,,,,,,,,,,,,
171512.0,,,,,,,,,,,,,,
171513.0,,,,,,,,,,,,,,
171514.0,,,,,,,,,,,,,,
171515.0,,,,,,,,,,,,,,
171516.0,,,,,,,,,,,,,,
171517.0,,,,,,,,,,,,,,
171518.0,,,,,,,,,,,,,,
171519.0,,,,,,,,,,,,,,
171520.0,,,,,,,,,,,,,,
171521.0,,,,,,,,,,,,,,
171522.0,,,,,,,,,,,,,,
171523.0,,,,,,,,,,,,,,
171524.0,,,,,,,,,,,,,,
171525.0,,,,,,,,,,,,,,
171526.0,,,,,,,,,,,,,,
171527.0,,,,,,,,,,,,,,
171528.0,,,,,,,,,,,,,,
171529.0,,,,,,,,,,,,,,
171530.0,,,,,,,,,,,,,,
171531.0,,,,,,,,,,,,,,
171532.0,,,,,,,,,,,,,,
171533.0,,,,,,,,,,,,,,
171534.0,,,,,,,,,,,,,,
171535.0,,,,,,,,,,,,,,
171536.0,,,,,,,,,,,,,,
171537.0,,,,,,,,,,,,,,
171538.0,,,,,,,,,,,,,,
171539.0,,,,,,,,,,,,,,
171540.0,,,,,,,,,,,,,,
171541.0,,,,,,,,,,,,,,
171542.0,,,,,,,,,,,,,,
171543.0,,,,,,,,,,,,,,
171544.0,,,,,,,,,,,,,,
171545.0,,,,,,,,,,,,,,
171546.0,,,,,,,,,,,,,,
171547.0,,,,,,,,,,,,,,
171548.0,,,,,,,,,,,,,,
171549.0,,,,,,,,,,,,,,
171550.0,,,,,,,,,,,,,,
171551.0,,,,,,,,,,,,,,
171552.0,,,,,,,,,,,,,,
171553.0,,,,,,,,,,,,,,
171554.0,,,,,,,,,,,,,,
171555.0,,,,,,,,,,,,,,
171556.0,,,,,,,,,,,,,,
171557.0,,,,,,,,,,,,,,
171558.0,,,,,,,,,,,,,,
171559.0,,,,,,,,,,,,,,
171560.0,,,,,,,,,,,,,,
171561.0,,,,,,,,,,,,,,
171562.0,,,,,,,,,,,,,,
171563.0,,,,,,,,,,,,,,
171564.0,,,,,,,,,,,,,,
171565.0,,,,,,,,,,,,,,
171566.0,,,,,,,,,,,,,,
171567.0,,,,,,,,,,,,,,
171568.0,,,,,,,,,,,,,,
171569.0,,,,,,,,,,,,,,
171570.0,,,,,,,,,,,,,,
171571.0,,,,,,,,,,,,,,
171572.0,,,,,,,,,,,,,,
171573.0,,,,,,,,,,,,,,
171574.0,,,,,,,,,,,,,,
171575.0,,,,,,,,,,,,,,
171576.0,,,,,,,,,,,,,,
171577.0,,,,,,,,,,,,,,
171578.0,,,,,,,,,,,,,,
171579.0,,,,,,,,,,,,,,
171580.0,,,,,,,,,,,,,,
171581.0,,,,,,,,,,,,,,
171582.0,,,,,,,,,,,,,,
171583.0,,,,,,,,,,,,,,
171584.0,,,,,,,,,,,,,,
171585.0,,,,,,,,,,,,,,
171586.0,,,,,,,,,,,,,,
171587.0,,,,,,,,,,,,,,
171588.0,,,,,,,,,,,,,,
171589.0,,,,,,,,,,,,,,
171590.0,,,,,,,,,,,,,,
171591.0,,,,,,,,,,,,,,
171592.0,,,,,,,,,,,,,,
171593.0,,,,,,,,,,,,,,
171594.0,,,,,,,,,,,,,,
171595.0,,,,,,,,,,,,,,
171596.0,,,,,,,,,,,,,,
171597.0,,,,,,,,,,,,,,
171598.0,,,,,,,,,,,,,,
171599.0,,,,,,,,,,,,,,
171600.0,,,,,,,,,,,,,,
171601.0,,,,,,,,,,,,,,
171602.0,,,,,,,,,,,,,,
171603.0,,,,,,,,,,,,,,
171604.0,,,,,,,,,,,,,,
171605.0,,,,,,,,,,,,,,
171606.0,,,,,,,,,,,,,,
171607.0,,,,,,,,,,,,,,
171608.0,,,,,,,,,,,,,,
171609.0,,,,,,,,,,,,,,
171610.0,,,,,,,,,,,,,,
171611.0,,,,,,,,,,,,,,
171612.0,,,,,,,,,,,,,,
171613.0,,,,,,,,,,,,,,
171614.0,,,,,,,,,,,,,,
171615.0,,,,,,,,,,,,,,
171616.0,,,,,,,,,,,,,,
171617.0,,,,,,,,,,,,,,
171618.0,,,,,,,,,,,,,,
171619.0,,,,,,,,,,,,,,
171620.0,,,,,,,,,,,,,,
171621.0,,,,,,,,,,,,,,
171622.0,,,,,,,,,,,,,,
171623.0,,,,,,,,,,,,,,
171624.0,,,,,,,,,,,,,,
171625.0,,,,,,,,,,,,,,
171626.0,,,,,,,,,,,,,,
171627.0,,,,,,,,,,,,,,
171628.0,,,,,,,,,,,,,,
171629.0,,,,,,,,,,,,,,
171630.0,,,,,,,,,,,,,,
171631.0,,,,,,,,,,,,,,
171632.0,,,,,,,,,,,,,,
171633.0,,,,,,,,,,,,,,
171634.0,,,,,,,,,,,,,,
171635.0,,,,,,,,,,,,,,
171636.0,,,,,,,,,,,,,,
171637.0,,,,,,,,,,,,,,
171638.0,,,,,,,,,,,,,,
171639.0,,,,,,,,,,,,,,
171640.0,,,,,,,,,,,,,,
171641.0,,,,,,,,,,,,,,
171642.0,,,,,,,,,,,,,,
171643.0,,,,,,,,,,,,,,
171644.0,,,,,,,,,,,,,,
171645.0,,,,,,,,,,,,,,
171646.0,,,,,,,,,,,,,,
171647.0,,,,,,,,,,,,,,
171648.0,,,,,,,,,,,,,,
171649.0,,,,,,,,,,,,,,
171650.0,,,,,,,,,,,,,,
171651.0,,,,,,,,,,,,,,
171652.0,,,,,,,,,,,,,,
171653.0,,,,,,,,,,,,,,
171654.0,,,,,,,,,,,,,,
171655.0,,,,,,,,,,,,,,
171656.0,,,,,,,,,,,,,,
171657.0,,,,,,,,,,,,,,
171658.0,,,,,,,,,,,,,,
171659.0,,,,,,,,,,,,,,
171660.0,,,,,,,,,,,,,,
171661.0,,,,,,,,,,,,,,
171662.0,,,,,,,,,,,,,,
171663.0,,,,,,,,,,,,,,
171664.0,,,,,,,,,,,,,,
171665.0,,,,,,,,,,,,,,
171666.0,,,,,,,,,,,,,,
171667.0,,,,,,,,,,,,,,
171668.0,,,,,,,,,,,,,,
171669.0,,,,,,,,,,,,,,
171670.0,,,,,,,,,,,,,,
171671.0,,,,,,,,,,,,,,
171672.0,,,,,,,,,,,,,,
171673.0,,,,,,,,,,,,,,
171674.0,,,,,,,,,,,,,,
171675.0,,,,,,,,,,,,,,
171676.0,,,,,,,,,,,,,,
171677.0,,,,,,,,,,,,,,
171678.0,,,,,,,,,,,,,,
171679.0,,,,,,,,,,,,,,
171680.0,,,,,,,,,,,,,,
171681.0,,,,,,,,,,,,,,
171682.0,,,,,,,,,,,,,,
171683.0,,,,,,,,,,,,,,
171684.0,,,,,,,,,,,,,,
171685.0,,,,,,,,,,,,,,
171686.0,,,,,,,,,,,,,,
171687.0,,,,,,,,,,,,,,
171688.0,,,,,,,,,,,,,,
171689.0,,,,,,,,,,,,,,
171690.0,,,,,,,,,,,,,,
171691.0,,,,,,,,,,,,,,
171692.0,,,,,,,,,,,,,,
171693.0,,,,,,,,,,,,,,
171694.0,,,,,,,,,,,,,,
171695.0,,,,,,,,,,,,,,
171696.0,,,,,,,,,,,,,,
171697.0,,,,,,,,,,,,,,
171698.0,,,,,,,,,,,,,,
171699.0,,,,,,,,,,,,,,
171700.0,,,,,,,,,,,,,,
171701.0,,,,,,,,,,,,,,
171702.0,,,,,,,,,,,,,,
171703.0,,,,,,,,,,,,,,
171704.0,,,,,,,,,,,,,,
171705.0,,,,,,,,,,,,,,
171706.0,,,,,,,,,,,,,,
171707.0,,,,,,,,,,,,,,
171708.0,,,,,,,,,,,,,,
171709.0,,,,,,,,,,,,,,
171710.0,,,,,,,,,,,,,,
171711.0,,,,,,,,,,,,,,
171712.0,,,,,,,,,,,,,,
171713.0,,,,,,,,,,,,,,
171714.0,,,,,,,,,,,,,,
171715.0,,,,,,,,,,,,,,
171716.0,,,,,,,,,,,,,,
171717.0,,,,,,,,,,,,,,
171718.0,,,,,,,,,,,,,,
171719.0,,,,,,,,,,,,,,
171720.0,,,,,,,,,,,,,,
171721.0,,,,,,,,,,,,,,
171722.0,,,,,,,,,,,,,,
171723.0,,,,,,,,,,,,,,
171724.0,,,,,,,,,,,,,,
171725.0,,,,,,,,,,,,,,
171726.0,,,,,,,,,,,,,,
171727.0,,,,,,,,,,,,,,
171728.0,,,,,,,,,,,,,,
171729.0,,,,,,,,,,,,,,
171730.0,,,,,,,,,,,,,,
171731.0,,,,,,,,,,,,,,
171732.0,,,,,,,,,,,,,,
171733.0,,,,,,,,,,,,,,
171734.0,,,,,,,,,,,,,,
171735.0,,,,,,,,,,,,,,
171736.0,,,,,,,,,,,,,,
171737.0,,,,,,,,,,,,,,
171738.0,,,,,,,,,,,,,,
171739.0,,,,,,,,,,,,,,
171740.0,,,,,,,,,,,,,,
171741.0,,,,,,,,,,,,,,
171742.0,,,,,,,,,,,,,,
171743.0,,,,,,,,,,,,,,
171744.0,,,,,,,,,,,,,,
171745.0,,,,,,,,,,,,,,
171746.0,,,,,,,,,,,,,,
171747.0,,,,,,,,,,,,,,
171748.0,,,,,,,,,,,,,,
171749.0,,,,,,,,,,,,,,
171750.0,,,,,,,,,,,,,,
171751.0,,,,,,,,,,,,,,
171752.0,,,,,,,,,,,,,,
171753.0,,,,,,,,,,,,,,
171754.0,,,,,,,,,,,,,,
171755.0,,,,,,,,,,,,,,
171756.0,,,,,,,,,,,,,,
171757.0,,,,,,,,,,,,,,
171758.0,,,,,,,,,,,,,,
171759.0,,,,,,,,,,,,,,
171760.0,,,,,,,,,,,,,,
171761.0,,,,,,,,,,,,,,
171762.0,,,,,,,,,,,,,,
171763.0,,,,,,,,,,,,,,
171764.0,,,,,,,,,,,,,,
171765.0,,,,,,,,,,,,,,
171766.0,,,,,,,,,,,,,,
171767.0,,,,,,,,,,,,,,
171768.0,,,,,,,,,,,,,,
171769.0,,,,,,,,,,,,,,
171770.0,,,,,,,,,,,,,,
171771.0,,,,,,,,,,,,,,
171772.0,,,,,,,,,,,,,,
171773.0,,,,,,,,,,,,,,
171774.0,,,,,,,,,,,,,,
171775.0,,,,,,,,,,,,,,
171776.0,,,,,,,,,,,,,,
171777.0,,,,,,,,,,,,,,
171778.0,,,,,,,,,,,,,,
171779.0,,,,,,,,,,,,,,
171780.0,,,,,,,,,,,,,,
171781.0,,,,,,,,,,,,,,
171782.0,,,,,,,,,,,,,,
171783.0,,,,,,,,,,,,,,
171784.0,,,,,,,,,,,,,,
171785.0,,,,,,,,,,,,,,
171786.0,,,,,,,,,,,,,,
171787.0,,,,,,,,,,,,,,
171788.0,,,,,,,,,,,,,,
171789.0,,,,,,,,,,,,,,
171790.0,,,,,,,,,,,,,,
171791.0,,,,,,,,,,,,,,
171792.0,,,,,,,,,,,,,,
171793.0,,,,,,,,,,,,,,
171794.0,,,,,,,,,,,,,,
171795.0,,,,,,,,,,,,,,
171796.0,,,,,,,,,,,,,,
171797.0,,,,,,,,,,,,,,
171798.0,,,,,,,,,,,,,,
171799.0,,,,,,,,,,,,,,
171800.0,,,,,,,,,,,,,,
171801.0,,,,,,,,,,,,,,
171802.0,,,,,,,,,,,,,,
171803.0,,,,,,,,,,,,,,
171804.0,,,,,,,,,,,,,,
171805.0,,,,,,,,,,,,,,
171806.0,,,,,,,,,,,,,,
171807.0,,,,,,,,,,,,,,
171808.0,,,,,,,,,,,,,,
171809.0,,,,,,,,,,,,,,
171810.0,,,,,,,,,,,,,,
171811.0,,,,,,,,,,,,,,
171812.0,,,,,,,,,,,,,,
171813.0,,,,,,,,,,,,,,
171814.0,,,,,,,,,,,,,,
171815.0,,,,,,,,,,,,,,
171816.0,,,,,,,,,,,,,,
171817.0,,,,,,,,,,,,,,
171818.0,,,,,,,,,,,,,,
171819.0,,,,,,,,,,,,,,
171820.0,,,,,,,,,,,,,,
171821.0,,,,,,,,,,,,,,
171822.0,,,,,,,,,,,,,,
171823.0,,,,,,,,,,,,,,
171824.0,,,,,,,,,,,,,,
171825.0,,,,,,,,,,,,,,
171826.0,,,,,,,,,,,,,,
171827.0,,,,,,,,,,,,,,
171828.0,,,,,,,,,,,,,,
171829.0,,,,,,,,,,,,,,
171830.0,,,,,,,,,,,,,,
171831.0,,,,,,,,,,,,,,
171832.0,,,,,,,,,,,,,,
171833.0,,,,,,,,,,,,,,
171834.0,,,,,,,,,,,,,,
171835.0,,,,,,,,,,,,,,
171836.0,,,,,,,,,,,,,,
171837.0,,,,,,,,,,,,,,
171838.0,,,,,,,,,,,,,,
171839.0,,,,,,,,,,,,,,
171840.0,,,,,,,,,,,,,,
171841.0,,,,,,,,,,,,,,
171842.0,,,,,,,,,,,,,,
171843.0,,,,,,,,,,,,,,
171844.0,,,,,,,,,,,,,,
171845.0,,,,,,,,,,,,,,
171846.0,,,,,,,,,,,,,,
171847.0,,,,,,,,,,,,,,
171848.0,,,,,,,,,,,,,,
171849.0,,,,,,,,,,,,,,
171850.0,,,,,,,,,,,,,,
171851.0,,,,,,,,,,,,,,
171852.0,,,,,,,,,,,,,,
171853.0,,,,,,,,,,,,,,
171854.0,,,,,,,,,,,,,,
171855.0,,,,,,,,,,,,,,
171856.0,,,,,,,,,,,,,,
171857.0,,,,,,,,,,,,,,
171858.0,,,,,,,,,,,,,,
171859.0,,,,,,,,,,,,,,
171860.0,,,,,,,,,,,,,,
171861.0,,,,,,,,,,,,,,
171862.0,,,,,,,,,,,,,,
171863.0,,,,,,,,,,,,,,
171864.0,,,,,,,,,,,,,,
171865.0,,,,,,,,,,,,,,
171866.0,,,,,,,,,,,,,,
171867.0,,,,,,,,,,,,,,
171868.0,,,,,,,,,,,,,,
171869.0,,,,,,,,,,,,,,
171870.0,,,,,,,,,,,,,,
171871.0,,,,,,,,,,,,,,
171872.0,,,,,,,,,,,,,,
171873.0,,,,,,,,,,,,,,
171874.0,,,,,,,,,,,,,,
171875.0,,,,,,,,,,,,,,
171876.0,,,,,,,,,,,,,,
171877.0,,,,,,,,,,,,,,
171878.0,,,,,,,,,,,,,,
171879.0,,,,,,,,,,,,,,
171880.0,,,,,,,,,,,,,,
171881.0,,,,,,,,,,,,,,
171882.0,,,,,,,,,,,,,,
171883.0,,,,,,,,,,,,,,
171884.0,,,,,,,,,,,,,,
171885.0,,,,,,,,,,,,,,
171886.0,,,,,,,,,,,,,,
171887.0,,,,,,,,,,,,,,
171888.0,,,,,,,,,,,,,,
171889.0,,,,,,,,,,,,,,
171890.0,,,,,,,,,,,,,,
171891.0,,,,,,,,,,,,,,
171892.0,,,,,,,,,,,,,,
171893.0,,,,,,,,,,,,,,
171894.0,,,,,,,,,,,,,,
171895.0,,,,,,,,,,,,,,
171896.0,,,,,,,,,,,,,,
171897.0,,,,,,,,,,,,,,
171898.0,,,,,,,,,,,,,,
171899.0,,,,,,,,,,,,,,
171900.0,,,,,,,,,,,,,,
171901.0,,,,,,,,,,,,,,
171902.0,,,,,,,,,,,,,,
171903.0,,,,,,,,,,,,,,
171904.0,,,,,,,,,,,,,,
171905.0,,,,,,,,,,,,,,
171906.0,,,,,,,,,,,,,,
171907.0,,,,,,,,,,,,,,
171908.0,,,,,,,,,,,,,,
171909.0,,,,,,,,,,,,,,
171910.0,,,,,,,,,,,,,,
171911.0,,,,,,,,,,,,,,
171912.0,,,,,,,,,,,,,,
171913.0,,,,,,,,,,,,,,
171914.0,,,,,,,,,,,,,,
171915.0,,,,,,,,,,,,,,
171916.0,,,,,,,,,,,,,,
171917.0,,,,,,,,,,,,,,
171918.0,,,,,,,,,,,,,,
171919.0,,,,,,,,,,,,,,
171920.0,,,,,,,,,,,,,,
171921.0,,,,,,,,,,,,,,
171922.0,,,,,,,,,,,,,,
171923.0,,,,,,,,,,,,,,
171924.0,,,,,,,,,,,,,,
171925.0,,,,,,,,,,,,,,
171926.0,,,,,,,,,,,,,,
171927.0,,,,,,,,,,,,,,
171928.0,,,,,,,,,,,,,,
171929.0,,,,,,,,,,,,,,
171930.0,,,,,,,,,,,,,,
171931.0,,,,,,,,,,,,,,
171932.0,,,,,,,,,,,,,,
171933.0,,,,,,,,,,,,,,
171934.0,,,,,,,,,,,,,,
171935.0,,,,,,,,,,,,,,
171936.0,,,,,,,,,,,,,,
171937.0,,,,,,,,,,,,,,
171938.0,,,,,,,,,,,,,,
171939.0,,,,,,,,,,,,,,
171940.0,,,,,,,,,,,,,,
171941.0,,,,,,,,,,,,,,
171942.0,,,,,,,,,,,,,,
171943.0,,,,,,,,,,,,,,
171944.0,,,,,,,,,,,,,,
171945.0,,,,,,,,,,,,,,
171946.0,,,,,,,,,,,,,,
171947.0,,,,,,,,,,,,,,
171948.0,,,,,,,,,,,,,,
171949.0,,,,,,,,,,,,,,
171950.0,,,,,,,,,,,,,,
171951.0,,,,,,,,,,,,,,
171952.0,,,,,,,,,,,,,,
171953.0,,,,,,,,,,,,,,
171954.0,,,,,,,,,,,,,,
171955.0,,,,,,,,,,,,,,
171956.0,,,,,,,,,,,,,,
171957.0,,,,,,,,,,,,,,
171958.0,,,,,,,,,,,,,,
171959.0,,,,,,,,,,,,,,
171960.0,,,,,,,,,,,,,,
171961.0,,,,,,,,,,,,,,
171962.0,,,,,,,,,,,,,,
171963.0,,,,,,,,,,,,,,
171964.0,,,,,,,,,,,,,,
171965.0,,,,,,,,,,,,,,
171966.0,,,,,,,,,,,,,,
171967.0,,,,,,,,,,,,,,
171968.0,,,,,,,,,,,,,,
171969.0,,,,,,,,,,,,,,
171970.0,,,,,,,,,,,,,,
171971.0,,,,,,,,,,,,,,
171972.0,,,,,,,,,,,,,,
171973.0,,,,,,,,,,,,,,
171974.0,,,,,,,,,,,,,,
171975.0,,,,,,,,,,,,,,
171976.0,,,,,,,,,,,,,,
171977.0,,,,,,,,,,,,,,
171978.0,,,,,,,,,,,,,,
171979.0,,,,,,,,,,,,,,
171980.0,,,,,,,,,,,,,,
171981.0,,,,,,,,,,,,,,
171982.0,,,,,,,,,,,,,,
171983.0,,,,,,,,,,,,,,
171984.0,,,,,,,,,,,,,,
171985.0,,,,,,,,,,,,,,
171986.0,,,,,,,,,,,,,,
171987.0,,,,,,,,,,,,,,
171988.0,,,,,,,,,,,,,,
171989.0,,,,,,,,,,,,,,
171990.0,,,,,,,,,,,,,,
171991.0,,,,,,,,,,,,,,
171992.0,,,,,,,,,,,,,,
171993.0,,,,,,,,,,,,,,
171994.0,,,,,,,,,,,,,,
171995.0,,,,,,,,,,,,,,
171996.0,,,,,,,,,,,,,,
171997.0,,,,,,,,,,,,,,
171998.0,,,,,,,,,,,,,,
171999.0,,,,,,,,,,,,,,
172000.0,,,,,,,,,,,,,,
172001.0,,,,,,,,,,,,,,
172002.0,,,,,,,,,,,,,,
172003.0,,,,,,,,,,,,,,
172004.0,,,,,,,,,,,,,,
172005.0,,,,,,,,,,,,,,
172006.0,,,,,,,,,,,,,,
172007.0,,,,,,,,,,,,,,
172008.0,,,,,,,,,,,,,,
172009.0,,,,,,,,,,,,,,
172010.0,,,,,,,,,,,,,,
172011.0,,,,,,,,,,,,,,
172012.0,,,,,,,,,,,,,,
172013.0,,,,,,,,,,,,,,
172014.0,,,,,,,,,,,,,,
172015.0,,,,,,,,,,,,,,
172016.0,,,,,,,,,,,,,,
172017.0,,,,,,,,,,,,,,
172018.0,,,,,,,,,,,,,,
172019.0,,,,,,,,,,,,,,
172020.0,,,,,,,,,,,,,,
172021.0,,,,,,,,,,,,,,
172022.0,,,,,,,,,,,,,,
172023.0,,,,,,,,,,,,,,
172024.0,,,,,,,,,,,,,,
172025.0,,,,,,,,,,,,,,
172026.0,,,,,,,,,,,,,,
172027.0,,,,,,,,,,,,,,
172028.0,,,,,,,,,,,,,,
172029.0,,,,,,,,,,,,,,
172030.0,,,,,,,,,,,,,,
172031.0,,,,,,,,,,,,,,
172032.0,,,,,,,,,,,,,,
172033.0,,,,,,,,,,,,,,
172034.0,,,,,,,,,,,,,,
172035.0,,,,,,,,,,,,,,
172036.0,,,,,,,,,,,,,,
172037.0,,,,,,,,,,,,,,
172038.0,,,,,,,,,,,,,,
172039.0,,,,,,,,,,,,,,
172040.0,,,,,,,,,,,,,,
172041.0,,,,,,,,,,,,,,
172042.0,,,,,,,,,,,,,,
172043.0,,,,,,,,,,,,,,
172044.0,,,,,,,,,,,,,,
172045.0,,,,,,,,,,,,,,
172046.0,,,,,,,,,,,,,,
172047.0,,,,,,,,,,,,,,
172048.0,,,,,,,,,,,,,,
172049.0,,,,,,,,,,,,,,
172050.0,,,,,,,,,,,,,,
172051.0,,,,,,,,,,,,,,
172052.0,,,,,,,,,,,,,,
172053.0,,,,,,,,,,,,,,
172054.0,,,,,,,,,,,,,,
172055.0,,,,,,,,,,,,,,
172056.0,,,,,,,,,,,,,,
172057.0,,,,,,,,,,,,,,
172058.0,,,,,,,,,,,,,,
172059.0,,,,,,,,,,,,,,
172060.0,,,,,,,,,,,,,,
172061.0,,,,,,,,,,,,,,
172062.0,,,,,,,,,,,,,,
172063.0,,,,,,,,,,,,,,
172064.0,,,,,,,,,,,,,,
172065.0,,,,,,,,,,,,,,
172066.0,,,,,,,,,,,,,,
172067.0,,,,,,,,,,,,,,
172068.0,,,,,,,,,,,,,,
172069.0,,,,,,,,,,,,,,
172070.0,,,,,,,,,,,,,,
172071.0,,,,,,,,,,,,,,
172072.0,,,,,,,,,,,,,,
172073.0,,,,,,,,,,,,,,
172074.0,,,,,,,,,,,,,,
172075.0,,,,,,,,,,,,,,
172076.0,,,,,,,,,,,,,,
172077.0,,,,,,,,,,,,,,
172078.0,,,,,,,,,,,,,,
172079.0,,,,,,,,,,,,,,
172080.0,,,,,,,,,,,,,,
172081.0,,,,,,,,,,,,,,
172082.0,,,,,,,,,,,,,,
172083.0,,,,,,,,,,,,,,
172084.0,,,,,,,,,,,,,,
172085.0,,,,,,,,,,,,,,
172086.0,,,,,,,,,,,,,,
172087.0,,,,,,,,,,,,,,
172088.0,,,,,,,,,,,,,,
172089.0,,,,,,,,,,,,,,
172090.0,,,,,,,,,,,,,,
172091.0,,,,,,,,,,,,,,
172092.0,,,,,,,,,,,,,,
172093.0,,,,,,,,,,,,,,
172094.0,,,,,,,,,,,,,,
172095.0,,,,,,,,,,,,,,
172096.0,,,,,,,,,,,,,,
172097.0,,,,,,,,,,,,,,
172098.0,,,,,,,,,,,,,,
172099.0,,,,,,,,,,,,,,
172100.0,,,,,,,,,,,,,,
172101.0,,,,,,,,,,,,,,
172102.0,,,,,,,,,,,,,,
172103.0,,,,,,,,,,,,,,
172104.0,,,,,,,,,,,,,,
172105.0,,,,,,,,,,,,,,
172106.0,,,,,,,,,,,,,,
172107.0,,,,,,,,,,,,,,
172108.0,,,,,,,,,,,,,,
172109.0,,,,,,,,,,,,,,
172110.0,,,,,,,,,,,,,,
172111.0,,,,,,,,,,,,,,
172112.0,,,,,,,,,,,,,,
172113.0,,,,,,,,,,,,,,
172114.0,,,,,,,,,,,,,,
172115.0,,,,,,,,,,,,,,
172116.0,,,,,,,,,,,,,,
172117.0,,,,,,,,,,,,,,
172118.0,,,,,,,,,,,,,,
172119.0,,,,,,,,,,,,,,
172120.0,,,,,,,,,,,,,,
172121.0,,,,,,,,,,,,,,
172122.0,,,,,,,,,,,,,,
172123.0,,,,,,,,,,,,,,
172124.0,,,,,,,,,,,,,,
172125.0,,,,,,,,,,,,,,
172126.0,,,,,,,,,,,,,,
172127.0,,,,,,,,,,,,,,
172128.0,,,,,,,,,,,,,,
172129.0,,,,,,,,,,,,,,
172130.0,,,,,,,,,,,,,,
172131.0,,,,,,,,,,,,,,
172132.0,,,,,,,,,,,,,,
172133.0,,,,,,,,,,,,,,
172134.0,,,,,,,,,,,,,,
172135.0,,,,,,,,,,,,,,
172136.0,,,,,,,,,,,,,,
172137.0,,,,,,,,,,,,,,
172138.0,,,,,,,,,,,,,,
172139.0,,,,,,,,,,,,,,
172140.0,,,,,,,,,,,,,,
172141.0,,,,,,,,,,,,,,
172142.0,,,,,,,,,,,,,,
172143.0,,,,,,,,,,,,,,
172144.0,,,,,,,,,,,,,,
172145.0,,,,,,,,,,,,,,
172146.0,,,,,,,,,,,,,,
172147.0,,,,,,,,,,,,,,
172148.0,,,,,,,,,,,,,,
172149.0,,,,,,,,,,,,,,
172150.0,,,,,,,,,,,,,,
172151.0,,,,,,,,,,,,,,
172152.0,,,,,,,,,,,,,,
172153.0,,,,,,,,,,,,,,
172154.0,,,,,,,,,,,,,,
172155.0,,,,,,,,,,,,,,
172156.0,,,,,,,,,,,,,,
172157.0,,,,,,,,,,,,,,
172158.0,,,,,,,,,,,,,,
172159.0,,,,,,,,,,,,,,
172160.0,,,,,,,,,,,,,,
172161.0,,,,,,,,,,,,,,
172162.0,,,,,,,,,,,,,,
172163.0,,,,,,,,,,,,,,
172164.0,,,,,,,,,,,,,,
172165.0,,,,,,,,,,,,,,
172166.0,,,,,,,,,,,,,,
172167.0,,,,,,,,,,,,,,
172168.0,,,,,,,,,,,,,,
172169.0,,,,,,,,,,,,,,
172170.0,,,,,,,,,,,,,,
172171.0,,,,,,,,,,,,,,
172172.0,,,,,,,,,,,,,,
172173.0,,,,,,,,,,,,,,
172174.0,,,,,,,,,,,,,,
172175.0,,,,,,,,,,,,,,
172176.0,,,,,,,,,,,,,,
172177.0,,,,,,,,,,,,,,
172178.0,,,,,,,,,,,,,,
172179.0,,,,,,,,,,,,,,
172180.0,,,,,,,,,,,,,,
172181.0,,,,,,,,,,,,,,
172182.0,,,,,,,,,,,,,,
172183.0,,,,,,,,,,,,,,
172184.0,,,,,,,,,,,,,,
172185.0,,,,,,,,,,,,,,
172186.0,,,,,,,,,,,,,,
172187.0,,,,,,,,,,,,,,
172188.0,,,,,,,,,,,,,,
172189.0,,,,,,,,,,,,,,
172190.0,,,,,,,,,,,,,,
172191.0,,,,,,,,,,,,,,
172192.0,,,,,,,,,,,,,,
172193.0,,,,,,,,,,,,,,
172194.0,,,,,,,,,,,,,,
172195.0,,,,,,,,,,,,,,
172196.0,,,,,,,,,,,,,,
172197.0,,,,,,,,,,,,,,
172198.0,,,,,,,,,,,,,,
172199.0,,,,,,,,,,,,,,
172200.0,,,,,,,,,,,,,,
172201.0,,,,,,,,,,,,,,
172202.0,,,,,,,,,,,,,,
172203.0,,,,,,,,,,,,,,
172204.0,,,,,,,,,,,,,,
172205.0,,,,,,,,,,,,,,
172206.0,,,,,,,,,,,,,,
172207.0,,,,,,,,,,,,,,
172208.0,,,,,,,,,,,,,,
172209.0,,,,,,,,,,,,,,
172210.0,,,,,,,,,,,,,,
172211.0,,,,,,,,,,,,,,
172212.0,,,,,,,,,,,,,,
172213.0,,,,,,,,,,,,,,
172214.0,,,,,,,,,,,,,,
172215.0,,,,,,,,,,,,,,
172216.0,,,,,,,,,,,,,,
172217.0,,,,,,,,,,,,,,
172218.0,,,,,,,,,,,,,,
172219.0,,,,,,,,,,,,,,
172220.0,,,,,,,,,,,,,,
172221.0,,,,,,,,,,,,,,
172222.0,,,,,,,,,,,,,,
172223.0,,,,,,,,,,,,,,
172224.0,,,,,,,,,,,,,,
172225.0,,,,,,,,,,,,,,
172226.0,,,,,,,,,,,,,,
172227.0,,,,,,,,,,,,,,
172228.0,,,,,,,,,,,,,,
172229.0,,,,,,,,,,,,,,
172230.0,,,,,,,,,,,,,,
172231.0,,,,,,,,,,,,,,
172232.0,,,,,,,,,,,,,,
172233.0,,,,,,,,,,,,,,
172234.0,,,,,,,,,,,,,,
172235.0,,,,,,,,,,,,,,
172236.0,,,,,,,,,,,,,,
172237.0,,,,,,,,,,,,,,
172238.0,,,,,,,,,,,,,,
172239.0,,,,,,,,,,,,,,
172240.0,,,,,,,,,,,,,,
172241.0,,,,,,,,,,,,,,
172242.0,,,,,,,,,,,,,,
172243.0,,,,,,,,,,,,,,
172244.0,,,,,,,,,,,,,,
172245.0,,,,,,,,,,,,,,
172246.0,,,,,,,,,,,,,,
172247.0,,,,,,,,,,,,,,
172248.0,,,,,,,,,,,,,,
172249.0,,,,,,,,,,,,,,
172250.0,,,,,,,,,,,,,,
172251.0,,,,,,,,,,,,,,
172252.0,,,,,,,,,,,,,,
172253.0,,,,,,,,,,,,,,
172254.0,,,,,,,,,,,,,,
172255.0,,,,,,,,,,,,,,
172256.0,,,,,,,,,,,,,,
172257.0,,,,,,,,,,,,,,
172258.0,,,,,,,,,,,,,,
172259.0,,,,,,,,,,,,,,
172260.0,,,,,,,,,,,,,,
172261.0,,,,,,,,,,,,,,
172262.0,,,,,,,,,,,,,,
172263.0,,,,,,,,,,,,,,
172264.0,,,,,,,,,,,,,,
172265.0,,,,,,,,,,,,,,
172266.0,,,,,,,,,,,,,,
172267.0,,,,,,,,,,,,,,
172268.0,,,,,,,,,,,,,,
172269.0,,,,,,,,,,,,,,
172270.0,,,,,,,,,,,,,,
172271.0,,,,,,,,,,,,,,
172272.0,,,,,,,,,,,,,,
172273.0,,,,,,,,,,,,,,
172274.0,,,,,,,,,,,,,,
172275.0,,,,,,,,,,,,,,
172276.0,,,,,,,,,,,,,,
172277.0,,,,,,,,,,,,,,
172278.0,,,,,,,,,,,,,,
172279.0,,,,,,,,,,,,,,
172280.0,,,,,,,,,,,,,,
172281.0,,,,,,,,,,,,,,
172282.0,,,,,,,,,,,,,,
172283.0,,,,,,,,,,,,,,
172284.0,,,,,,,,,,,,,,
172285.0,,,,,,,,,,,,,,
172286.0,,,,,,,,,,,,,,
172287.0,,,,,,,,,,,,,,
172288.0,,,,,,,,,,,,,,
172289.0,,,,,,,,,,,,,,
172290.0,,,,,,,,,,,,,,
172291.0,,,,,,,,,,,,,,
172292.0,,,,,,,,,,,,,,
172293.0,,,,,,,,,,,,,,
172294.0,,,,,,,,,,,,,,
172295.0,,,,,,,,,,,,,,
172296.0,,,,,,,,,,,,,,
172297.0,,,,,,,,,,,,,,
172298.0,,,,,,,,,,,,,,
172299.0,,,,,,,,,,,,,,
172300.0,,,,,,,,,,,,,,
172301.0,,,,,,,,,,,,,,
172302.0,,,,,,,,,,,,,,
172303.0,,,,,,,,,,,,,,
172304.0,,,,,,,,,,,,,,
172305.0,,,,,,,,,,,,,,
172306.0,,,,,,,,,,,,,,
172307.0,,,,,,,,,,,,,,
172308.0,,,,,,,,,,,,,,
172309.0,,,,,,,,,,,,,,
172310.0,,,,,,,,,,,,,,
172311.0,,,,,,,,,,,,,,
172312.0,,,,,,,,,,,,,,
172313.0,,,,,,,,,,,,,,
172314.0,,,,,,,,,,,,,,
172315.0,,,,,,,,,,,,,,
172316.0,,,,,,,,,,,,,,
172317.0,,,,,,,,,,,,,,
172318.0,,,,,,,,,,,,,,
172319.0,,,,,,,,,,,,,,
172320.0,,,,,,,,,,,,,,
172321.0,,,,,,,,,,,,,,
172322.0,,,,,,,,,,,,,,
172323.0,,,,,,,,,,,,,,
172324.0,,,,,,,,,,,,,,
172325.0,,,,,,,,,,,,,,
172326.0,,,,,,,,,,,,,,
172327.0,,,,,,,,,,,,,,
172328.0,,,,,,,,,,,,,,
172329.0,,,,,,,,,,,,,,
172330.0,,,,,,,,,,,,,,
172331.0,,,,,,,,,,,,,,
172332.0,,,,,,,,,,,,,,
172333.0,,,,,,,,,,,,,,
172334.0,,,,,,,,,,,,,,
172335.0,,,,,,,,,,,,,,
172336.0,,,,,,,,,,,,,,
172337.0,,,,,,,,,,,,,,
172338.0,,,,,,,,,,,,,,
172339.0,,,,,,,,,,,,,,
172340.0,,,,,,,,,,,,,,
172341.0,,,,,,,,,,,,,,
172342.0,,,,,,,,,,,,,,
172343.0,,,,,,,,,,,,,,
172344.0,,,,,,,,,,,,,,
172345.0,,,,,,,,,,,,,,
172346.0,,,,,,,,,,,,,,
172347.0,,,,,,,,,,,,,,
172348.0,,,,,,,,,,,,,,
172349.0,,,,,,,,,,,,,,
172350.0,,,,,,,,,,,,,,
172351.0,,,,,,,,,,,,,,
172352.0,,,,,,,,,,,,,,
172353.0,,,,,,,,,,,,,,
172354.0,,,,,,,,,,,,,,
172355.0,,,,,,,,,,,,,,
172356.0,,,,,,,,,,,,,,
172357.0,,,,,,,,,,,,,,
172358.0,,,,,,,,,,,,,,
172359.0,,,,,,,,,,,,,,
172360.0,,,,,,,,,,,,,,
172361.0,,,,,,,,,,,,,,
172362.0,,,,,,,,,,,,,,
172363.0,,,,,,,,,,,,,,
172364.0,,,,,,,,,,,,,,
172365.0,,,,,,,,,,,,,,
172366.0,,,,,,,,,,,,,,
172367.0,,,,,,,,,,,,,,
172368.0,,,,,,,,,,,,,,
172369.0,,,,,,,,,,,,,,
172370.0,,,,,,,,,,,,,,
172371.0,,,,,,,,,,,,,,
172372.0,,,,,,,,,,,,,,
172373.0,,,,,,,,,,,,,,
172374.0,,,,,,,,,,,,,,
172375.0,,,,,,,,,,,,,,
172376.0,,,,,,,,,,,,,,
172377.0,,,,,,,,,,,,,,
172378.0,,,,,,,,,,,,,,
172379.0,,,,,,,,,,,,,,
172380.0,,,,,,,,,,,,,,
172381.0,,,,,,,,,,,,,,
172382.0,,,,,,,,,,,,,,
172383.0,,,,,,,,,,,,,,
172384.0,,,,,,,,,,,,,,
172385.0,,,,,,,,,,,,,,
172386.0,,,,,,,,,,,,,,
172387.0,,,,,,,,,,,,,,
172388.0,,,,,,,,,,,,,,
172389.0,,,,,,,,,,,,,,
172390.0,,,,,,,,,,,,,,
172391.0,,,,,,,,,,,,,,
172392.0,,,,,,,,,,,,,,
172393.0,,,,,,,,,,,,,,
172394.0,,,,,,,,,,,,,,
172395.0,,,,,,,,,,,,,,
172396.0,,,,,,,,,,,,,,
172397.0,,,,,,,,,,,,,,
172398.0,,,,,,,,,,,,,,
172399.0,,,,,,,,,,,,,,
172400.0,,,,,,,,,,,,,,
172401.0,,,,,,,,,,,,,,
172402.0,,,,,,,,,,,,,,
172403.0,,,,,,,,,,,,,,
172404.0,,,,,,,,,,,,,,
172405.0,,,,,,,,,,,,,,
172406.0,,,,,,,,,,,,,,
172407.0,,,,,,,,,,,,,,
172408.0,,,,,,,,,,,,,,
172409.0,,,,,,,,,,,,,,
172410.0,,,,,,,,,,,,,,
172411.0,,,,,,,,,,,,,,
172412.0,,,,,,,,,,,,,,
172413.0,,,,,,,,,,,,,,
172414.0,,,,,,,,,,,,,,
172415.0,,,,,,,,,,,,,,
172416.0,,,,,,,,,,,,,,
172417.0,,,,,,,,,,,,,,
172418.0,,,,,,,,,,,,,,
172419.0,,,,,,,,,,,,,,
172420.0,,,,,,,,,,,,,,
172421.0,,,,,,,,,,,,,,
172422.0,,,,,,,,,,,,,,
172423.0,,,,,,,,,,,,,,
172424.0,,,,,,,,,,,,,,
172425.0,,,,,,,,,,,,,,
172426.0,,,,,,,,,,,,,,
172427.0,,,,,,,,,,,,,,
172428.0,,,,,,,,,,,,,,
172429.0,,,,,,,,,,,,,,
172430.0,,,,,,,,,,,,,,
172431.0,,,,,,,,,,,,,,
172432.0,,,,,,,,,,,,,,
172433.0,,,,,,,,,,,,,,
172434.0,,,,,,,,,,,,,,
172435.0,,,,,,,,,,,,,,
172436.0,,,,,,,,,,,,,,
172437.0,,,,,,,,,,,,,,
172438.0,,,,,,,,,,,,,,
172439.0,,,,,,,,,,,,,,
172440.0,,,,,,,,,,,,,,
172441.0,,,,,,,,,,,,,,
172442.0,,,,,,,,,,,,,,
172443.0,,,,,,,,,,,,,,
172444.0,,,,,,,,,,,,,,
172445.0,,,,,,,,,,,,,,
172446.0,,,,,,,,,,,,,,
172447.0,,,,,,,,,,,,,,
172448.0,,,,,,,,,,,,,,
172449.0,,,,,,,,,,,,,,
172450.0,,,,,,,,,,,,,,
172451.0,,,,,,,,,,,,,,
172452.0,,,,,,,,,,,,,,
172453.0,,,,,,,,,,,,,,
172454.0,,,,,,,,,,,,,,
172455.0,,,,,,,,,,,,,,
172456.0,,,,,,,,,,,,,,
172457.0,,,,,,,,,,,,,,
172458.0,,,,,,,,,,,,,,
172459.0,,,,,,,,,,,,,,
172460.0,,,,,,,,,,,,,,
172461.0,,,,,,,,,,,,,,
172462.0,,,,,,,,,,,,,,
172463.0,,,,,,,,,,,,,,
172464.0,,,,,,,,,,,,,,
172465.0,,,,,,,,,,,,,,
172466.0,,,,,,,,,,,,,,
172467.0,,,,,,,,,,,,,,
172468.0,,,,,,,,,,,,,,
172469.0,,,,,,,,,,,,,,
172470.0,,,,,,,,,,,,,,
172471.0,,,,,,,,,,,,,,
172472.0,,,,,,,,,,,,,,
172473.0,,,,,,,,,,,,,,
172474.0,,,,,,,,,,,,,,
172475.0,,,,,,,,,,,,,,
172476.0,,,,,,,,,,,,,,
172477.0,,,,,,,,,,,,,,
172478.0,,,,,,,,,,,,,,
172479.0,,,,,,,,,,,,,,
172480.0,,,,,,,,,,,,,,
172481.0,,,,,,,,,,,,,,
172482.0,,,,,,,,,,,,,,
172483.0,,,,,,,,,,,,,,
172484.0,,,,,,,,,,,,,,
172485.0,,,,,,,,,,,,,,
172486.0,,,,,,,,,,,,,,
172487.0,,,,,,,,,,,,,,
172488.0,,,,,,,,,,,,,,
172489.0,,,,,,,,,,,,,,
172490.0,,,,,,,,,,,,,,
172491.0,,,,,,,,,,,,,,
172492.0,,,,,,,,,,,,,,
172493.0,,,,,,,,,,,,,,
172494.0,,,,,,,,,,,,,,
172495.0,,,,,,,,,,,,,,
172496.0,,,,,,,,,,,,,,
172497.0,,,,,,,,,,,,,,
172498.0,,,,,,,,,,,,,,
172499.0,,,,,,,,,,,,,,
172500.0,,,,,,,,,,,,,,
172501.0,,,,,,,,,,,,,,
172502.0,,,,,,,,,,,,,,
172503.0,,,,,,,,,,,,,,
172504.0,,,,,,,,,,,,,,
172505.0,,,,,,,,,,,,,,
172506.0,,,,,,,,,,,,,,
172507.0,,,,,,,,,,,,,,
172508.0,,,,,,,,,,,,,,
172509.0,,,,,,,,,,,,,,
172510.0,,,,,,,,,,,,,,
172511.0,,,,,,,,,,,,,,
172512.0,,,,,,,,,,,,,,
172513.0,,,,,,,,,,,,,,
172514.0,,,,,,,,,,,,,,
172515.0,,,,,,,,,,,,,,
172516.0,,,,,,,,,,,,,,
172517.0,,,,,,,,,,,,,,
172518.0,,,,,,,,,,,,,,
172519.0,,,,,,,,,,,,,,
172520.0,,,,,,,,,,,,,,
172521.0,,,,,,,,,,,,,,
172522.0,,,,,,,,,,,,,,
172523.0,,,,,,,,,,,,,,
172524.0,,,,,,,,,,,,,,
172525.0,,,,,,,,,,,,,,
172526.0,,,,,,,,,,,,,,
172527.0,,,,,,,,,,,,,,
172528.0,,,,,,,,,,,,,,
172529.0,,,,,,,,,,,,,,
172530.0,,,,,,,,,,,,,,
172531.0,,,,,,,,,,,,,,
172532.0,,,,,,,,,,,,,,
172533.0,,,,,,,,,,,,,,
172534.0,,,,,,,,,,,,,,
172535.0,,,,,,,,,,,,,,
172536.0,,,,,,,,,,,,,,
172537.0,,,,,,,,,,,,,,
172538.0,,,,,,,,,,,,,,
172539.0,,,,,,,,,,,,,,
172540.0,,,,,,,,,,,,,,
172541.0,,,,,,,,,,,,,,
172542.0,,,,,,,,,,,,,,
172543.0,,,,,,,,,,,,,,
172544.0,,,,,,,,,,,,,,
172545.0,,,,,,,,,,,,,,
172546.0,,,,,,,,,,,,,,
172547.0,,,,,,,,,,,,,,
172548.0,,,,,,,,,,,,,,
172549.0,,,,,,,,,,,,,,
172550.0,,,,,,,,,,,,,,
172551.0,,,,,,,,,,,,,,
172552.0,,,,,,,,,,,,,,
172553.0,,,,,,,,,,,,,,
172554.0,,,,,,,,,,,,,,
172555.0,,,,,,,,,,,,,,
172556.0,,,,,,,,,,,,,,
172557.0,,,,,,,,,,,,,,
172558.0,,,,,,,,,,,,,,
172559.0,,,,,,,,,,,,,,
172560.0,,,,,,,,,,,,,,
172561.0,,,,,,,,,,,,,,
172562.0,,,,,,,,,,,,,,
172563.0,,,,,,,,,,,,,,
172564.0,,,,,,,,,,,,,,
172565.0,,,,,,,,,,,,,,
172566.0,,,,,,,,,,,,,,
172567.0,,,,,,,,,,,,,,
172568.0,,,,,,,,,,,,,,
172569.0,,,,,,,,,,,,,,
172570.0,,,,,,,,,,,,,,
172571.0,,,,,,,,,,,,,,
172572.0,,,,,,,,,,,,,,
172573.0,,,,,,,,,,,,,,
172574.0,,,,,,,,,,,,,,
172575.0,,,,,,,,,,,,,,
172576.0,,,,,,,,,,,,,,
172577.0,,,,,,,,,,,,,,
172578.0,,,,,,,,,,,,,,
172579.0,,,,,,,,,,,,,,
172580.0,,,,,,,,,,,,,,
172581.0,,,,,,,,,,,,,,
172582.0,,,,,,,,,,,,,,
172583.0,,,,,,,,,,,,,,
172584.0,,,,,,,,,,,,,,
172585.0,,,,,,,,,,,,,,
172586.0,,,,,,,,,,,,,,
172587.0,,,,,,,,,,,,,,
172588.0,,,,,,,,,,,,,,
172589.0,,,,,,,,,,,,,,
172590.0,,,,,,,,,,,,,,
172591.0,,,,,,,,,,,,,,
172592.0,,,,,,,,,,,,,,
172593.0,,,,,,,,,,,,,,
172594.0,,,,,,,,,,,,,,
172595.0,,,,,,,,,,,,,,
172596.0,,,,,,,,,,,,,,
172597.0,,,,,,,,,,,,,,
172598.0,,,,,,,,,,,,,,
172599.0,,,,,,,,,,,,,,
172600.0,,,,,,,,,,,,,,
172601.0,,,,,,,,,,,,,,
172602.0,,,,,,,,,,,,,,
172603.0,,,,,,,,,,,,,,
172604.0,,,,,,,,,,,,,,
172605.0,,,,,,,,,,,,,,
172606.0,,,,,,,,,,,,,,
172607.0,,,,,,,,,,,,,,
172608.0,,,,,,,,,,,,,,
172609.0,,,,,,,,,,,,,,
172610.0,,,,,,,,,,,,,,
172611.0,,,,,,,,,,,,,,
172612.0,,,,,,,,,,,,,,
172613.0,,,,,,,,,,,,,,
172614.0,,,,,,,,,,,,,,
172615.0,,,,,,,,,,,,,,
172616.0,,,,,,,,,,,,,,
172617.0,,,,,,,,,,,,,,
172618.0,,,,,,,,,,,,,,
172619.0,,,,,,,,,,,,,,
172620.0,,,,,,,,,,,,,,
172621.0,,,,,,,,,,,,,,
172622.0,,,,,,,,,,,,,,
172623.0,,,,,,,,,,,,,,
172624.0,,,,,,,,,,,,,,
172625.0,,,,,,,,,,,,,,
172626.0,,,,,,,,,,,,,,
172627.0,,,,,,,,,,,,,,
172628.0,,,,,,,,,,,,,,
172629.0,,,,,,,,,,,,,,
172630.0,,,,,,,,,,,,,,
172631.0,,,,,,,,,,,,,,
172632.0,,,,,,,,,,,,,,
172633.0,,,,,,,,,,,,,,
172634.0,,,,,,,,,,,,,,
172635.0,,,,,,,,,,,,,,
172636.0,,,,,,,,,,,,,,
172637.0,,,,,,,,,,,,,,
172638.0,,,,,,,,,,,,,,
172639.0,,,,,,,,,,,,,,
172640.0,,,,,,,,,,,,,,
172641.0,,,,,,,,,,,,,,
172642.0,,,,,,,,,,,,,,
172643.0,,,,,,,,,,,,,,
172644.0,,,,,,,,,,,,,,
172645.0,,,,,,,,,,,,,,
172646.0,,,,,,,,,,,,,,
172647.0,,,,,,,,,,,,,,
172648.0,,,,,,,,,,,,,,
172649.0,,,,,,,,,,,,,,
172650.0,,,,,,,,,,,,,,
172651.0,,,,,,,,,,,,,,
172652.0,,,,,,,,,,,,,,
172653.0,,,,,,,,,,,,,,
172654.0,,,,,,,,,,,,,,
172655.0,,,,,,,,,,,,,,
172656.0,,,,,,,,,,,,,,
172657.0,,,,,,,,,,,,,,
172658.0,,,,,,,,,,,,,,
172659.0,,,,,,,,,,,,,,
172660.0,,,,,,,,,,,,,,
172661.0,,,,,,,,,,,,,,
172662.0,,,,,,,,,,,,,,
172663.0,,,,,,,,,,,,,,
172664.0,,,,,,,,,,,,,,
172665.0,,,,,,,,,,,,,,
172666.0,,,,,,,,,,,,,,
172667.0,,,,,,,,,,,,,,
172668.0,,,,,,,,,,,,,,
172669.0,,,,,,,,,,,,,,
172670.0,,,,,,,,,,,,,,
172671.0,,,,,,,,,,,,,,
172672.0,,,,,,,,,,,,,,
172673.0,,,,,,,,,,,,,,
172674.0,,,,,,,,,,,,,,
172675.0,,,,,,,,,,,,,,
172676.0,,,,,,,,,,,,,,
172677.0,,,,,,,,,,,,,,
172678.0,,,,,,,,,,,,,,
172679.0,,,,,,,,,,,,,,
172680.0,,,,,,,,,,,,,,
172681.0,,,,,,,,,,,,,,
172682.0,,,,,,,,,,,,,,
172683.0,,,,,,,,,,,,,,
172684.0,,,,,,,,,,,,,,
172685.0,,,,,,,,,,,,,,
172686.0,,,,,,,,,,,,,,
172687.0,,,,,,,,,,,,,,
172688.0,,,,,,,,,,,,,,
172689.0,,,,,,,,,,,,,,
172690.0,,,,,,,,,,,,,,
172691.0,,,,,,,,,,,,,,
172692.0,,,,,,,,,,,,,,
172693.0,,,,,,,,,,,,,,
172694.0,,,,,,,,,,,,,,
172695.0,,,,,,,,,,,,,,
172696.0,,,,,,,,,,,,,,
172697.0,,,,,,,,,,,,,,
172698.0,,,,,,,,,,,,,,
172699.0,,,,,,,,,,,,,,
172700.0,,,,,,,,,,,,,,
172701.0,,,,,,,,,,,,,,
172702.0,,,,,,,,,,,,,,
172703.0,,,,,,,,,,,,,,
172704.0,,,,,,,,,,,,,,
172705.0,,,,,,,,,,,,,,
172706.0,,,,,,,,,,,,,,
172707.0,,,,,,,,,,,,,,
172708.0,,,,,,,,,,,,,,
172709.0,,,,,,,,,,,,,,
172710.0,,,,,,,,,,,,,,
172711.0,,,,,,,,,,,,,,
172712.0,,,,,,,,,,,,,,
172713.0,,,,,,,,,,,,,,
172714.0,,,,,,,,,,,,,,
172715.0,,,,,,,,,,,,,,
172716.0,,,,,,,,,,,,,,
172717.0,,,,,,,,,,,,,,
172718.0,,,,,,,,,,,,,,
172719.0,,,,,,,,,,,,,,
172720.0,,,,,,,,,,,,,,
172721.0,,,,,,,,,,,,,,
172722.0,,,,,,,,,,,,,,
172723.0,,,,,,,,,,,,,,
172724.0,,,,,,,,,,,,,,
172725.0,,,,,,,,,,,,,,
172726.0,,,,,,,,,,,,,,
172727.0,,,,,,,,,,,,,,
172728.0,,,,,,,,,,,,,,
172729.0,,,,,,,,,,,,,,
172730.0,,,,,,,,,,,,,,
172731.0,,,,,,,,,,,,,,
172732.0,,,,,,,,,,,,,,
172733.0,,,,,,,,,,,,,,
172734.0,,,,,,,,,,,,,,
172735.0,,,,,,,,,,,,,,
172736.0,,,,,,,,,,,,,,
172737.0,,,,,,,,,,,,,,
172738.0,,,,,,,,,,,,,,
172739.0,,,,,,,,,,,,,,
172740.0,,,,,,,,,,,,,,
172741.0,,,,,,,,,,,,,,
172742.0,,,,,,,,,,,,,,
172743.0,,,,,,,,,,,,,,
172744.0,,,,,,,,,,,,,,
172745.0,,,,,,,,,,,,,,
172746.0,,,,,,,,,,,,,,
172747.0,,,,,,,,,,,,,,
172748.0,,,,,,,,,,,,,,
172749.0,,,,,,,,,,,,,,
172750.0,,,,,,,,,,,,,,
172751.0,,,,,,,,,,,,,,
172752.0,,,,,,,,,,,,,,
172753.0,,,,,,,,,,,,,,
172754.0,,,,,,,,,,,,,,
172755.0,,,,,,,,,,,,,,
172756.0,,,,,,,,,,,,,,
172757.0,,,,,,,,,,,,,,
172758.0,,,,,,,,,,,,,,
172759.0,,,,,,,,,,,,,,
172760.0,,,,,,,,,,,,,,
172761.0,,,,,,,,,,,,,,
172762.0,,,,,,,,,,,,,,
172763.0,,,,,,,,,,,,,,
172764.0,,,,,,,,,,,,,,
172765.0,,,,,,,,,,,,,,
172766.0,,,,,,,,,,,,,,
172767.0,,,,,,,,,,,,,,
172768.0,,,,,,,,,,,,,,
172769.0,,,,,,,,,,,,,,
172770.0,,,,,,,,,,,,,,
172771.0,,,,,,,,,,,,,,
172772.0,,,,,,,,,,,,,,
172773.0,,,,,,,,,,,,,,
172774.0,,,,,,,,,,,,,,
172775.0,,,,,,,,,,,,,,
172776.0,,,,,,,,,,,,,,
172777.0,,,,,,,,,,,,,,
172778.0,,,,,,,,,,,,,,
172779.0,,,,,,,,,,,,,,
172780.0,,,,,,,,,,,,,,
172781.0,,,,,,,,,,,,,,
172782.0,,,,,,,,,,,,,,
172783.0,,,,,,,,,,,,,,
172784.0,,,,,,,,,,,,,,
172785.0,,,,,,,,,,,,,,
172786.0,,,,,,,,,,,,,,
172787.0,,,,,,,,,,,,,,
172788.0,,,,,,,,,,,,,,
172789.0,,,,,,,,,,,,,,
172790.0,,,,,,,,,,,,,,
172791.0,,,,,,,,,,,,,,
172792.0,,,,,,,,,,,,,,
172793.0,,,,,,,,,,,,,,
172794.0,,,,,,,,,,,,,,
172795.0,,,,,,,,,,,,,,
172796.0,,,,,,,,,,,,,,
172797.0,,,,,,,,,,,,,,
172798.0,,,,,,,,,,,,,,
172799.0,,,,,,,,,,,,,,
172800.0,,,,,,,,,,,,,,
172801.0,,,,,,,,,,,,,,
172802.0,,,,,,,,,,,,,,
172803.0,,,,,,,,,,,,,,
172804.0,,,,,,,,,,,,,,
172805.0,,,,,,,,,,,,,,
172806.0,,,,,,,,,,,,,,
172807.0,,,,,,,,,,,,,,
172808.0,,,,,,,,,,,,,,
172809.0,,,,,,,,,,,,,,
172810.0,,,,,,,,,,,,,,
172811.0,,,,,,,,,,,,,,
172812.0,,,,,,,,,,,,,,
172813.0,,,,,,,,,,,,,,
172814.0,,,,,,,,,,,,,,
172815.0,,,,,,,,,,,,,,
172816.0,,,,,,,,,,,,,,
172817.0,,,,,,,,,,,,,,
172818.0,,,,,,,,,,,,,,
172819.0,,,,,,,,,,,,,,
172820.0,,,,,,,,,,,,,,
172821.0,,,,,,,,,,,,,,
172822.0,,,,,,,,,,,,,,
172823.0,,,,,,,,,,,,,,
172824.0,,,,,,,,,,,,,,
172825.0,,,,,,,,,,,,,,
172826.0,,,,,,,,,,,,,,
172827.0,,,,,,,,,,,,,,
172828.0,,,,,,,,,,,,,,
172829.0,,,,,,,,,,,,,,
172830.0,,,,,,,,,,,,,,
172831.0,,,,,,,,,,,,,,
172832.0,,,,,,,,,,,,,,
172833.0,,,,,,,,,,,,,,
172834.0,,,,,,,,,,,,,,
172835.0,,,,,,,,,,,,,,
172836.0,,,,,,,,,,,,,,
172837.0,,,,,,,,,,,,,,
172838.0,,,,,,,,,,,,,,
172839.0,,,,,,,,,,,,,,
172840.0,,,,,,,,,,,,,,
172841.0,,,,,,,,,,,,,,
172842.0,,,,,,,,,,,,,,
172843.0,,,,,,,,,,,,,,
172844.0,,,,,,,,,,,,,,
172845.0,,,,,,,,,,,,,,
172846.0,,,,,,,,,,,,,,
172847.0,,,,,,,,,,,,,,
172848.0,,,,,,,,,,,,,,
172849.0,,,,,,,,,,,,,,
172850.0,,,,,,,,,,,,,,
172851.0,,,,,,,,,,,,,,
172852.0,,,,,,,,,,,,,,
172853.0,,,,,,,,,,,,,,
172854.0,,,,,,,,,,,,,,
172855.0,,,,,,,,,,,,,,
172856.0,,,,,,,,,,,,,,
172857.0,,,,,,,,,,,,,,
172858.0,,,,,,,,,,,,,,
172859.0,,,,,,,,,,,,,,
172860.0,,,,,,,,,,,,,,
172861.0,,,,,,,,,,,,,,
172862.0,,,,,,,,,,,,,,
172863.0,,,,,,,,,,,,,,
172864.0,,,,,,,,,,,,,,
172865.0,,,,,,,,,,,,,,
172866.0,,,,,,,,,,,,,,
172867.0,,,,,,,,,,,,,,
172868.0,,,,,,,,,,,,,,
172869.0,,,,,,,,,,,,,,
172870.0,,,,,,,,,,,,,,
172871.0,,,,,,,,,,,,,,
172872.0,,,,,,,,,,,,,,
172873.0,,,,,,,,,,,,,,
172874.0,,,,,,,,,,,,,,
172875.0,,,,,,,,,,,,,,
172876.0,,,,,,,,,,,,,,
172877.0,,,,,,,,,,,,,,
172878.0,,,,,,,,,,,,,,
172879.0,,,,,,,,,,,,,,
172880.0,,,,,,,,,,,,,,
172881.0,,,,,,,,,,,,,,
172882.0,,,,,,,,,,,,,,
172883.0,,,,,,,,,,,,,,
172884.0,,,,,,,,,,,,,,
172885.0,,,,,,,,,,,,,,
172886.0,,,,,,,,,,,,,,
172887.0,,,,,,,,,,,,,,
172888.0,,,,,,,,,,,,,,
172889.0,,,,,,,,,,,,,,
172890.0,,,,,,,,,,,,,,
172891.0,,,,,,,,,,,,,,
172892.0,,,,,,,,,,,,,,
172893.0,,,,,,,,,,,,,,
172894.0,,,,,,,,,,,,,,
172895.0,,,,,,,,,,,,,,
172896.0,,,,,,,,,,,,,,
172897.0,,,,,,,,,,,,,,
172898.0,,,,,,,,,,,,,,
172899.0,,,,,,,,,,,,,,
172900.0,,,,,,,,,,,,,,
172901.0,,,,,,,,,,,,,,
172902.0,,,,,,,,,,,,,,
172903.0,,,,,,,,,,,,,,
172904.0,,,,,,,,,,,,,,
172905.0,,,,,,,,,,,,,,
172906.0,,,,,,,,,,,,,,
172907.0,,,,,,,,,,,,,,
172908.0,,,,,,,,,,,,,,
172909.0,,,,,,,,,,,,,,
172910.0,,,,,,,,,,,,,,
172911.0,,,,,,,,,,,,,,
172912.0,,,,,,,,,,,,,,
172913.0,,,,,,,,,,,,,,
172914.0,,,,,,,,,,,,,,
172915.0,,,,,,,,,,,,,,
172916.0,,,,,,,,,,,,,,
172917.0,,,,,,,,,,,,,,
172918.0,,,,,,,,,,,,,,
172919.0,,,,,,,,,,,,,,
172920.0,,,,,,,,,,,,,,
172921.0,,,,,,,,,,,,,,
172922.0,,,,,,,,,,,,,,
172923.0,,,,,,,,,,,,,,
172924.0,,,,,,,,,,,,,,
172925.0,,,,,,,,,,,,,,
172926.0,,,,,,,,,,,,,,
172927.0,,,,,,,,,,,,,,
172928.0,,,,,,,,,,,,,,
172929.0,,,,,,,,,,,,,,
172930.0,,,,,,,,,,,,,,
172931.0,,,,,,,,,,,,,,
172932.0,,,,,,,,,,,,,,
172933.0,,,,,,,,,,,,,,
172934.0,,,,,,,,,,,,,,
172935.0,,,,,,,,,,,,,,
172936.0,,,,,,,,,,,,,,
172937.0,,,,,,,,,,,,,,
172938.0,,,,,,,,,,,,,,
172939.0,,,,,,,,,,,,,,
172940.0,,,,,,,,,,,,,,
172941.0,,,,,,,,,,,,,,
172942.0,,,,,,,,,,,,,,
172943.0,,,,,,,,,,,,,,
172944.0,,,,,,,,,,,,,,
172945.0,,,,,,,,,,,,,,
172946.0,,,,,,,,,,,,,,
172947.0,,,,,,,,,,,,,,
172948.0,,,,,,,,,,,,,,
172949.0,,,,,,,,,,,,,,
172950.0,,,,,,,,,,,,,,
172951.0,,,,,,,,,,,,,,
172952.0,,,,,,,,,,,,,,
172953.0,,,,,,,,,,,,,,
172954.0,,,,,,,,,,,,,,
172955.0,,,,,,,,,,,,,,
172956.0,,,,,,,,,,,,,,
172957.0,,,,,,,,,,,,,,
172958.0,,,,,,,,,,,,,,
172959.0,,,,,,,,,,,,,,
172960.0,,,,,,,,,,,,,,
172961.0,,,,,,,,,,,,,,
172962.0,,,,,,,,,,,,,,
172963.0,,,,,,,,,,,,,,
172964.0,,,,,,,,,,,,,,
172965.0,,,,,,,,,,,,,,
172966.0,,,,,,,,,,,,,,
172967.0,,,,,,,,,,,,,,
172968.0,,,,,,,,,,,,,,
172969.0,,,,,,,,,,,,,,
172970.0,,,,,,,,,,,,,,
172971.0,,,,,,,,,,,,,,
172972.0,,,,,,,,,,,,,,
172973.0,,,,,,,,,,,,,,
172974.0,,,,,,,,,,,,,,
172975.0,,,,,,,,,,,,,,
172976.0,,,,,,,,,,,,,,
172977.0,,,,,,,,,,,,,,
172978.0,,,,,,,,,,,,,,
172979.0,,,,,,,,,,,,,,
172980.0,,,,,,,,,,,,,,
172981.0,,,,,,,,,,,,,,
172982.0,,,,,,,,,,,,,,
172983.0,,,,,,,,,,,,,,
172984.0,,,,,,,,,,,,,,
172985.0,,,,,,,,,,,,,,
172986.0,,,,,,,,,,,,,,
172987.0,,,,,,,,,,,,,,
172988.0,,,,,,,,,,,,,,
172989.0,,,,,,,,,,,,,,
172990.0,,,,,,,,,,,,,,
172991.0,,,,,,,,,,,,,,
172992.0,,,,,,,,,,,,,,
172993.0,,,,,,,,,,,,,,
172994.0,,,,,,,,,,,,,,
172995.0,,,,,,,,,,,,,,
172996.0,,,,,,,,,,,,,,
172997.0,,,,,,,,,,,,,,
172998.0,,,,,,,,,,,,,,
172999.0,,,,,,,,,,,,,,
173000.0,,,,,,,,,,,,,,
173001.0,,,,,,,,,,,,,,
173002.0,,,,,,,,,,,,,,
173003.0,,,,,,,,,,,,,,
173004.0,,,,,,,,,,,,,,
173005.0,,,,,,,,,,,,,,
173006.0,,,,,,,,,,,,,,
173007.0,,,,,,,,,,,,,,
173008.0,,,,,,,,,,,,,,
173009.0,,,,,,,,,,,,,,
173010.0,,,,,,,,,,,,,,
173011.0,,,,,,,,,,,,,,
173012.0,,,,,,,,,,,,,,
173013.0,,,,,,,,,,,,,,
173014.0,,,,,,,,,,,,,,
173015.0,,,,,,,,,,,,,,
173016.0,,,,,,,,,,,,,,
173017.0,,,,,,,,,,,,,,
173018.0,,,,,,,,,,,,,,
173019.0,,,,,,,,,,,,,,
173020.0,,,,,,,,,,,,,,
173021.0,,,,,,,,,,,,,,
173022.0,,,,,,,,,,,,,,
173023.0,,,,,,,,,,,,,,
173024.0,,,,,,,,,,,,,,
173025.0,,,,,,,,,,,,,,
173026.0,,,,,,,,,,,,,,
173027.0,,,,,,,,,,,,,,
173028.0,,,,,,,,,,,,,,
173029.0,,,,,,,,,,,,,,
173030.0,,,,,,,,,,,,,,
173031.0,,,,,,,,,,,,,,
173032.0,,,,,,,,,,,,,,
173033.0,,,,,,,,,,,,,,
173034.0,,,,,,,,,,,,,,
173035.0,,,,,,,,,,,,,,
173036.0,,,,,,,,,,,,,,
173037.0,,,,,,,,,,,,,,
173038.0,,,,,,,,,,,,,,
173039.0,,,,,,,,,,,,,,
173040.0,,,,,,,,,,,,,,
173041.0,,,,,,,,,,,,,,
173042.0,,,,,,,,,,,,,,
173043.0,,,,,,,,,,,,,,
173044.0,,,,,,,,,,,,,,
173045.0,,,,,,,,,,,,,,
173046.0,,,,,,,,,,,,,,
173047.0,,,,,,,,,,,,,,
173048.0,,,,,,,,,,,,,,
173049.0,,,,,,,,,,,,,,
173050.0,,,,,,,,,,,,,,
173051.0,,,,,,,,,,,,,,
173052.0,,,,,,,,,,,,,,
173053.0,,,,,,,,,,,,,,
173054.0,,,,,,,,,,,,,,
173055.0,,,,,,,,,,,,,,
173056.0,,,,,,,,,,,,,,
173057.0,,,,,,,,,,,,,,
173058.0,,,,,,,,,,,,,,
173059.0,,,,,,,,,,,,,,
173060.0,,,,,,,,,,,,,,
173061.0,,,,,,,,,,,,,,
173062.0,,,,,,,,,,,,,,
173063.0,,,,,,,,,,,,,,
173064.0,,,,,,,,,,,,,,
173065.0,,,,,,,,,,,,,,
173066.0,,,,,,,,,,,,,,
173067.0,,,,,,,,,,,,,,
173068.0,,,,,,,,,,,,,,
173069.0,,,,,,,,,,,,,,
173070.0,,,,,,,,,,,,,,
173071.0,,,,,,,,,,,,,,
173072.0,,,,,,,,,,,,,,
173073.0,,,,,,,,,,,,,,
173074.0,,,,,,,,,,,,,,
173075.0,,,,,,,,,,,,,,
173076.0,,,,,,,,,,,,,,
173077.0,,,,,,,,,,,,,,
173078.0,,,,,,,,,,,,,,
173079.0,,,,,,,,,,,,,,
173080.0,,,,,,,,,,,,,,
173081.0,,,,,,,,,,,,,,
173082.0,,,,,,,,,,,,,,
173083.0,,,,,,,,,,,,,,
173084.0,,,,,,,,,,,,,,
173085.0,,,,,,,,,,,,,,
173086.0,,,,,,,,,,,,,,
173087.0,,,,,,,,,,,,,,
173088.0,,,,,,,,,,,,,,
173089.0,,,,,,,,,,,,,,
173090.0,,,,,,,,,,,,,,
173091.0,,,,,,,,,,,,,,
173092.0,,,,,,,,,,,,,,
173093.0,,,,,,,,,,,,,,
173094.0,,,,,,,,,,,,,,
173095.0,,,,,,,,,,,,,,
173096.0,,,,,,,,,,,,,,
173097.0,,,,,,,,,,,,,,
173098.0,,,,,,,,,,,,,,
173099.0,,,,,,,,,,,,,,
173100.0,,,,,,,,,,,,,,
173101.0,,,,,,,,,,,,,,
173102.0,,,,,,,,,,,,,,
173103.0,,,,,,,,,,,,,,
173104.0,,,,,,,,,,,,,,
173105.0,,,,,,,,,,,,,,
173106.0,,,,,,,,,,,,,,
173107.0,,,,,,,,,,,,,,
173108.0,,,,,,,,,,,,,,
173109.0,,,,,,,,,,,,,,
173110.0,,,,,,,,,,,,,,
173111.0,,,,,,,,,,,,,,
173112.0,,,,,,,,,,,,,,
173113.0,,,,,,,,,,,,,,
173114.0,,,,,,,,,,,,,,
173115.0,,,,,,,,,,,,,,
173116.0,,,,,,,,,,,,,,
173117.0,,,,,,,,,,,,,,
173118.0,,,,,,,,,,,,,,
173119.0,,,,,,,,,,,,,,
173120.0,,,,,,,,,,,,,,
173121.0,,,,,,,,,,,,,,
173122.0,,,,,,,,,,,,,,
173123.0,,,,,,,,,,,,,,
173124.0,,,,,,,,,,,,,,
173125.0,,,,,,,,,,,,,,
173126.0,,,,,,,,,,,,,,
173127.0,,,,,,,,,,,,,,
173128.0,,,,,,,,,,,,,,
173129.0,,,,,,,,,,,,,,
173130.0,,,,,,,,,,,,,,
173131.0,,,,,,,,,,,,,,
173132.0,,,,,,,,,,,,,,
173133.0,,,,,,,,,,,,,,
173134.0,,,,,,,,,,,,,,
173135.0,,,,,,,,,,,,,,
173136.0,,,,,,,,,,,,,,
173137.0,,,,,,,,,,,,,,
173138.0,,,,,,,,,,,,,,
173139.0,,,,,,,,,,,,,,
173140.0,,,,,,,,,,,,,,
173141.0,,,,,,,,,,,,,,
173142.0,,,,,,,,,,,,,,
173143.0,,,,,,,,,,,,,,
173144.0,,,,,,,,,,,,,,
173145.0,,,,,,,,,,,,,,
173146.0,,,,,,,,,,,,,,
173147.0,,,,,,,,,,,,,,
173148.0,,,,,,,,,,,,,,
173149.0,,,,,,,,,,,,,,
173150.0,,,,,,,,,,,,,,
173151.0,,,,,,,,,,,,,,
173152.0,,,,,,,,,,,,,,
173153.0,,,,,,,,,,,,,,
173154.0,,,,,,,,,,,,,,
173155.0,,,,,,,,,,,,,,
173156.0,,,,,,,,,,,,,,
173157.0,,,,,,,,,,,,,,
173158.0,,,,,,,,,,,,,,
173159.0,,,,,,,,,,,,,,
173160.0,,,,,,,,,,,,,,
173161.0,,,,,,,,,,,,,,
173162.0,,,,,,,,,,,,,,
173163.0,,,,,,,,,,,,,,
173164.0,,,,,,,,,,,,,,
173165.0,,,,,,,,,,,,,,
173166.0,,,,,,,,,,,,,,
173167.0,,,,,,,,,,,,,,
173168.0,,,,,,,,,,,,,,
173169.0,,,,,,,,,,,,,,
173170.0,,,,,,,,,,,,,,
173171.0,,,,,,,,,,,,,,
173172.0,,,,,,,,,,,,,,
173173.0,,,,,,,,,,,,,,
173174.0,,,,,,,,,,,,,,
173175.0,,,,,,,,,,,,,,
173176.0,,,,,,,,,,,,,,
173177.0,,,,,,,,,,,,,,
173178.0,,,,,,,,,,,,,,
173179.0,,,,,,,,,,,,,,
173180.0,,,,,,,,,,,,,,
173181.0,,,,,,,,,,,,,,
173182.0,,,,,,,,,,,,,,
173183.0,,,,,,,,,,,,,,
173184.0,,,,,,,,,,,,,,
173185.0,,,,,,,,,,,,,,
173186.0,,,,,,,,,,,,,,
173187.0,,,,,,,,,,,,,,
173188.0,,,,,,,,,,,,,,
173189.0,,,,,,,,,,,,,,
173190.0,,,,,,,,,,,,,,
173191.0,,,,,,,,,,,,,,
173192.0,,,,,,,,,,,,,,
173193.0,,,,,,,,,,,,,,
173194.0,,,,,,,,,,,,,,
173195.0,,,,,,,,,,,,,,
173196.0,,,,,,,,,,,,,,
173197.0,,,,,,,,,,,,,,
173198.0,,,,,,,,,,,,,,
173199.0,,,,,,,,,,,,,,
173200.0,,,,,,,,,,,,,,
173201.0,,,,,,,,,,,,,,
173202.0,,,,,,,,,,,,,,
173203.0,,,,,,,,,,,,,,
173204.0,,,,,,,,,,,,,,
173205.0,,,,,,,,,,,,,,
173206.0,,,,,,,,,,,,,,
173207.0,,,,,,,,,,,,,,
173208.0,,,,,,,,,,,,,,
173209.0,,,,,,,,,,,,,,
173210.0,,,,,,,,,,,,,,
173211.0,,,,,,,,,,,,,,
173212.0,,,,,,,,,,,,,,
173213.0,,,,,,,,,,,,,,
173214.0,,,,,,,,,,,,,,
173215.0,,,,,,,,,,,,,,
173216.0,,,,,,,,,,,,,,
173217.0,,,,,,,,,,,,,,
173218.0,,,,,,,,,,,,,,
173219.0,,,,,,,,,,,,,,
173220.0,,,,,,,,,,,,,,
173221.0,,,,,,,,,,,,,,
173222.0,,,,,,,,,,,,,,
173223.0,,,,,,,,,,,,,,
173224.0,,,,,,,,,,,,,,
173225.0,,,,,,,,,,,,,,
173226.0,,,,,,,,,,,,,,
173227.0,,,,,,,,,,,,,,
173228.0,,,,,,,,,,,,,,
173229.0,,,,,,,,,,,,,,
173230.0,,,,,,,,,,,,,,
173231.0,,,,,,,,,,,,,,
173232.0,,,,,,,,,,,,,,
173233.0,,,,,,,,,,,,,,
173234.0,,,,,,,,,,,,,,
173235.0,,,,,,,,,,,,,,
173236.0,,,,,,,,,,,,,,
173237.0,,,,,,,,,,,,,,
173238.0,,,,,,,,,,,,,,
173239.0,,,,,,,,,,,,,,
173240.0,,,,,,,,,,,,,,
173241.0,,,,,,,,,,,,,,
173242.0,,,,,,,,,,,,,,
173243.0,,,,,,,,,,,,,,
173244.0,,,,,,,,,,,,,,
173245.0,,,,,,,,,,,,,,
173246.0,,,,,,,,,,,,,,
173247.0,,,,,,,,,,,,,,
173248.0,,,,,,,,,,,,,,
173249.0,,,,,,,,,,,,,,
173250.0,,,,,,,,,,,,,,
173251.0,,,,,,,,,,,,,,
173252.0,,,,,,,,,,,,,,
173253.0,,,,,,,,,,,,,,
173254.0,,,,,,,,,,,,,,
173255.0,,,,,,,,,,,,,,
173256.0,,,,,,,,,,,,,,
173257.0,,,,,,,,,,,,,,
173258.0,,,,,,,,,,,,,,
173259.0,,,,,,,,,,,,,,
173260.0,,,,,,,,,,,,,,
173261.0,,,,,,,,,,,,,,
173262.0,,,,,,,,,,,,,,
173263.0,,,,,,,,,,,,,,
173264.0,,,,,,,,,,,,,,
173265.0,,,,,,,,,,,,,,
173266.0,,,,,,,,,,,,,,
173267.0,,,,,,,,,,,,,,
173268.0,,,,,,,,,,,,,,
173269.0,,,,,,,,,,,,,,
173270.0,,,,,,,,,,,,,,
173271.0,,,,,,,,,,,,,,
173272.0,,,,,,,,,,,,,,
173273.0,,,,,,,,,,,,,,
173274.0,,,,,,,,,,,,,,
173275.0,,,,,,,,,,,,,,
173276.0,,,,,,,,,,,,,,
173277.0,,,,,,,,,,,,,,
173278.0,,,,,,,,,,,,,,
173279.0,,,,,,,,,,,,,,
173280.0,,,,,,,,,,,,,,
173281.0,,,,,,,,,,,,,,
173282.0,,,,,,,,,,,,,,
173283.0,,,,,,,,,,,,,,
173284.0,,,,,,,,,,,,,,
173285.0,,,,,,,,,,,,,,
173286.0,,,,,,,,,,,,,,
173287.0,,,,,,,,,,,,,,
173288.0,,,,,,,,,,,,,,
173289.0,,,,,,,,,,,,,,
173290.0,,,,,,,,,,,,,,
173291.0,,,,,,,,,,,,,,
173292.0,,,,,,,,,,,,,,
173293.0,,,,,,,,,,,,,,
173294.0,,,,,,,,,,,,,,
173295.0,,,,,,,,,,,,,,
173296.0,,,,,,,,,,,,,,
173297.0,,,,,,,,,,,,,,
173298.0,,,,,,,,,,,,,,
173299.0,,,,,,,,,,,,,,
173300.0,,,,,,,,,,,,,,
173301.0,,,,,,,,,,,,,,
173302.0,,,,,,,,,,,,,,
173303.0,,,,,,,,,,,,,,
173304.0,,,,,,,,,,,,,,
173305.0,,,,,,,,,,,,,,
173306.0,,,,,,,,,,,,,,
173307.0,,,,,,,,,,,,,,
173308.0,,,,,,,,,,,,,,
173309.0,,,,,,,,,,,,,,
173310.0,,,,,,,,,,,,,,
173311.0,,,,,,,,,,,,,,
173312.0,,,,,,,,,,,,,,
173313.0,,,,,,,,,,,,,,
173314.0,,,,,,,,,,,,,,
173315.0,,,,,,,,,,,,,,
173316.0,,,,,,,,,,,,,,
173317.0,,,,,,,,,,,,,,
173318.0,,,,,,,,,,,,,,
173319.0,,,,,,,,,,,,,,
173320.0,,,,,,,,,,,,,,
173321.0,,,,,,,,,,,,,,
173322.0,,,,,,,,,,,,,,
173323.0,,,,,,,,,,,,,,
173324.0,,,,,,,,,,,,,,
173325.0,,,,,,,,,,,,,,
173326.0,,,,,,,,,,,,,,
173327.0,,,,,,,,,,,,,,
173328.0,,,,,,,,,,,,,,
173329.0,,,,,,,,,,,,,,
173330.0,,,,,,,,,,,,,,
173331.0,,,,,,,,,,,,,,
173332.0,,,,,,,,,,,,,,
173333.0,,,,,,,,,,,,,,
173334.0,,,,,,,,,,,,,,
173335.0,,,,,,,,,,,,,,
173336.0,,,,,,,,,,,,,,
173337.0,,,,,,,,,,,,,,
173338.0,,,,,,,,,,,,,,
173339.0,,,,,,,,,,,,,,
173340.0,,,,,,,,,,,,,,
173341.0,,,,,,,,,,,,,,
173342.0,,,,,,,,,,,,,,
173343.0,,,,,,,,,,,,,,
173344.0,,,,,,,,,,,,,,
173345.0,,,,,,,,,,,,,,
173346.0,,,,,,,,,,,,,,
173347.0,,,,,,,,,,,,,,
173348.0,,,,,,,,,,,,,,
173349.0,,,,,,,,,,,,,,
173350.0,,,,,,,,,,,,,,
173351.0,,,,,,,,,,,,,,
173352.0,,,,,,,,,,,,,,
173353.0,,,,,,,,,,,,,,
173354.0,,,,,,,,,,,,,,
173355.0,,,,,,,,,,,,,,
173356.0,,,,,,,,,,,,,,
173357.0,,,,,,,,,,,,,,
173358.0,,,,,,,,,,,,,,
173359.0,,,,,,,,,,,,,,
173360.0,,,,,,,,,,,,,,
173361.0,,,,,,,,,,,,,,
173362.0,,,,,,,,,,,,,,
173363.0,,,,,,,,,,,,,,
173364.0,,,,,,,,,,,,,,
173365.0,,,,,,,,,,,,,,
173366.0,,,,,,,,,,,,,,
173367.0,,,,,,,,,,,,,,
173368.0,,,,,,,,,,,,,,
173369.0,,,,,,,,,,,,,,
173370.0,,,,,,,,,,,,,,
173371.0,,,,,,,,,,,,,,
173372.0,,,,,,,,,,,,,,
173373.0,,,,,,,,,,,,,,
173374.0,,,,,,,,,,,,,,
173375.0,,,,,,,,,,,,,,
173376.0,,,,,,,,,,,,,,
173377.0,,,,,,,,,,,,,,
173378.0,,,,,,,,,,,,,,
173379.0,,,,,,,,,,,,,,
173380.0,,,,,,,,,,,,,,
173381.0,,,,,,,,,,,,,,
173382.0,,,,,,,,,,,,,,
173383.0,,,,,,,,,,,,,,
173384.0,,,,,,,,,,,,,,
173385.0,,,,,,,,,,,,,,
173386.0,,,,,,,,,,,,,,
173387.0,,,,,,,,,,,,,,
173388.0,,,,,,,,,,,,,,
173389.0,,,,,,,,,,,,,,
173390.0,,,,,,,,,,,,,,
173391.0,,,,,,,,,,,,,,
173392.0,,,,,,,,,,,,,,
173393.0,,,,,,,,,,,,,,
173394.0,,,,,,,,,,,,,,
173395.0,,,,,,,,,,,,,,
173396.0,,,,,,,,,,,,,,
173397.0,,,,,,,,,,,,,,
173398.0,,,,,,,,,,,,,,
173399.0,,,,,,,,,,,,,,
173400.0,,,,,,,,,,,,,,
173401.0,,,,,,,,,,,,,,
173402.0,,,,,,,,,,,,,,
173403.0,,,,,,,,,,,,,,
173404.0,,,,,,,,,,,,,,
173405.0,,,,,,,,,,,,,,
173406.0,,,,,,,,,,,,,,
173407.0,,,,,,,,,,,,,,
173408.0,,,,,,,,,,,,,,
173409.0,,,,,,,,,,,,,,
173410.0,,,,,,,,,,,,,,
173411.0,,,,,,,,,,,,,,
173412.0,,,,,,,,,,,,,,
173413.0,,,,,,,,,,,,,,
173414.0,,,,,,,,,,,,,,
173415.0,,,,,,,,,,,,,,
173416.0,,,,,,,,,,,,,,
173417.0,,,,,,,,,,,,,,
173418.0,,,,,,,,,,,,,,
173419.0,,,,,,,,,,,,,,
173420.0,,,,,,,,,,,,,,
173421.0,,,,,,,,,,,,,,
173422.0,,,,,,,,,,,,,,
173423.0,,,,,,,,,,,,,,
173424.0,,,,,,,,,,,,,,
173425.0,,,,,,,,,,,,,,
173426.0,,,,,,,,,,,,,,
173427.0,,,,,,,,,,,,,,
173428.0,,,,,,,,,,,,,,
173429.0,,,,,,,,,,,,,,
173430.0,,,,,,,,,,,,,,
173431.0,,,,,,,,,,,,,,
173432.0,,,,,,,,,,,,,,
173433.0,,,,,,,,,,,,,,
173434.0,,,,,,,,,,,,,,
173435.0,,,,,,,,,,,,,,
173436.0,,,,,,,,,,,,,,
173437.0,,,,,,,,,,,,,,
173438.0,,,,,,,,,,,,,,
173439.0,,,,,,,,,,,,,,
173440.0,,,,,,,,,,,,,,
173441.0,,,,,,,,,,,,,,
173442.0,,,,,,,,,,,,,,
173443.0,,,,,,,,,,,,,,
173444.0,,,,,,,,,,,,,,
173445.0,,,,,,,,,,,,,,
173446.0,,,,,,,,,,,,,,
173447.0,,,,,,,,,,,,,,
173448.0,,,,,,,,,,,,,,
173449.0,,,,,,,,,,,,,,
173450.0,,,,,,,,,,,,,,
173451.0,,,,,,,,,,,,,,
173452.0,,,,,,,,,,,,,,
173453.0,,,,,,,,,,,,,,
173454.0,,,,,,,,,,,,,,
173455.0,,,,,,,,,,,,,,
173456.0,,,,,,,,,,,,,,
173457.0,,,,,,,,,,,,,,
173458.0,,,,,,,,,,,,,,
173459.0,,,,,,,,,,,,,,
173460.0,,,,,,,,,,,,,,
173461.0,,,,,,,,,,,,,,
173462.0,,,,,,,,,,,,,,
173463.0,,,,,,,,,,,,,,
173464.0,,,,,,,,,,,,,,
173465.0,,,,,,,,,,,,,,
173466.0,,,,,,,,,,,,,,
173467.0,,,,,,,,,,,,,,
173468.0,,,,,,,,,,,,,,
173469.0,,,,,,,,,,,,,,
173470.0,,,,,,,,,,,,,,
173471.0,,,,,,,,,,,,,,
173472.0,,,,,,,,,,,,,,
173473.0,,,,,,,,,,,,,,
173474.0,,,,,,,,,,,,,,
173475.0,,,,,,,,,,,,,,
173476.0,,,,,,,,,,,,,,
173477.0,,,,,,,,,,,,,,
173478.0,,,,,,,,,,,,,,
173479.0,,,,,,,,,,,,,,
173480.0,,,,,,,,,,,,,,
173481.0,,,,,,,,,,,,,,
173482.0,,,,,,,,,,,,,,
173483.0,,,,,,,,,,,,,,
173484.0,,,,,,,,,,,,,,
173485.0,,,,,,,,,,,,,,
173486.0,,,,,,,,,,,,,,
173487.0,,,,,,,,,,,,,,
173488.0,,,,,,,,,,,,,,
173489.0,,,,,,,,,,,,,,
173490.0,,,,,,,,,,,,,,
173491.0,,,,,,,,,,,,,,
173492.0,,,,,,,,,,,,,,
173493.0,,,,,,,,,,,,,,
173494.0,,,,,,,,,,,,,,
173495.0,,,,,,,,,,,,,,
173496.0,,,,,,,,,,,,,,
173497.0,,,,,,,,,,,,,,
173498.0,,,,,,,,,,,,,,
173499.0,,,,,,,,,,,,,,
173500.0,,,,,,,,,,,,,,
173501.0,,,,,,,,,,,,,,
173502.0,,,,,,,,,,,,,,
173503.0,,,,,,,,,,,,,,
173504.0,,,,,,,,,,,,,,
173505.0,,,,,,,,,,,,,,
173506.0,,,,,,,,,,,,,,
173507.0,,,,,,,,,,,,,,
173508.0,,,,,,,,,,,,,,
173509.0,,,,,,,,,,,,,,
173510.0,,,,,,,,,,,,,,
173511.0,,,,,,,,,,,,,,
173512.0,,,,,,,,,,,,,,
173513.0,,,,,,,,,,,,,,
173514.0,,,,,,,,,,,,,,
173515.0,,,,,,,,,,,,,,
173516.0,,,,,,,,,,,,,,
173517.0,,,,,,,,,,,,,,
173518.0,,,,,,,,,,,,,,
173519.0,,,,,,,,,,,,,,
173520.0,,,,,,,,,,,,,,
173521.0,,,,,,,,,,,,,,
173522.0,,,,,,,,,,,,,,
173523.0,,,,,,,,,,,,,,
173524.0,,,,,,,,,,,,,,
173525.0,,,,,,,,,,,,,,
173526.0,,,,,,,,,,,,,,
173527.0,,,,,,,,,,,,,,
173528.0,,,,,,,,,,,,,,
173529.0,,,,,,,,,,,,,,
173530.0,,,,,,,,,,,,,,
173531.0,,,,,,,,,,,,,,
173532.0,,,,,,,,,,,,,,
173533.0,,,,,,,,,,,,,,
173534.0,,,,,,,,,,,,,,
173535.0,,,,,,,,,,,,,,
173536.0,,,,,,,,,,,,,,
173537.0,,,,,,,,,,,,,,
173538.0,,,,,,,,,,,,,,
173539.0,,,,,,,,,,,,,,
173540.0,,,,,,,,,,,,,,
173541.0,,,,,,,,,,,,,,
173542.0,,,,,,,,,,,,,,
173543.0,,,,,,,,,,,,,,
173544.0,,,,,,,,,,,,,,
173545.0,,,,,,,,,,,,,,
173546.0,,,,,,,,,,,,,,
173547.0,,,,,,,,,,,,,,
173548.0,,,,,,,,,,,,,,
173549.0,,,,,,,,,,,,,,
173550.0,,,,,,,,,,,,,,
173551.0,,,,,,,,,,,,,,
173552.0,,,,,,,,,,,,,,
173553.0,,,,,,,,,,,,,,
173554.0,,,,,,,,,,,,,,
173555.0,,,,,,,,,,,,,,
173556.0,,,,,,,,,,,,,,
173557.0,,,,,,,,,,,,,,
173558.0,,,,,,,,,,,,,,
173559.0,,,,,,,,,,,,,,
173560.0,,,,,,,,,,,,,,
173561.0,,,,,,,,,,,,,,
173562.0,,,,,,,,,,,,,,
173563.0,,,,,,,,,,,,,,
173564.0,,,,,,,,,,,,,,
173565.0,,,,,,,,,,,,,,
173566.0,,,,,,,,,,,,,,
173567.0,,,,,,,,,,,,,,
173568.0,,,,,,,,,,,,,,
173569.0,,,,,,,,,,,,,,
173570.0,,,,,,,,,,,,,,
173571.0,,,,,,,,,,,,,,
173572.0,,,,,,,,,,,,,,
173573.0,,,,,,,,,,,,,,
173574.0,,,,,,,,,,,,,,
173575.0,,,,,,,,,,,,,,
173576.0,,,,,,,,,,,,,,
173577.0,,,,,,,,,,,,,,
173578.0,,,,,,,,,,,,,,
173579.0,,,,,,,,,,,,,,
173580.0,,,,,,,,,,,,,,
173581.0,,,,,,,,,,,,,,
173582.0,,,,,,,,,,,,,,
173583.0,,,,,,,,,,,,,,
173584.0,,,,,,,,,,,,,,
173585.0,,,,,,,,,,,,,,
173586.0,,,,,,,,,,,,,,
173587.0,,,,,,,,,,,,,,
173588.0,,,,,,,,,,,,,,
173589.0,,,,,,,,,,,,,,
173590.0,,,,,,,,,,,,,,
173591.0,,,,,,,,,,,,,,
173592.0,,,,,,,,,,,,,,
173593.0,,,,,,,,,,,,,,
173594.0,,,,,,,,,,,,,,
173595.0,,,,,,,,,,,,,,
173596.0,,,,,,,,,,,,,,
173597.0,,,,,,,,,,,,,,
173598.0,,,,,,,,,,,,,,
173599.0,,,,,,,,,,,,,,
173600.0,,,,,,,,,,,,,,
173601.0,,,,,,,,,,,,,,
173602.0,,,,,,,,,,,,,,
173603.0,,,,,,,,,,,,,,
173604.0,,,,,,,,,,,,,,
173605.0,,,,,,,,,,,,,,
173606.0,,,,,,,,,,,,,,
173607.0,,,,,,,,,,,,,,
173608.0,,,,,,,,,,,,,,
173609.0,,,,,,,,,,,,,,
173610.0,,,,,,,,,,,,,,
173611.0,,,,,,,,,,,,,,
173612.0,,,,,,,,,,,,,,
173613.0,,,,,,,,,,,,,,
173614.0,,,,,,,,,,,,,,
173615.0,,,,,,,,,,,,,,
173616.0,,,,,,,,,,,,,,
173617.0,,,,,,,,,,,,,,
173618.0,,,,,,,,,,,,,,
173619.0,,,,,,,,,,,,,,
173620.0,,,,,,,,,,,,,,
173621.0,,,,,,,,,,,,,,
173622.0,,,,,,,,,,,,,,
173623.0,,,,,,,,,,,,,,
173624.0,,,,,,,,,,,,,,
173625.0,,,,,,,,,,,,,,
173626.0,,,,,,,,,,,,,,
173627.0,,,,,,,,,,,,,,
173628.0,,,,,,,,,,,,,,
173629.0,,,,,,,,,,,,,,
173630.0,,,,,,,,,,,,,,
173631.0,,,,,,,,,,,,,,
173632.0,,,,,,,,,,,,,,
173633.0,,,,,,,,,,,,,,
173634.0,,,,,,,,,,,,,,
173635.0,,,,,,,,,,,,,,
173636.0,,,,,,,,,,,,,,
173637.0,,,,,,,,,,,,,,
173638.0,,,,,,,,,,,,,,
173639.0,,,,,,,,,,,,,,
173640.0,,,,,,,,,,,,,,
173641.0,,,,,,,,,,,,,,
173642.0,,,,,,,,,,,,,,
173643.0,,,,,,,,,,,,,,
173644.0,,,,,,,,,,,,,,
173645.0,,,,,,,,,,,,,,
173646.0,,,,,,,,,,,,,,
173647.0,,,,,,,,,,,,,,
173648.0,,,,,,,,,,,,,,
173649.0,,,,,,,,,,,,,,
173650.0,,,,,,,,,,,,,,
173651.0,,,,,,,,,,,,,,
173652.0,,,,,,,,,,,,,,
173653.0,,,,,,,,,,,,,,
173654.0,,,,,,,,,,,,,,
173655.0,,,,,,,,,,,,,,
173656.0,,,,,,,,,,,,,,
173657.0,,,,,,,,,,,,,,
173658.0,,,,,,,,,,,,,,
173659.0,,,,,,,,,,,,,,
173660.0,,,,,,,,,,,,,,
173661.0,,,,,,,,,,,,,,
173662.0,,,,,,,,,,,,,,
173663.0,,,,,,,,,,,,,,
173664.0,,,,,,,,,,,,,,
173665.0,,,,,,,,,,,,,,
173666.0,,,,,,,,,,,,,,
173667.0,,,,,,,,,,,,,,
173668.0,,,,,,,,,,,,,,
173669.0,,,,,,,,,,,,,,
173670.0,,,,,,,,,,,,,,
173671.0,,,,,,,,,,,,,,
173672.0,,,,,,,,,,,,,,
173673.0,,,,,,,,,,,,,,
173674.0,,,,,,,,,,,,,,
173675.0,,,,,,,,,,,,,,
173676.0,,,,,,,,,,,,,,
173677.0,,,,,,,,,,,,,,
173678.0,,,,,,,,,,,,,,
173679.0,,,,,,,,,,,,,,
173680.0,,,,,,,,,,,,,,
173681.0,,,,,,,,,,,,,,
173682.0,,,,,,,,,,,,,,
173683.0,,,,,,,,,,,,,,
173684.0,,,,,,,,,,,,,,
173685.0,,,,,,,,,,,,,,
173686.0,,,,,,,,,,,,,,
173687.0,,,,,,,,,,,,,,
173688.0,,,,,,,,,,,,,,
173689.0,,,,,,,,,,,,,,
173690.0,,,,,,,,,,,,,,
173691.0,,,,,,,,,,,,,,
173692.0,,,,,,,,,,,,,,
173693.0,,,,,,,,,,,,,,
173694.0,,,,,,,,,,,,,,
173695.0,,,,,,,,,,,,,,
173696.0,,,,,,,,,,,,,,
173697.0,,,,,,,,,,,,,,
173698.0,,,,,,,,,,,,,,
173699.0,,,,,,,,,,,,,,
173700.0,,,,,,,,,,,,,,
173701.0,,,,,,,,,,,,,,
173702.0,,,,,,,,,,,,,,
173703.0,,,,,,,,,,,,,,
173704.0,,,,,,,,,,,,,,
173705.0,,,,,,,,,,,,,,
173706.0,,,,,,,,,,,,,,
173707.0,,,,,,,,,,,,,,
173708.0,,,,,,,,,,,,,,
173709.0,,,,,,,,,,,,,,
173710.0,,,,,,,,,,,,,,
173711.0,,,,,,,,,,,,,,
173712.0,,,,,,,,,,,,,,
173713.0,,,,,,,,,,,,,,
173714.0,,,,,,,,,,,,,,
173715.0,,,,,,,,,,,,,,
173716.0,,,,,,,,,,,,,,
173717.0,,,,,,,,,,,,,,
173718.0,,,,,,,,,,,,,,
173719.0,,,,,,,,,,,,,,
173720.0,,,,,,,,,,,,,,
173721.0,,,,,,,,,,,,,,
173722.0,,,,,,,,,,,,,,
173723.0,,,,,,,,,,,,,,
173724.0,,,,,,,,,,,,,,
173725.0,,,,,,,,,,,,,,
173726.0,,,,,,,,,,,,,,
173727.0,,,,,,,,,,,,,,
173728.0,,,,,,,,,,,,,,
173729.0,,,,,,,,,,,,,,
173730.0,,,,,,,,,,,,,,
173731.0,,,,,,,,,,,,,,
173732.0,,,,,,,,,,,,,,
173733.0,,,,,,,,,,,,,,
173734.0,,,,,,,,,,,,,,
173735.0,,,,,,,,,,,,,,
173736.0,,,,,,,,,,,,,,
173737.0,,,,,,,,,,,,,,
173738.0,,,,,,,,,,,,,,
173739.0,,,,,,,,,,,,,,
173740.0,,,,,,,,,,,,,,
173741.0,,,,,,,,,,,,,,
173742.0,,,,,,,,,,,,,,
173743.0,,,,,,,,,,,,,,
173744.0,,,,,,,,,,,,,,
173745.0,,,,,,,,,,,,,,
173746.0,,,,,,,,,,,,,,
173747.0,,,,,,,,,,,,,,
173748.0,,,,,,,,,,,,,,
173749.0,,,,,,,,,,,,,,
173750.0,,,,,,,,,,,,,,
173751.0,,,,,,,,,,,,,,
173752.0,,,,,,,,,,,,,,
173753.0,,,,,,,,,,,,,,
173754.0,,,,,,,,,,,,,,
173755.0,,,,,,,,,,,,,,
173756.0,,,,,,,,,,,,,,
173757.0,,,,,,,,,,,,,,
173758.0,,,,,,,,,,,,,,
173759.0,,,,,,,,,,,,,,
173760.0,,,,,,,,,,,,,,
173761.0,,,,,,,,,,,,,,
173762.0,,,,,,,,,,,,,,
173763.0,,,,,,,,,,,,,,
173764.0,,,,,,,,,,,,,,
173765.0,,,,,,,,,,,,,,
173766.0,,,,,,,,,,,,,,
173767.0,,,,,,,,,,,,,,
173768.0,,,,,,,,,,,,,,
173769.0,,,,,,,,,,,,,,
173770.0,,,,,,,,,,,,,,
173771.0,,,,,,,,,,,,,,
173772.0,,,,,,,,,,,,,,
173773.0,,,,,,,,,,,,,,
173774.0,,,,,,,,,,,,,,
173775.0,,,,,,,,,,,,,,
173776.0,,,,,,,,,,,,,,
173777.0,,,,,,,,,,,,,,
173778.0,,,,,,,,,,,,,,
173779.0,,,,,,,,,,,,,,
173780.0,,,,,,,,,,,,,,
173781.0,,,,,,,,,,,,,,
173782.0,,,,,,,,,,,,,,
173783.0,,,,,,,,,,,,,,
173784.0,,,,,,,,,,,,,,
173785.0,,,,,,,,,,,,,,
173786.0,,,,,,,,,,,,,,
173787.0,,,,,,,,,,,,,,
173788.0,,,,,,,,,,,,,,
173789.0,,,,,,,,,,,,,,
173790.0,,,,,,,,,,,,,,
173791.0,,,,,,,,,,,,,,
173792.0,,,,,,,,,,,,,,
173793.0,,,,,,,,,,,,,,
173794.0,,,,,,,,,,,,,,
173795.0,,,,,,,,,,,,,,
173796.0,,,,,,,,,,,,,,
173797.0,,,,,,,,,,,,,,
173798.0,,,,,,,,,,,,,,
173799.0,,,,,,,,,,,,,,
173800.0,,,,,,,,,,,,,,
173801.0,,,,,,,,,,,,,,
173802.0,,,,,,,,,,,,,,
173803.0,,,,,,,,,,,,,,
173804.0,,,,,,,,,,,,,,
173805.0,,,,,,,,,,,,,,
173806.0,,,,,,,,,,,,,,
173807.0,,,,,,,,,,,,,,
173808.0,,,,,,,,,,,,,,
173809.0,,,,,,,,,,,,,,
173810.0,,,,,,,,,,,,,,
173811.0,,,,,,,,,,,,,,
173812.0,,,,,,,,,,,,,,
173813.0,,,,,,,,,,,,,,
173814.0,,,,,,,,,,,,,,
173815.0,,,,,,,,,,,,,,
173816.0,,,,,,,,,,,,,,
173817.0,,,,,,,,,,,,,,
173818.0,,,,,,,,,,,,,,
173819.0,,,,,,,,,,,,,,
173820.0,,,,,,,,,,,,,,
173821.0,,,,,,,,,,,,,,
173822.0,,,,,,,,,,,,,,
173823.0,,,,,,,,,,,,,,
173824.0,,,,,,,,,,,,,,
173825.0,,,,,,,,,,,,,,
173826.0,,,,,,,,,,,,,,
173827.0,,,,,,,,,,,,,,
173828.0,,,,,,,,,,,,,,
173829.0,,,,,,,,,,,,,,
173830.0,,,,,,,,,,,,,,
173831.0,,,,,,,,,,,,,,
173832.0,,,,,,,,,,,,,,
173833.0,,,,,,,,,,,,,,
173834.0,,,,,,,,,,,,,,
173835.0,,,,,,,,,,,,,,
173836.0,,,,,,,,,,,,,,
173837.0,,,,,,,,,,,,,,
173838.0,,,,,,,,,,,,,,
173839.0,,,,,,,,,,,,,,
173840.0,,,,,,,,,,,,,,
173841.0,,,,,,,,,,,,,,
173842.0,,,,,,,,,,,,,,
173843.0,,,,,,,,,,,,,,
173844.0,,,,,,,,,,,,,,
173845.0,,,,,,,,,,,,,,
173846.0,,,,,,,,,,,,,,
173847.0,,,,,,,,,,,,,,
173848.0,,,,,,,,,,,,,,
173849.0,,,,,,,,,,,,,,
173850.0,,,,,,,,,,,,,,
173851.0,,,,,,,,,,,,,,
173852.0,,,,,,,,,,,,,,
173853.0,,,,,,,,,,,,,,
173854.0,,,,,,,,,,,,,,
173855.0,,,,,,,,,,,,,,
173856.0,,,,,,,,,,,,,,
173857.0,,,,,,,,,,,,,,
173858.0,,,,,,,,,,,,,,
173859.0,,,,,,,,,,,,,,
173860.0,,,,,,,,,,,,,,
173861.0,,,,,,,,,,,,,,
173862.0,,,,,,,,,,,,,,
173863.0,,,,,,,,,,,,,,
173864.0,,,,,,,,,,,,,,
173865.0,,,,,,,,,,,,,,
173866.0,,,,,,,,,,,,,,
173867.0,,,,,,,,,,,,,,
173868.0,,,,,,,,,,,,,,
173869.0,,,,,,,,,,,,,,
173870.0,,,,,,,,,,,,,,
173871.0,,,,,,,,,,,,,,
173872.0,,,,,,,,,,,,,,
173873.0,,,,,,,,,,,,,,
173874.0,,,,,,,,,,,,,,
173875.0,,,,,,,,,,,,,,
173876.0,,,,,,,,,,,,,,
173877.0,,,,,,,,,,,,,,
173878.0,,,,,,,,,,,,,,
173879.0,,,,,,,,,,,,,,
173880.0,,,,,,,,,,,,,,
173881.0,,,,,,,,,,,,,,
173882.0,,,,,,,,,,,,,,
173883.0,,,,,,,,,,,,,,
173884.0,,,,,,,,,,,,,,
173885.0,,,,,,,,,,,,,,
173886.0,,,,,,,,,,,,,,
173887.0,,,,,,,,,,,,,,
173888.0,,,,,,,,,,,,,,
173889.0,,,,,,,,,,,,,,
173890.0,,,,,,,,,,,,,,
173891.0,,,,,,,,,,,,,,
173892.0,,,,,,,,,,,,,,
173893.0,,,,,,,,,,,,,,
173894.0,,,,,,,,,,,,,,
173895.0,,,,,,,,,,,,,,
173896.0,,,,,,,,,,,,,,
173897.0,,,,,,,,,,,,,,
173898.0,,,,,,,,,,,,,,
173899.0,,,,,,,,,,,,,,
173900.0,,,,,,,,,,,,,,
173901.0,,,,,,,,,,,,,,
173902.0,,,,,,,,,,,,,,
173903.0,,,,,,,,,,,,,,
173904.0,,,,,,,,,,,,,,
173905.0,,,,,,,,,,,,,,
173906.0,,,,,,,,,,,,,,
173907.0,,,,,,,,,,,,,,
173908.0,,,,,,,,,,,,,,
173909.0,,,,,,,,,,,,,,
173910.0,,,,,,,,,,,,,,
173911.0,,,,,,,,,,,,,,
173912.0,,,,,,,,,,,,,,
173913.0,,,,,,,,,,,,,,
173914.0,,,,,,,,,,,,,,
173915.0,,,,,,,,,,,,,,
173916.0,,,,,,,,,,,,,,
173917.0,,,,,,,,,,,,,,
173918.0,,,,,,,,,,,,,,
173919.0,,,,,,,,,,,,,,
173920.0,,,,,,,,,,,,,,
173921.0,,,,,,,,,,,,,,
173922.0,,,,,,,,,,,,,,
173923.0,,,,,,,,,,,,,,
173924.0,,,,,,,,,,,,,,
173925.0,,,,,,,,,,,,,,
173926.0,,,,,,,,,,,,,,
173927.0,,,,,,,,,,,,,,
173928.0,,,,,,,,,,,,,,
173929.0,,,,,,,,,,,,,,
173930.0,,,,,,,,,,,,,,
173931.0,,,,,,,,,,,,,,
173932.0,,,,,,,,,,,,,,
173933.0,,,,,,,,,,,,,,
173934.0,,,,,,,,,,,,,,
173935.0,,,,,,,,,,,,,,
173936.0,,,,,,,,,,,,,,
173937.0,,,,,,,,,,,,,,
173938.0,,,,,,,,,,,,,,
173939.0,,,,,,,,,,,,,,
173940.0,,,,,,,,,,,,,,
173941.0,,,,,,,,,,,,,,
173942.0,,,,,,,,,,,,,,
173943.0,,,,,,,,,,,,,,
173944.0,,,,,,,,,,,,,,
173945.0,,,,,,,,,,,,,,
173946.0,,,,,,,,,,,,,,
173947.0,,,,,,,,,,,,,,
173948.0,,,,,,,,,,,,,,
173949.0,,,,,,,,,,,,,,
173950.0,,,,,,,,,,,,,,
173951.0,,,,,,,,,,,,,,
173952.0,,,,,,,,,,,,,,
173953.0,,,,,,,,,,,,,,
173954.0,,,,,,,,,,,,,,
173955.0,,,,,,,,,,,,,,
173956.0,,,,,,,,,,,,,,
173957.0,,,,,,,,,,,,,,
173958.0,,,,,,,,,,,,,,
173959.0,,,,,,,,,,,,,,
173960.0,,,,,,,,,,,,,,
173961.0,,,,,,,,,,,,,,
173962.0,,,,,,,,,,,,,,
173963.0,,,,,,,,,,,,,,
173964.0,,,,,,,,,,,,,,
173965.0,,,,,,,,,,,,,,
173966.0,,,,,,,,,,,,,,
173967.0,,,,,,,,,,,,,,
173968.0,,,,,,,,,,,,,,
173969.0,,,,,,,,,,,,,,
173970.0,,,,,,,,,,,,,,
173971.0,,,,,,,,,,,,,,
173972.0,,,,,,,,,,,,,,
173973.0,,,,,,,,,,,,,,
173974.0,,,,,,,,,,,,,,
173975.0,,,,,,,,,,,,,,
173976.0,,,,,,,,,,,,,,
173977.0,,,,,,,,,,,,,,
173978.0,,,,,,,,,,,,,,
173979.0,,,,,,,,,,,,,,
173980.0,,,,,,,,,,,,,,
173981.0,,,,,,,,,,,,,,
173982.0,,,,,,,,,,,,,,
173983.0,,,,,,,,,,,,,,
173984.0,,,,,,,,,,,,,,
173985.0,,,,,,,,,,,,,,
173986.0,,,,,,,,,,,,,,
173987.0,,,,,,,,,,,,,,
173988.0,,,,,,,,,,,,,,
173989.0,,,,,,,,,,,,,,
173990.0,,,,,,,,,,,,,,
173991.0,,,,,,,,,,,,,,
173992.0,,,,,,,,,,,,,,
173993.0,,,,,,,,,,,,,,
173994.0,,,,,,,,,,,,,,
173995.0,,,,,,,,,,,,,,
173996.0,,,,,,,,,,,,,,
173997.0,,,,,,,,,,,,,,
173998.0,,,,,,,,,,,,,,
173999.0,,,,,,,,,,,,,,
174000.0,,,,,,,,,,,,,,
174001.0,,,,,,,,,,,,,,
174002.0,,,,,,,,,,,,,,
174003.0,,,,,,,,,,,,,,
174004.0,,,,,,,,,,,,,,
174005.0,,,,,,,,,,,,,,
174006.0,,,,,,,,,,,,,,
174007.0,,,,,,,,,,,,,,
174008.0,,,,,,,,,,,,,,
174009.0,,,,,,,,,,,,,,
174010.0,,,,,,,,,,,,,,
174011.0,,,,,,,,,,,,,,
174012.0,,,,,,,,,,,,,,
174013.0,,,,,,,,,,,,,,
174014.0,,,,,,,,,,,,,,
174015.0,,,,,,,,,,,,,,
174016.0,,,,,,,,,,,,,,
174017.0,,,,,,,,,,,,,,
174018.0,,,,,,,,,,,,,,
174019.0,,,,,,,,,,,,,,
174020.0,,,,,,,,,,,,,,
174021.0,,,,,,,,,,,,,,
174022.0,,,,,,,,,,,,,,
174023.0,,,,,,,,,,,,,,
174024.0,,,,,,,,,,,,,,
174025.0,,,,,,,,,,,,,,
174026.0,,,,,,,,,,,,,,
174027.0,,,,,,,,,,,,,,
174028.0,,,,,,,,,,,,,,
174029.0,,,,,,,,,,,,,,
174030.0,,,,,,,,,,,,,,
174031.0,,,,,,,,,,,,,,
174032.0,,,,,,,,,,,,,,
174033.0,,,,,,,,,,,,,,
174034.0,,,,,,,,,,,,,,
174035.0,,,,,,,,,,,,,,
174036.0,,,,,,,,,,,,,,
174037.0,,,,,,,,,,,,,,
174038.0,,,,,,,,,,,,,,
174039.0,,,,,,,,,,,,,,
174040.0,,,,,,,,,,,,,,
174041.0,,,,,,,,,,,,,,
174042.0,,,,,,,,,,,,,,
174043.0,,,,,,,,,,,,,,
174044.0,,,,,,,,,,,,,,
174045.0,,,,,,,,,,,,,,
174046.0,,,,,,,,,,,,,,
174047.0,,,,,,,,,,,,,,
174048.0,,,,,,,,,,,,,,
174049.0,,,,,,,,,,,,,,
174050.0,,,,,,,,,,,,,,
174051.0,,,,,,,,,,,,,,
174052.0,,,,,,,,,,,,,,
174053.0,,,,,,,,,,,,,,
174054.0,,,,,,,,,,,,,,
174055.0,,,,,,,,,,,,,,
174056.0,,,,,,,,,,,,,,
174057.0,,,,,,,,,,,,,,
174058.0,,,,,,,,,,,,,,
174059.0,,,,,,,,,,,,,,
174060.0,,,,,,,,,,,,,,
174061.0,,,,,,,,,,,,,,
174062.0,,,,,,,,,,,,,,
174063.0,,,,,,,,,,,,,,
174064.0,,,,,,,,,,,,,,
174065.0,,,,,,,,,,,,,,
174066.0,,,,,,,,,,,,,,
174067.0,,,,,,,,,,,,,,
174068.0,,,,,,,,,,,,,,
174069.0,,,,,,,,,,,,,,
174070.0,,,,,,,,,,,,,,
174071.0,,,,,,,,,,,,,,
174072.0,,,,,,,,,,,,,,
174073.0,,,,,,,,,,,,,,
174074.0,,,,,,,,,,,,,,
174075.0,,,,,,,,,,,,,,
174076.0,,,,,,,,,,,,,,
174077.0,,,,,,,,,,,,,,
174078.0,,,,,,,,,,,,,,
174079.0,,,,,,,,,,,,,,
174080.0,,,,,,,,,,,,,,
174081.0,,,,,,,,,,,,,,
174082.0,,,,,,,,,,,,,,
174083.0,,,,,,,,,,,,,,
174084.0,,,,,,,,,,,,,,
174085.0,,,,,,,,,,,,,,
174086.0,,,,,,,,,,,,,,
174087.0,,,,,,,,,,,,,,
174088.0,,,,,,,,,,,,,,
174089.0,,,,,,,,,,,,,,
174090.0,,,,,,,,,,,,,,
174091.0,,,,,,,,,,,,,,
174092.0,,,,,,,,,,,,,,
174093.0,,,,,,,,,,,,,,
174094.0,,,,,,,,,,,,,,
174095.0,,,,,,,,,,,,,,
174096.0,,,,,,,,,,,,,,
174097.0,,,,,,,,,,,,,,
174098.0,,,,,,,,,,,,,,
174099.0,,,,,,,,,,,,,,
174100.0,,,,,,,,,,,,,,
174101.0,,,,,,,,,,,,,,
174102.0,,,,,,,,,,,,,,
174103.0,,,,,,,,,,,,,,
174104.0,,,,,,,,,,,,,,
174105.0,,,,,,,,,,,,,,
174106.0,,,,,,,,,,,,,,
174107.0,,,,,,,,,,,,,,
174108.0,,,,,,,,,,,,,,
174109.0,,,,,,,,,,,,,,
174110.0,,,,,,,,,,,,,,
174111.0,,,,,,,,,,,,,,
174112.0,,,,,,,,,,,,,,
174113.0,,,,,,,,,,,,,,
174114.0,,,,,,,,,,,,,,
174115.0,,,,,,,,,,,,,,
174116.0,,,,,,,,,,,,,,
174117.0,,,,,,,,,,,,,,
174118.0,,,,,,,,,,,,,,
174119.0,,,,,,,,,,,,,,
174120.0,,,,,,,,,,,,,,
174121.0,,,,,,,,,,,,,,
174122.0,,,,,,,,,,,,,,
174123.0,,,,,,,,,,,,,,
174124.0,,,,,,,,,,,,,,
174125.0,,,,,,,,,,,,,,
174126.0,,,,,,,,,,,,,,
174127.0,,,,,,,,,,,,,,
174128.0,,,,,,,,,,,,,,
174129.0,,,,,,,,,,,,,,
174130.0,,,,,,,,,,,,,,
174131.0,,,,,,,,,,,,,,
174132.0,,,,,,,,,,,,,,
174133.0,,,,,,,,,,,,,,
174134.0,,,,,,,,,,,,,,
174135.0,,,,,,,,,,,,,,
174136.0,,,,,,,,,,,,,,
174137.0,,,,,,,,,,,,,,
174138.0,,,,,,,,,,,,,,
174139.0,,,,,,,,,,,,,,
174140.0,,,,,,,,,,,,,,
174141.0,,,,,,,,,,,,,,
174142.0,,,,,,,,,,,,,,
174143.0,,,,,,,,,,,,,,
174144.0,,,,,,,,,,,,,,
174145.0,,,,,,,,,,,,,,
174146.0,,,,,,,,,,,,,,
174147.0,,,,,,,,,,,,,,
174148.0,,,,,,,,,,,,,,
174149.0,,,,,,,,,,,,,,
174150.0,,,,,,,,,,,,,,
174151.0,,,,,,,,,,,,,,
174152.0,,,,,,,,,,,,,,
174153.0,,,,,,,,,,,,,,
174154.0,,,,,,,,,,,,,,
174155.0,,,,,,,,,,,,,,
174156.0,,,,,,,,,,,,,,
174157.0,,,,,,,,,,,,,,
174158.0,,,,,,,,,,,,,,
174159.0,,,,,,,,,,,,,,
174160.0,,,,,,,,,,,,,,
174161.0,,,,,,,,,,,,,,
174162.0,,,,,,,,,,,,,,
174163.0,,,,,,,,,,,,,,
174164.0,,,,,,,,,,,,,,
174165.0,,,,,,,,,,,,,,
174166.0,,,,,,,,,,,,,,
174167.0,,,,,,,,,,,,,,
174168.0,,,,,,,,,,,,,,
174169.0,,,,,,,,,,,,,,
174170.0,,,,,,,,,,,,,,
174171.0,,,,,,,,,,,,,,
174172.0,,,,,,,,,,,,,,
174173.0,,,,,,,,,,,,,,
174174.0,,,,,,,,,,,,,,
174175.0,,,,,,,,,,,,,,
174176.0,,,,,,,,,,,,,,
174177.0,,,,,,,,,,,,,,
174178.0,,,,,,,,,,,,,,
174179.0,,,,,,,,,,,,,,
174180.0,,,,,,,,,,,,,,
174181.0,,,,,,,,,,,,,,
174182.0,,,,,,,,,,,,,,
174183.0,,,,,,,,,,,,,,
174184.0,,,,,,,,,,,,,,
174185.0,,,,,,,,,,,,,,
174186.0,,,,,,,,,,,,,,
174187.0,,,,,,,,,,,,,,
174188.0,,,,,,,,,,,,,,
174189.0,,,,,,,,,,,,,,
174190.0,,,,,,,,,,,,,,
174191.0,,,,,,,,,,,,,,
174192.0,,,,,,,,,,,,,,
174193.0,,,,,,,,,,,,,,
174194.0,,,,,,,,,,,,,,
174195.0,,,,,,,,,,,,,,
174196.0,,,,,,,,,,,,,,
174197.0,,,,,,,,,,,,,,
174198.0,,,,,,,,,,,,,,
174199.0,,,,,,,,,,,,,,
174200.0,,,,,,,,,,,,,,
174201.0,,,,,,,,,,,,,,
174202.0,,,,,,,,,,,,,,
174203.0,,,,,,,,,,,,,,
174204.0,,,,,,,,,,,,,,
174205.0,,,,,,,,,,,,,,
174206.0,,,,,,,,,,,,,,
174207.0,,,,,,,,,,,,,,
174208.0,,,,,,,,,,,,,,
174209.0,,,,,,,,,,,,,,
174210.0,,,,,,,,,,,,,,
174211.0,,,,,,,,,,,,,,
174212.0,,,,,,,,,,,,,,
174213.0,,,,,,,,,,,,,,
174214.0,,,,,,,,,,,,,,
174215.0,,,,,,,,,,,,,,
174216.0,,,,,,,,,,,,,,
174217.0,,,,,,,,,,,,,,
174218.0,,,,,,,,,,,,,,
174219.0,,,,,,,,,,,,,,
174220.0,,,,,,,,,,,,,,
174221.0,,,,,,,,,,,,,,
174222.0,,,,,,,,,,,,,,
174223.0,,,,,,,,,,,,,,
174224.0,,,,,,,,,,,,,,
174225.0,,,,,,,,,,,,,,
174226.0,,,,,,,,,,,,,,
174227.0,,,,,,,,,,,,,,
174228.0,,,,,,,,,,,,,,
174229.0,,,,,,,,,,,,,,
174230.0,,,,,,,,,,,,,,
174231.0,,,,,,,,,,,,,,
174232.0,,,,,,,,,,,,,,
174233.0,,,,,,,,,,,,,,
174234.0,,,,,,,,,,,,,,
174235.0,,,,,,,,,,,,,,
174236.0,,,,,,,,,,,,,,
174237.0,,,,,,,,,,,,,,
174238.0,,,,,,,,,,,,,,
174239.0,,,,,,,,,,,,,,
174240.0,,,,,,,,,,,,,,
174241.0,,,,,,,,,,,,,,
174242.0,,,,,,,,,,,,,,
174243.0,,,,,,,,,,,,,,
174244.0,,,,,,,,,,,,,,
174245.0,,,,,,,,,,,,,,
174246.0,,,,,,,,,,,,,,
174247.0,,,,,,,,,,,,,,
174248.0,,,,,,,,,,,,,,
174249.0,,,,,,,,,,,,,,
174250.0,,,,,,,,,,,,,,
174251.0,,,,,,,,,,,,,,
174252.0,,,,,,,,,,,,,,
174253.0,,,,,,,,,,,,,,
174254.0,,,,,,,,,,,,,,
174255.0,,,,,,,,,,,,,,
174256.0,,,,,,,,,,,,,,
174257.0,,,,,,,,,,,,,,
174258.0,,,,,,,,,,,,,,
174259.0,,,,,,,,,,,,,,
174260.0,,,,,,,,,,,,,,
174261.0,,,,,,,,,,,,,,
174262.0,,,,,,,,,,,,,,
174263.0,,,,,,,,,,,,,,
174264.0,,,,,,,,,,,,,,
174265.0,,,,,,,,,,,,,,
174266.0,,,,,,,,,,,,,,
174267.0,,,,,,,,,,,,,,
174268.0,,,,,,,,,,,,,,
174269.0,,,,,,,,,,,,,,
174270.0,,,,,,,,,,,,,,
174271.0,,,,,,,,,,,,,,
174272.0,,,,,,,,,,,,,,
174273.0,,,,,,,,,,,,,,
174274.0,,,,,,,,,,,,,,
174275.0,,,,,,,,,,,,,,
174276.0,,,,,,,,,,,,,,
174277.0,,,,,,,,,,,,,,
174278.0,,,,,,,,,,,,,,
174279.0,,,,,,,,,,,,,,
174280.0,,,,,,,,,,,,,,
174281.0,,,,,,,,,,,,,,
174282.0,,,,,,,,,,,,,,
174283.0,,,,,,,,,,,,,,
174284.0,,,,,,,,,,,,,,
174285.0,,,,,,,,,,,,,,
174286.0,,,,,,,,,,,,,,
174287.0,,,,,,,,,,,,,,
174288.0,,,,,,,,,,,,,,
174289.0,,,,,,,,,,,,,,
174290.0,,,,,,,,,,,,,,
174291.0,,,,,,,,,,,,,,
174292.0,,,,,,,,,,,,,,
174293.0,,,,,,,,,,,,,,
174294.0,,,,,,,,,,,,,,
174295.0,,,,,,,,,,,,,,
174296.0,,,,,,,,,,,,,,
174297.0,,,,,,,,,,,,,,
174298.0,,,,,,,,,,,,,,
174299.0,,,,,,,,,,,,,,
174300.0,,,,,,,,,,,,,,
174301.0,,,,,,,,,,,,,,
174302.0,,,,,,,,,,,,,,
174303.0,,,,,,,,,,,,,,
174304.0,,,,,,,,,,,,,,
174305.0,,,,,,,,,,,,,,
174306.0,,,,,,,,,,,,,,
174307.0,,,,,,,,,,,,,,
174308.0,,,,,,,,,,,,,,
174309.0,,,,,,,,,,,,,,
174310.0,,,,,,,,,,,,,,
174311.0,,,,,,,,,,,,,,
174312.0,,,,,,,,,,,,,,
174313.0,,,,,,,,,,,,,,
174314.0,,,,,,,,,,,,,,
174315.0,,,,,,,,,,,,,,
174316.0,,,,,,,,,,,,,,
174317.0,,,,,,,,,,,,,,
174318.0,,,,,,,,,,,,,,
174319.0,,,,,,,,,,,,,,
174320.0,,,,,,,,,,,,,,
174321.0,,,,,,,,,,,,,,
174322.0,,,,,,,,,,,,,,
174323.0,,,,,,,,,,,,,,
174324.0,,,,,,,,,,,,,,
174325.0,,,,,,,,,,,,,,
174326.0,,,,,,,,,,,,,,
174327.0,,,,,,,,,,,,,,
174328.0,,,,,,,,,,,,,,
174329.0,,,,,,,,,,,,,,
174330.0,,,,,,,,,,,,,,
174331.0,,,,,,,,,,,,,,
174332.0,,,,,,,,,,,,,,
174333.0,,,,,,,,,,,,,,
174334.0,,,,,,,,,,,,,,
174335.0,,,,,,,,,,,,,,
174336.0,,,,,,,,,,,,,,
174337.0,,,,,,,,,,,,,,
174338.0,,,,,,,,,,,,,,
174339.0,,,,,,,,,,,,,,
174340.0,,,,,,,,,,,,,,
174341.0,,,,,,,,,,,,,,
174342.0,,,,,,,,,,,,,,
174343.0,,,,,,,,,,,,,,
174344.0,,,,,,,,,,,,,,
174345.0,,,,,,,,,,,,,,
174346.0,,,,,,,,,,,,,,
174347.0,,,,,,,,,,,,,,
174348.0,,,,,,,,,,,,,,
174349.0,,,,,,,,,,,,,,
174350.0,,,,,,,,,,,,,,
174351.0,,,,,,,,,,,,,,
174352.0,,,,,,,,,,,,,,
174353.0,,,,,,,,,,,,,,
174354.0,,,,,,,,,,,,,,
174355.0,,,,,,,,,,,,,,
174356.0,,,,,,,,,,,,,,
174357.0,,,,,,,,,,,,,,
174358.0,,,,,,,,,,,,,,
174359.0,,,,,,,,,,,,,,
174360.0,,,,,,,,,,,,,,
174361.0,,,,,,,,,,,,,,
174362.0,,,,,,,,,,,,,,
174363.0,,,,,,,,,,,,,,
174364.0,,,,,,,,,,,,,,
174365.0,,,,,,,,,,,,,,
174366.0,,,,,,,,,,,,,,
174367.0,,,,,,,,,,,,,,
174368.0,,,,,,,,,,,,,,
174369.0,,,,,,,,,,,,,,
174370.0,,,,,,,,,,,,,,
174371.0,,,,,,,,,,,,,,
174372.0,,,,,,,,,,,,,,
174373.0,,,,,,,,,,,,,,
174374.0,,,,,,,,,,,,,,
174375.0,,,,,,,,,,,,,,
174376.0,,,,,,,,,,,,,,
174377.0,,,,,,,,,,,,,,
174378.0,,,,,,,,,,,,,,
174379.0,,,,,,,,,,,,,,
174380.0,,,,,,,,,,,,,,
174381.0,,,,,,,,,,,,,,
174382.0,,,,,,,,,,,,,,
174383.0,,,,,,,,,,,,,,
174384.0,,,,,,,,,,,,,,
174385.0,,,,,,,,,,,,,,
174386.0,,,,,,,,,,,,,,
174387.0,,,,,,,,,,,,,,
174388.0,,,,,,,,,,,,,,
174389.0,,,,,,,,,,,,,,
174390.0,,,,,,,,,,,,,,
174391.0,,,,,,,,,,,,,,
174392.0,,,,,,,,,,,,,,
174393.0,,,,,,,,,,,,,,
174394.0,,,,,,,,,,,,,,
174395.0,,,,,,,,,,,,,,
174396.0,,,,,,,,,,,,,,
174397.0,,,,,,,,,,,,,,
174398.0,,,,,,,,,,,,,,
174399.0,,,,,,,,,,,,,,
174400.0,,,,,,,,,,,,,,
174401.0,,,,,,,,,,,,,,
174402.0,,,,,,,,,,,,,,
174403.0,,,,,,,,,,,,,,
174404.0,,,,,,,,,,,,,,
174405.0,,,,,,,,,,,,,,
174406.0,,,,,,,,,,,,,,
174407.0,,,,,,,,,,,,,,
174408.0,,,,,,,,,,,,,,
174409.0,,,,,,,,,,,,,,
174410.0,,,,,,,,,,,,,,
174411.0,,,,,,,,,,,,,,
174412.0,,,,,,,,,,,,,,
174413.0,,,,,,,,,,,,,,
174414.0,,,,,,,,,,,,,,
174415.0,,,,,,,,,,,,,,
174416.0,,,,,,,,,,,,,,
174417.0,,,,,,,,,,,,,,
174418.0,,,,,,,,,,,,,,
174419.0,,,,,,,,,,,,,,
174420.0,,,,,,,,,,,,,,
174421.0,,,,,,,,,,,,,,
174422.0,,,,,,,,,,,,,,
174423.0,,,,,,,,,,,,,,
174424.0,,,,,,,,,,,,,,
174425.0,,,,,,,,,,,,,,
174426.0,,,,,,,,,,,,,,
174427.0,,,,,,,,,,,,,,
174428.0,,,,,,,,,,,,,,
174429.0,,,,,,,,,,,,,,
174430.0,,,,,,,,,,,,,,
174431.0,,,,,,,,,,,,,,
174432.0,,,,,,,,,,,,,,
174433.0,,,,,,,,,,,,,,
174434.0,,,,,,,,,,,,,,
174435.0,,,,,,,,,,,,,,
174436.0,,,,,,,,,,,,,,
174437.0,,,,,,,,,,,,,,
174438.0,,,,,,,,,,,,,,
174439.0,,,,,,,,,,,,,,
174440.0,,,,,,,,,,,,,,
174441.0,,,,,,,,,,,,,,
174442.0,,,,,,,,,,,,,,
174443.0,,,,,,,,,,,,,,
174444.0,,,,,,,,,,,,,,
174445.0,,,,,,,,,,,,,,
174446.0,,,,,,,,,,,,,,
174447.0,,,,,,,,,,,,,,
174448.0,,,,,,,,,,,,,,
174449.0,,,,,,,,,,,,,,
174450.0,,,,,,,,,,,,,,
174451.0,,,,,,,,,,,,,,
174452.0,,,,,,,,,,,,,,
174453.0,,,,,,,,,,,,,,
174454.0,,,,,,,,,,,,,,
174455.0,,,,,,,,,,,,,,
174456.0,,,,,,,,,,,,,,
174457.0,,,,,,,,,,,,,,
174458.0,,,,,,,,,,,,,,
174459.0,,,,,,,,,,,,,,
174460.0,,,,,,,,,,,,,,
174461.0,,,,,,,,,,,,,,
174462.0,,,,,,,,,,,,,,
174463.0,,,,,,,,,,,,,,
174464.0,,,,,,,,,,,,,,
174465.0,,,,,,,,,,,,,,
174466.0,,,,,,,,,,,,,,
174467.0,,,,,,,,,,,,,,
174468.0,,,,,,,,,,,,,,
174469.0,,,,,,,,,,,,,,
174470.0,,,,,,,,,,,,,,
174471.0,,,,,,,,,,,,,,
174472.0,,,,,,,,,,,,,,
174473.0,,,,,,,,,,,,,,
174474.0,,,,,,,,,,,,,,
174475.0,,,,,,,,,,,,,,
174476.0,,,,,,,,,,,,,,
174477.0,,,,,,,,,,,,,,
174478.0,,,,,,,,,,,,,,
174479.0,,,,,,,,,,,,,,
174480.0,,,,,,,,,,,,,,
174481.0,,,,,,,,,,,,,,
174482.0,,,,,,,,,,,,,,
174483.0,,,,,,,,,,,,,,
174484.0,,,,,,,,,,,,,,
174485.0,,,,,,,,,,,,,,
174486.0,,,,,,,,,,,,,,
174487.0,,,,,,,,,,,,,,
174488.0,,,,,,,,,,,,,,
174489.0,,,,,,,,,,,,,,
174490.0,,,,,,,,,,,,,,
174491.0,,,,,,,,,,,,,,
174492.0,,,,,,,,,,,,,,
174493.0,,,,,,,,,,,,,,
174494.0,,,,,,,,,,,,,,
174495.0,,,,,,,,,,,,,,
174496.0,,,,,,,,,,,,,,
174497.0,,,,,,,,,,,,,,
174498.0,,,,,,,,,,,,,,
174499.0,,,,,,,,,,,,,,
174500.0,,,,,,,,,,,,,,
174501.0,,,,,,,,,,,,,,
174502.0,,,,,,,,,,,,,,
174503.0,,,,,,,,,,,,,,
174504.0,,,,,,,,,,,,,,
174505.0,,,,,,,,,,,,,,
174506.0,,,,,,,,,,,,,,
174507.0,,,,,,,,,,,,,,
174508.0,,,,,,,,,,,,,,
174509.0,,,,,,,,,,,,,,
174510.0,,,,,,,,,,,,,,
174511.0,,,,,,,,,,,,,,
174512.0,,,,,,,,,,,,,,
174513.0,,,,,,,,,,,,,,
174514.0,,,,,,,,,,,,,,
174515.0,,,,,,,,,,,,,,
174516.0,,,,,,,,,,,,,,
174517.0,,,,,,,,,,,,,,
174518.0,,,,,,,,,,,,,,
174519.0,,,,,,,,,,,,,,
174520.0,,,,,,,,,,,,,,
174521.0,,,,,,,,,,,,,,
174522.0,,,,,,,,,,,,,,
174523.0,,,,,,,,,,,,,,
174524.0,,,,,,,,,,,,,,
174525.0,,,,,,,,,,,,,,
174526.0,,,,,,,,,,,,,,
174527.0,,,,,,,,,,,,,,
174528.0,,,,,,,,,,,,,,
174529.0,,,,,,,,,,,,,,
174530.0,,,,,,,,,,,,,,
174531.0,,,,,,,,,,,,,,
174532.0,,,,,,,,,,,,,,
174533.0,,,,,,,,,,,,,,
174534.0,,,,,,,,,,,,,,
174535.0,,,,,,,,,,,,,,
174536.0,,,,,,,,,,,,,,
174537.0,,,,,,,,,,,,,,
174538.0,,,,,,,,,,,,,,
174539.0,,,,,,,,,,,,,,
174540.0,,,,,,,,,,,,,,
174541.0,,,,,,,,,,,,,,
174542.0,,,,,,,,,,,,,,
174543.0,,,,,,,,,,,,,,
174544.0,,,,,,,,,,,,,,
174545.0,,,,,,,,,,,,,,
174546.0,,,,,,,,,,,,,,
174547.0,,,,,,,,,,,,,,
174548.0,,,,,,,,,,,,,,
174549.0,,,,,,,,,,,,,,
174550.0,,,,,,,,,,,,,,
174551.0,,,,,,,,,,,,,,
174552.0,,,,,,,,,,,,,,
174553.0,,,,,,,,,,,,,,
174554.0,,,,,,,,,,,,,,
174555.0,,,,,,,,,,,,,,
174556.0,,,,,,,,,,,,,,
174557.0,,,,,,,,,,,,,,
174558.0,,,,,,,,,,,,,,
174559.0,,,,,,,,,,,,,,
174560.0,,,,,,,,,,,,,,
174561.0,,,,,,,,,,,,,,
174562.0,,,,,,,,,,,,,,
174563.0,,,,,,,,,,,,,,
174564.0,,,,,,,,,,,,,,
174565.0,,,,,,,,,,,,,,
174566.0,,,,,,,,,,,,,,
174567.0,,,,,,,,,,,,,,
174568.0,,,,,,,,,,,,,,
174569.0,,,,,,,,,,,,,,
174570.0,,,,,,,,,,,,,,
174571.0,,,,,,,,,,,,,,
174572.0,,,,,,,,,,,,,,
174573.0,,,,,,,,,,,,,,
174574.0,,,,,,,,,,,,,,
174575.0,,,,,,,,,,,,,,
174576.0,,,,,,,,,,,,,,
174577.0,,,,,,,,,,,,,,
174578.0,,,,,,,,,,,,,,
174579.0,,,,,,,,,,,,,,
174580.0,,,,,,,,,,,,,,
174581.0,,,,,,,,,,,,,,
174582.0,,,,,,,,,,,,,,
174583.0,,,,,,,,,,,,,,
174584.0,,,,,,,,,,,,,,
174585.0,,,,,,,,,,,,,,
174586.0,,,,,,,,,,,,,,
174587.0,,,,,,,,,,,,,,
174588.0,,,,,,,,,,,,,,
174589.0,,,,,,,,,,,,,,
174590.0,,,,,,,,,,,,,,
174591.0,,,,,,,,,,,,,,
174592.0,,,,,,,,,,,,,,
174593.0,,,,,,,,,,,,,,
174594.0,,,,,,,,,,,,,,
174595.0,,,,,,,,,,,,,,
174596.0,,,,,,,,,,,,,,
174597.0,,,,,,,,,,,,,,
174598.0,,,,,,,,,,,,,,
174599.0,,,,,,,,,,,,,,
174600.0,,,,,,,,,,,,,,
174601.0,,,,,,,,,,,,,,
174602.0,,,,,,,,,,,,,,
174603.0,,,,,,,,,,,,,,
174604.0,,,,,,,,,,,,,,
174605.0,,,,,,,,,,,,,,
174606.0,,,,,,,,,,,,,,
174607.0,,,,,,,,,,,,,,
174608.0,,,,,,,,,,,,,,
174609.0,,,,,,,,,,,,,,
174610.0,,,,,,,,,,,,,,
174611.0,,,,,,,,,,,,,,
174612.0,,,,,,,,,,,,,,
174613.0,,,,,,,,,,,,,,
174614.0,,,,,,,,,,,,,,
174615.0,,,,,,,,,,,,,,
174616.0,,,,,,,,,,,,,,
174617.0,,,,,,,,,,,,,,
174618.0,,,,,,,,,,,,,,
174619.0,,,,,,,,,,,,,,
174620.0,,,,,,,,,,,,,,
174621.0,,,,,,,,,,,,,,
174622.0,,,,,,,,,,,,,,
174623.0,,,,,,,,,,,,,,
174624.0,,,,,,,,,,,,,,
174625.0,,,,,,,,,,,,,,
174626.0,,,,,,,,,,,,,,
174627.0,,,,,,,,,,,,,,
174628.0,,,,,,,,,,,,,,
174629.0,,,,,,,,,,,,,,
174630.0,,,,,,,,,,,,,,
174631.0,,,,,,,,,,,,,,
174632.0,,,,,,,,,,,,,,
174633.0,,,,,,,,,,,,,,
174634.0,,,,,,,,,,,,,,
174635.0,,,,,,,,,,,,,,
174636.0,,,,,,,,,,,,,,
174637.0,,,,,,,,,,,,,,
174638.0,,,,,,,,,,,,,,
174639.0,,,,,,,,,,,,,,
174640.0,,,,,,,,,,,,,,
174641.0,,,,,,,,,,,,,,
174642.0,,,,,,,,,,,,,,
174643.0,,,,,,,,,,,,,,
174644.0,,,,,,,,,,,,,,
174645.0,,,,,,,,,,,,,,
174646.0,,,,,,,,,,,,,,
174647.0,,,,,,,,,,,,,,
174648.0,,,,,,,,,,,,,,
174649.0,,,,,,,,,,,,,,
174650.0,,,,,,,,,,,,,,
174651.0,,,,,,,,,,,,,,
174652.0,,,,,,,,,,,,,,
174653.0,,,,,,,,,,,,,,
174654.0,,,,,,,,,,,,,,
174655.0,,,,,,,,,,,,,,
174656.0,,,,,,,,,,,,,,
174657.0,,,,,,,,,,,,,,
174658.0,,,,,,,,,,,,,,
174659.0,,,,,,,,,,,,,,
174660.0,,,,,,,,,,,,,,
174661.0,,,,,,,,,,,,,,
174662.0,,,,,,,,,,,,,,
174663.0,,,,,,,,,,,,,,
174664.0,,,,,,,,,,,,,,
174665.0,,,,,,,,,,,,,,
174666.0,,,,,,,,,,,,,,
174667.0,,,,,,,,,,,,,,
174668.0,,,,,,,,,,,,,,
174669.0,,,,,,,,,,,,,,
174670.0,,,,,,,,,,,,,,
174671.0,,,,,,,,,,,,,,
174672.0,,,,,,,,,,,,,,
174673.0,,,,,,,,,,,,,,
174674.0,,,,,,,,,,,,,,
174675.0,,,,,,,,,,,,,,
174676.0,,,,,,,,,,,,,,
174677.0,,,,,,,,,,,,,,
174678.0,,,,,,,,,,,,,,
174679.0,,,,,,,,,,,,,,
174680.0,,,,,,,,,,,,,,
174681.0,,,,,,,,,,,,,,
174682.0,,,,,,,,,,,,,,
174683.0,,,,,,,,,,,,,,
174684.0,,,,,,,,,,,,,,
174685.0,,,,,,,,,,,,,,
174686.0,,,,,,,,,,,,,,
174687.0,,,,,,,,,,,,,,
174688.0,,,,,,,,,,,,,,
174689.0,,,,,,,,,,,,,,
174690.0,,,,,,,,,,,,,,
174691.0,,,,,,,,,,,,,,
174692.0,,,,,,,,,,,,,,
174693.0,,,,,,,,,,,,,,
174694.0,,,,,,,,,,,,,,
174695.0,,,,,,,,,,,,,,
174696.0,,,,,,,,,,,,,,
174697.0,,,,,,,,,,,,,,
174698.0,,,,,,,,,,,,,,
174699.0,,,,,,,,,,,,,,
174700.0,,,,,,,,,,,,,,
174701.0,,,,,,,,,,,,,,
174702.0,,,,,,,,,,,,,,
174703.0,,,,,,,,,,,,,,
174704.0,,,,,,,,,,,,,,
174705.0,,,,,,,,,,,,,,
174706.0,,,,,,,,,,,,,,
174707.0,,,,,,,,,,,,,,
174708.0,,,,,,,,,,,,,,
174709.0,,,,,,,,,,,,,,
174710.0,,,,,,,,,,,,,,
174711.0,,,,,,,,,,,,,,
174712.0,,,,,,,,,,,,,,
174713.0,,,,,,,,,,,,,,
174714.0,,,,,,,,,,,,,,
174715.0,,,,,,,,,,,,,,
174716.0,,,,,,,,,,,,,,
174717.0,,,,,,,,,,,,,,
174718.0,,,,,,,,,,,,,,
174719.0,,,,,,,,,,,,,,
174720.0,,,,,,,,,,,,,,
174721.0,,,,,,,,,,,,,,
174722.0,,,,,,,,,,,,,,
174723.0,,,,,,,,,,,,,,
174724.0,,,,,,,,,,,,,,
174725.0,,,,,,,,,,,,,,
174726.0,,,,,,,,,,,,,,
174727.0,,,,,,,,,,,,,,
174728.0,,,,,,,,,,,,,,
174729.0,,,,,,,,,,,,,,
174730.0,,,,,,,,,,,,,,
174731.0,,,,,,,,,,,,,,
174732.0,,,,,,,,,,,,,,
174733.0,,,,,,,,,,,,,,
174734.0,,,,,,,,,,,,,,
174735.0,,,,,,,,,,,,,,
174736.0,,,,,,,,,,,,,,
174737.0,,,,,,,,,,,,,,
174738.0,,,,,,,,,,,,,,
174739.0,,,,,,,,,,,,,,
174740.0,,,,,,,,,,,,,,
174741.0,,,,,,,,,,,,,,
174742.0,,,,,,,,,,,,,,
174743.0,,,,,,,,,,,,,,
174744.0,,,,,,,,,,,,,,
174745.0,,,,,,,,,,,,,,
174746.0,,,,,,,,,,,,,,
174747.0,,,,,,,,,,,,,,
174748.0,,,,,,,,,,,,,,
174749.0,,,,,,,,,,,,,,
174750.0,,,,,,,,,,,,,,
174751.0,,,,,,,,,,,,,,
174752.0,,,,,,,,,,,,,,
174753.0,,,,,,,,,,,,,,
174754.0,,,,,,,,,,,,,,
174755.0,,,,,,,,,,,,,,
174756.0,,,,,,,,,,,,,,
174757.0,,,,,,,,,,,,,,
174758.0,,,,,,,,,,,,,,
174759.0,,,,,,,,,,,,,,
174760.0,,,,,,,,,,,,,,
174761.0,,,,,,,,,,,,,,
174762.0,,,,,,,,,,,,,,
174763.0,,,,,,,,,,,,,,
174764.0,,,,,,,,,,,,,,
174765.0,,,,,,,,,,,,,,
174766.0,,,,,,,,,,,,,,
174767.0,,,,,,,,,,,,,,
174768.0,,,,,,,,,,,,,,
174769.0,,,,,,,,,,,,,,
174770.0,,,,,,,,,,,,,,
174771.0,,,,,,,,,,,,,,
174772.0,,,,,,,,,,,,,,
174773.0,,,,,,,,,,,,,,
174774.0,,,,,,,,,,,,,,
174775.0,,,,,,,,,,,,,,
174776.0,,,,,,,,,,,,,,
174777.0,,,,,,,,,,,,,,
174778.0,,,,,,,,,,,,,,
174779.0,,,,,,,,,,,,,,
174780.0,,,,,,,,,,,,,,
174781.0,,,,,,,,,,,,,,
174782.0,,,,,,,,,,,,,,
174783.0,,,,,,,,,,,,,,
174784.0,,,,,,,,,,,,,,
174785.0,,,,,,,,,,,,,,
174786.0,,,,,,,,,,,,,,
174787.0,,,,,,,,,,,,,,
174788.0,,,,,,,,,,,,,,
174789.0,,,,,,,,,,,,,,
174790.0,,,,,,,,,,,,,,
174791.0,,,,,,,,,,,,,,
174792.0,,,,,,,,,,,,,,
174793.0,,,,,,,,,,,,,,
174794.0,,,,,,,,,,,,,,
174795.0,,,,,,,,,,,,,,
174796.0,,,,,,,,,,,,,,
174797.0,,,,,,,,,,,,,,
174798.0,,,,,,,,,,,,,,
174799.0,,,,,,,,,,,,,,
174800.0,,,,,,,,,,,,,,
174801.0,,,,,,,,,,,,,,
174802.0,,,,,,,,,,,,,,
174803.0,,,,,,,,,,,,,,
174804.0,,,,,,,,,,,,,,
174805.0,,,,,,,,,,,,,,
174806.0,,,,,,,,,,,,,,
174807.0,,,,,,,,,,,,,,
174808.0,,,,,,,,,,,,,,
174809.0,,,,,,,,,,,,,,
174810.0,,,,,,,,,,,,,,
174811.0,,,,,,,,,,,,,,
174812.0,,,,,,,,,,,,,,
174813.0,,,,,,,,,,,,,,
174814.0,,,,,,,,,,,,,,
174815.0,,,,,,,,,,,,,,
174816.0,,,,,,,,,,,,,,
174817.0,,,,,,,,,,,,,,
174818.0,,,,,,,,,,,,,,
174819.0,,,,,,,,,,,,,,
174820.0,,,,,,,,,,,,,,
174821.0,,,,,,,,,,,,,,
174822.0,,,,,,,,,,,,,,
174823.0,,,,,,,,,,,,,,
174824.0,,,,,,,,,,,,,,
174825.0,,,,,,,,,,,,,,
174826.0,,,,,,,,,,,,,,
174827.0,,,,,,,,,,,,,,
174828.0,,,,,,,,,,,,,,
174829.0,,,,,,,,,,,,,,
174830.0,,,,,,,,,,,,,,
174831.0,,,,,,,,,,,,,,
174832.0,,,,,,,,,,,,,,
174833.0,,,,,,,,,,,,,,
174834.0,,,,,,,,,,,,,,
174835.0,,,,,,,,,,,,,,
174836.0,,,,,,,,,,,,,,
174837.0,,,,,,,,,,,,,,
174838.0,,,,,,,,,,,,,,
174839.0,,,,,,,,,,,,,,
174840.0,,,,,,,,,,,,,,
174841.0,,,,,,,,,,,,,,
174842.0,,,,,,,,,,,,,,
174843.0,,,,,,,,,,,,,,
174844.0,,,,,,,,,,,,,,
174845.0,,,,,,,,,,,,,,
174846.0,,,,,,,,,,,,,,
174847.0,,,,,,,,,,,,,,
174848.0,,,,,,,,,,,,,,
174849.0,,,,,,,,,,,,,,
174850.0,,,,,,,,,,,,,,
174851.0,,,,,,,,,,,,,,
174852.0,,,,,,,,,,,,,,
174853.0,,,,,,,,,,,,,,
174854.0,,,,,,,,,,,,,,
174855.0,,,,,,,,,,,,,,
174856.0,,,,,,,,,,,,,,
174857.0,,,,,,,,,,,,,,
174858.0,,,,,,,,,,,,,,
174859.0,,,,,,,,,,,,,,
174860.0,,,,,,,,,,,,,,
174861.0,,,,,,,,,,,,,,
174862.0,,,,,,,,,,,,,,
174863.0,,,,,,,,,,,,,,
174864.0,,,,,,,,,,,,,,
174865.0,,,,,,,,,,,,,,
174866.0,,,,,,,,,,,,,,
174867.0,,,,,,,,,,,,,,
174868.0,,,,,,,,,,,,,,
174869.0,,,,,,,,,,,,,,
174870.0,,,,,,,,,,,,,,
174871.0,,,,,,,,,,,,,,
174872.0,,,,,,,,,,,,,,
174873.0,,,,,,,,,,,,,,
174874.0,,,,,,,,,,,,,,
174875.0,,,,,,,,,,,,,,
174876.0,,,,,,,,,,,,,,
174877.0,,,,,,,,,,,,,,
174878.0,,,,,,,,,,,,,,
174879.0,,,,,,,,,,,,,,
174880.0,,,,,,,,,,,,,,
174881.0,,,,,,,,,,,,,,
174882.0,,,,,,,,,,,,,,
174883.0,,,,,,,,,,,,,,
174884.0,,,,,,,,,,,,,,
174885.0,,,,,,,,,,,,,,
174886.0,,,,,,,,,,,,,,
174887.0,,,,,,,,,,,,,,
174888.0,,,,,,,,,,,,,,
174889.0,,,,,,,,,,,,,,
174890.0,,,,,,,,,,,,,,
174891.0,,,,,,,,,,,,,,
174892.0,,,,,,,,,,,,,,
174893.0,,,,,,,,,,,,,,
174894.0,,,,,,,,,,,,,,
174895.0,,,,,,,,,,,,,,
174896.0,,,,,,,,,,,,,,
174897.0,,,,,,,,,,,,,,
174898.0,,,,,,,,,,,,,,
174899.0,,,,,,,,,,,,,,
174900.0,,,,,,,,,,,,,,
174901.0,,,,,,,,,,,,,,
174902.0,,,,,,,,,,,,,,
174903.0,,,,,,,,,,,,,,
174904.0,,,,,,,,,,,,,,
174905.0,,,,,,,,,,,,,,
174906.0,,,,,,,,,,,,,,
174907.0,,,,,,,,,,,,,,
174908.0,,,,,,,,,,,,,,
174909.0,,,,,,,,,,,,,,
174910.0,,,,,,,,,,,,,,
174911.0,,,,,,,,,,,,,,
174912.0,,,,,,,,,,,,,,
174913.0,,,,,,,,,,,,,,
174914.0,,,,,,,,,,,,,,
174915.0,,,,,,,,,,,,,,
174916.0,,,,,,,,,,,,,,
174917.0,,,,,,,,,,,,,,
174918.0,,,,,,,,,,,,,,
174919.0,,,,,,,,,,,,,,
174920.0,,,,,,,,,,,,,,
174921.0,,,,,,,,,,,,,,
174922.0,,,,,,,,,,,,,,
174923.0,,,,,,,,,,,,,,
174924.0,,,,,,,,,,,,,,
174925.0,,,,,,,,,,,,,,
174926.0,,,,,,,,,,,,,,
174927.0,,,,,,,,,,,,,,
174928.0,,,,,,,,,,,,,,
174929.0,,,,,,,,,,,,,,
174930.0,,,,,,,,,,,,,,
174931.0,,,,,,,,,,,,,,
174932.0,,,,,,,,,,,,,,
174933.0,,,,,,,,,,,,,,
174934.0,,,,,,,,,,,,,,
174935.0,,,,,,,,,,,,,,
174936.0,,,,,,,,,,,,,,
174937.0,,,,,,,,,,,,,,
174938.0,,,,,,,,,,,,,,
174939.0,,,,,,,,,,,,,,
174940.0,,,,,,,,,,,,,,
174941.0,,,,,,,,,,,,,,
174942.0,,,,,,,,,,,,,,
174943.0,,,,,,,,,,,,,,
174944.0,,,,,,,,,,,,,,
174945.0,,,,,,,,,,,,,,
174946.0,,,,,,,,,,,,,,
174947.0,,,,,,,,,,,,,,
174948.0,,,,,,,,,,,,,,
174949.0,,,,,,,,,,,,,,
174950.0,,,,,,,,,,,,,,
174951.0,,,,,,,,,,,,,,
174952.0,,,,,,,,,,,,,,
174953.0,,,,,,,,,,,,,,
174954.0,,,,,,,,,,,,,,
174955.0,,,,,,,,,,,,,,
174956.0,,,,,,,,,,,,,,
174957.0,,,,,,,,,,,,,,
174958.0,,,,,,,,,,,,,,
174959.0,,,,,,,,,,,,,,
174960.0,,,,,,,,,,,,,,
174961.0,,,,,,,,,,,,,,
174962.0,,,,,,,,,,,,,,
174963.0,,,,,,,,,,,,,,
174964.0,,,,,,,,,,,,,,
174965.0,,,,,,,,,,,,,,
174966.0,,,,,,,,,,,,,,
174967.0,,,,,,,,,,,,,,
174968.0,,,,,,,,,,,,,,
174969.0,,,,,,,,,,,,,,
174970.0,,,,,,,,,,,,,,
174971.0,,,,,,,,,,,,,,
174972.0,,,,,,,,,,,,,,
174973.0,,,,,,,,,,,,,,
174974.0,,,,,,,,,,,,,,
174975.0,,,,,,,,,,,,,,
174976.0,,,,,,,,,,,,,,
174977.0,,,,,,,,,,,,,,
174978.0,,,,,,,,,,,,,,
174979.0,,,,,,,,,,,,,,
174980.0,,,,,,,,,,,,,,
174981.0,,,,,,,,,,,,,,
174982.0,,,,,,,,,,,,,,
174983.0,,,,,,,,,,,,,,
174984.0,,,,,,,,,,,,,,
174985.0,,,,,,,,,,,,,,
174986.0,,,,,,,,,,,,,,
174987.0,,,,,,,,,,,,,,
174988.0,,,,,,,,,,,,,,
174989.0,,,,,,,,,,,,,,
174990.0,,,,,,,,,,,,,,
174991.0,,,,,,,,,,,,,,
174992.0,,,,,,,,,,,,,,
174993.0,,,,,,,,,,,,,,
174994.0,,,,,,,,,,,,,,
174995.0,,,,,,,,,,,,,,
174996.0,,,,,,,,,,,,,,
174997.0,,,,,,,,,,,,,,
174998.0,,,,,,,,,,,,,,
174999.0,,,,,,,,,,,,,,
175000.0,,,,,,,,,,,,,,
175001.0,,,,,,,,,,,,,,
175002.0,,,,,,,,,,,,,,
175003.0,,,,,,,,,,,,,,
175004.0,,,,,,,,,,,,,,
175005.0,,,,,,,,,,,,,,
175006.0,,,,,,,,,,,,,,
175007.0,,,,,,,,,,,,,,
175008.0,,,,,,,,,,,,,,
175009.0,,,,,,,,,,,,,,
175010.0,,,,,,,,,,,,,,
175011.0,,,,,,,,,,,,,,
175012.0,,,,,,,,,,,,,,
175013.0,,,,,,,,,,,,,,
175014.0,,,,,,,,,,,,,,
175015.0,,,,,,,,,,,,,,
175016.0,,,,,,,,,,,,,,
175017.0,,,,,,,,,,,,,,
175018.0,,,,,,,,,,,,,,
175019.0,,,,,,,,,,,,,,
175020.0,,,,,,,,,,,,,,
175021.0,,,,,,,,,,,,,,
175022.0,,,,,,,,,,,,,,
175023.0,,,,,,,,,,,,,,
175024.0,,,,,,,,,,,,,,
175025.0,,,,,,,,,,,,,,
175026.0,,,,,,,,,,,,,,
175027.0,,,,,,,,,,,,,,
175028.0,,,,,,,,,,,,,,
175029.0,,,,,,,,,,,,,,
175030.0,,,,,,,,,,,,,,
175031.0,,,,,,,,,,,,,,
175032.0,,,,,,,,,,,,,,
175033.0,,,,,,,,,,,,,,
175034.0,,,,,,,,,,,,,,
175035.0,,,,,,,,,,,,,,
175036.0,,,,,,,,,,,,,,
175037.0,,,,,,,,,,,,,,
175038.0,,,,,,,,,,,,,,
175039.0,,,,,,,,,,,,,,
175040.0,,,,,,,,,,,,,,
175041.0,,,,,,,,,,,,,,
175042.0,,,,,,,,,,,,,,
175043.0,,,,,,,,,,,,,,
175044.0,,,,,,,,,,,,,,
175045.0,,,,,,,,,,,,,,
175046.0,,,,,,,,,,,,,,
175047.0,,,,,,,,,,,,,,
175048.0,,,,,,,,,,,,,,
175049.0,,,,,,,,,,,,,,
175050.0,,,,,,,,,,,,,,
175051.0,,,,,,,,,,,,,,
175052.0,,,,,,,,,,,,,,
175053.0,,,,,,,,,,,,,,
175054.0,,,,,,,,,,,,,,
175055.0,,,,,,,,,,,,,,
175056.0,,,,,,,,,,,,,,
175057.0,,,,,,,,,,,,,,
175058.0,,,,,,,,,,,,,,
175059.0,,,,,,,,,,,,,,
175060.0,,,,,,,,,,,,,,
175061.0,,,,,,,,,,,,,,
175062.0,,,,,,,,,,,,,,
175063.0,,,,,,,,,,,,,,
175064.0,,,,,,,,,,,,,,
175065.0,,,,,,,,,,,,,,
175066.0,,,,,,,,,,,,,,
175067.0,,,,,,,,,,,,,,
175068.0,,,,,,,,,,,,,,
175069.0,,,,,,,,,,,,,,
175070.0,,,,,,,,,,,,,,
175071.0,,,,,,,,,,,,,,
175072.0,,,,,,,,,,,,,,
175073.0,,,,,,,,,,,,,,
175074.0,,,,,,,,,,,,,,
175075.0,,,,,,,,,,,,,,
175076.0,,,,,,,,,,,,,,
175077.0,,,,,,,,,,,,,,
175078.0,,,,,,,,,,,,,,
175079.0,,,,,,,,,,,,,,
175080.0,,,,,,,,,,,,,,
175081.0,,,,,,,,,,,,,,
175082.0,,,,,,,,,,,,,,
175083.0,,,,,,,,,,,,,,
175084.0,,,,,,,,,,,,,,
175085.0,,,,,,,,,,,,,,
175086.0,,,,,,,,,,,,,,
175087.0,,,,,,,,,,,,,,
175088.0,,,,,,,,,,,,,,
175089.0,,,,,,,,,,,,,,
175090.0,,,,,,,,,,,,,,
175091.0,,,,,,,,,,,,,,
175092.0,,,,,,,,,,,,,,
175093.0,,,,,,,,,,,,,,
175094.0,,,,,,,,,,,,,,
175095.0,,,,,,,,,,,,,,
175096.0,,,,,,,,,,,,,,
175097.0,,,,,,,,,,,,,,
175098.0,,,,,,,,,,,,,,
175099.0,,,,,,,,,,,,,,
175100.0,,,,,,,,,,,,,,
175101.0,,,,,,,,,,,,,,
175102.0,,,,,,,,,,,,,,
175103.0,,,,,,,,,,,,,,
175104.0,,,,,,,,,,,,,,
175105.0,,,,,,,,,,,,,,
175106.0,,,,,,,,,,,,,,
175107.0,,,,,,,,,,,,,,
175108.0,,,,,,,,,,,,,,
175109.0,,,,,,,,,,,,,,
175110.0,,,,,,,,,,,,,,
175111.0,,,,,,,,,,,,,,
175112.0,,,,,,,,,,,,,,
175113.0,,,,,,,,,,,,,,
175114.0,,,,,,,,,,,,,,
175115.0,,,,,,,,,,,,,,
175116.0,,,,,,,,,,,,,,
175117.0,,,,,,,,,,,,,,
175118.0,,,,,,,,,,,,,,
175119.0,,,,,,,,,,,,,,
175120.0,,,,,,,,,,,,,,
175121.0,,,,,,,,,,,,,,
175122.0,,,,,,,,,,,,,,
175123.0,,,,,,,,,,,,,,
175124.0,,,,,,,,,,,,,,
175125.0,,,,,,,,,,,,,,
175126.0,,,,,,,,,,,,,,
175127.0,,,,,,,,,,,,,,
175128.0,,,,,,,,,,,,,,
175129.0,,,,,,,,,,,,,,
175130.0,,,,,,,,,,,,,,
175131.0,,,,,,,,,,,,,,
175132.0,,,,,,,,,,,,,,
175133.0,,,,,,,,,,,,,,
175134.0,,,,,,,,,,,,,,
175135.0,,,,,,,,,,,,,,
175136.0,,,,,,,,,,,,,,
175137.0,,,,,,,,,,,,,,
175138.0,,,,,,,,,,,,,,
175139.0,,,,,,,,,,,,,,
175140.0,,,,,,,,,,,,,,
175141.0,,,,,,,,,,,,,,
175142.0,,,,,,,,,,,,,,
175143.0,,,,,,,,,,,,,,
175144.0,,,,,,,,,,,,,,
175145.0,,,,,,,,,,,,,,
175146.0,,,,,,,,,,,,,,
175147.0,,,,,,,,,,,,,,
175148.0,,,,,,,,,,,,,,
175149.0,,,,,,,,,,,,,,
175150.0,,,,,,,,,,,,,,
175151.0,,,,,,,,,,,,,,
175152.0,,,,,,,,,,,,,,
175153.0,,,,,,,,,,,,,,
175154.0,,,,,,,,,,,,,,
175155.0,,,,,,,,,,,,,,
175156.0,,,,,,,,,,,,,,
175157.0,,,,,,,,,,,,,,
175158.0,,,,,,,,,,,,,,
175159.0,,,,,,,,,,,,,,
175160.0,,,,,,,,,,,,,,
175161.0,,,,,,,,,,,,,,
175162.0,,,,,,,,,,,,,,
175163.0,,,,,,,,,,,,,,
175164.0,,,,,,,,,,,,,,
175165.0,,,,,,,,,,,,,,
175166.0,,,,,,,,,,,,,,
175167.0,,,,,,,,,,,,,,
175168.0,,,,,,,,,,,,,,
175169.0,,,,,,,,,,,,,,
175170.0,,,,,,,,,,,,,,
175171.0,,,,,,,,,,,,,,
175172.0,,,,,,,,,,,,,,
175173.0,,,,,,,,,,,,,,
175174.0,,,,,,,,,,,,,,
175175.0,,,,,,,,,,,,,,
175176.0,,,,,,,,,,,,,,
175177.0,,,,,,,,,,,,,,
175178.0,,,,,,,,,,,,,,
175179.0,,,,,,,,,,,,,,
175180.0,,,,,,,,,,,,,,
175181.0,,,,,,,,,,,,,,
175182.0,,,,,,,,,,,,,,
175183.0,,,,,,,,,,,,,,
175184.0,,,,,,,,,,,,,,
175185.0,,,,,,,,,,,,,,
175186.0,,,,,,,,,,,,,,
175187.0,,,,,,,,,,,,,,
175188.0,,,,,,,,,,,,,,
175189.0,,,,,,,,,,,,,,
175190.0,,,,,,,,,,,,,,
175191.0,,,,,,,,,,,,,,
175192.0,,,,,,,,,,,,,,
175193.0,,,,,,,,,,,,,,
175194.0,,,,,,,,,,,,,,
175195.0,,,,,,,,,,,,,,
175196.0,,,,,,,,,,,,,,
175197.0,,,,,,,,,,,,,,
175198.0,,,,,,,,,,,,,,
175199.0,,,,,,,,,,,,,,
175200.0,,,,,,,,,,,,,,
175201.0,,,,,,,,,,,,,,
175202.0,,,,,,,,,,,,,,
175203.0,,,,,,,,,,,,,,
175204.0,,,,,,,,,,,,,,
175205.0,,,,,,,,,,,,,,
175206.0,,,,,,,,,,,,,,
175207.0,,,,,,,,,,,,,,
175208.0,,,,,,,,,,,,,,
175209.0,,,,,,,,,,,,,,
175210.0,,,,,,,,,,,,,,
175211.0,,,,,,,,,,,,,,
175212.0,,,,,,,,,,,,,,
175213.0,,,,,,,,,,,,,,
175214.0,,,,,,,,,,,,,,
175215.0,,,,,,,,,,,,,,
175216.0,,,,,,,,,,,,,,
175217.0,,,,,,,,,,,,,,
175218.0,,,,,,,,,,,,,,
175219.0,,,,,,,,,,,,,,
175220.0,,,,,,,,,,,,,,
175221.0,,,,,,,,,,,,,,
175222.0,,,,,,,,,,,,,,
175223.0,,,,,,,,,,,,,,
175224.0,,,,,,,,,,,,,,
175225.0,,,,,,,,,,,,,,
175226.0,,,,,,,,,,,,,,
175227.0,,,,,,,,,,,,,,
175228.0,,,,,,,,,,,,,,
175229.0,,,,,,,,,,,,,,
175230.0,,,,,,,,,,,,,,
175231.0,,,,,,,,,,,,,,
175232.0,,,,,,,,,,,,,,
175233.0,,,,,,,,,,,,,,
175234.0,,,,,,,,,,,,,,
175235.0,,,,,,,,,,,,,,
175236.0,,,,,,,,,,,,,,
175237.0,,,,,,,,,,,,,,
175238.0,,,,,,,,,,,,,,
175239.0,,,,,,,,,,,,,,
175240.0,,,,,,,,,,,,,,
175241.0,,,,,,,,,,,,,,
175242.0,,,,,,,,,,,,,,
175243.0,,,,,,,,,,,,,,
175244.0,,,,,,,,,,,,,,
175245.0,,,,,,,,,,,,,,
175246.0,,,,,,,,,,,,,,
175247.0,,,,,,,,,,,,,,
175248.0,,,,,,,,,,,,,,
175249.0,,,,,,,,,,,,,,
175250.0,,,,,,,,,,,,,,
175251.0,,,,,,,,,,,,,,
175252.0,,,,,,,,,,,,,,
175253.0,,,,,,,,,,,,,,
175254.0,,,,,,,,,,,,,,
175255.0,,,,,,,,,,,,,,
175256.0,,,,,,,,,,,,,,
175257.0,,,,,,,,,,,,,,
175258.0,,,,,,,,,,,,,,
175259.0,,,,,,,,,,,,,,
175260.0,,,,,,,,,,,,,,
175261.0,,,,,,,,,,,,,,
175262.0,,,,,,,,,,,,,,
175263.0,,,,,,,,,,,,,,
175264.0,,,,,,,,,,,,,,
175265.0,,,,,,,,,,,,,,
175266.0,,,,,,,,,,,,,,
175267.0,,,,,,,,,,,,,,
175268.0,,,,,,,,,,,,,,
175269.0,,,,,,,,,,,,,,
175270.0,,,,,,,,,,,,,,
175271.0,,,,,,,,,,,,,,
175272.0,,,,,,,,,,,,,,
175273.0,,,,,,,,,,,,,,
175274.0,,,,,,,,,,,,,,
175275.0,,,,,,,,,,,,,,
175276.0,,,,,,,,,,,,,,
175277.0,,,,,,,,,,,,,,
175278.0,,,,,,,,,,,,,,
175279.0,,,,,,,,,,,,,,
175280.0,,,,,,,,,,,,,,
175281.0,,,,,,,,,,,,,,
175282.0,,,,,,,,,,,,,,
175283.0,,,,,,,,,,,,,,
175284.0,,,,,,,,,,,,,,
175285.0,,,,,,,,,,,,,,
175286.0,,,,,,,,,,,,,,
175287.0,,,,,,,,,,,,,,
175288.0,,,,,,,,,,,,,,
175289.0,,,,,,,,,,,,,,
175290.0,,,,,,,,,,,,,,
175291.0,,,,,,,,,,,,,,
175292.0,,,,,,,,,,,,,,
175293.0,,,,,,,,,,,,,,
175294.0,,,,,,,,,,,,,,
175295.0,,,,,,,,,,,,,,
175296.0,,,,,,,,,,,,,,
175297.0,,,,,,,,,,,,,,
175298.0,,,,,,,,,,,,,,
175299.0,,,,,,,,,,,,,,
175300.0,,,,,,,,,,,,,,
175301.0,,,,,,,,,,,,,,
175302.0,,,,,,,,,,,,,,
175303.0,,,,,,,,,,,,,,
175304.0,,,,,,,,,,,,,,
175305.0,,,,,,,,,,,,,,
175306.0,,,,,,,,,,,,,,
175307.0,,,,,,,,,,,,,,
175308.0,,,,,,,,,,,,,,
175309.0,,,,,,,,,,,,,,
175310.0,,,,,,,,,,,,,,
175311.0,,,,,,,,,,,,,,
175312.0,,,,,,,,,,,,,,
175313.0,,,,,,,,,,,,,,
175314.0,,,,,,,,,,,,,,
175315.0,,,,,,,,,,,,,,
175316.0,,,,,,,,,,,,,,
175317.0,,,,,,,,,,,,,,
