ts,arr_e_req,client_bill,assigned_type,realized_type,fail_time,fail_energy1,fail_energy2,fail_energy_both,fail_IR,chg_e_req,imbalance_bill,n_cars,avg_lax,payoff
166559.0,,,,,,,,,,0.0,0.0,0.0,0.0,
166560.0,10.779999999999994,1.5091999999999992,"[[0. 0. 1.]
 [0. 0. 0.]
 [0. 0. 0.]]","[[0. 0. 1.]
 [0. 0. 0.]
 [0. 0. 0.]]",0.0,0.0,0.0,0.0,0.0,0.1375,0.5281100000000001,1.0,0.28,0.0
166561.0,0.0,0.0,"[[0. 0. 0.]
 [0. 0. 0.]
 [0. 0. 0.]]","[[0. 0. 0.]
 [0. 0. 0.]
 [0. 0. 0.]]",0.0,0.0,0.0,0.0,0.0,-0.05775003880262375,-0.1803187211573124,1.0,0.22250727687626404,0.0
166562.0,0.0,0.0,"[[0. 0. 0.]
 [0. 0. 0.]
 [0. 0. 0.]]","[[0. 0. 0.]
 [0. 0. 0.]
 [0. 0. 0.]]",0.0,0.0,0.0,0.0,0.0,1.566802465546857e-09,3.182489168018776e-09,1.0,0.18250727733206115,0.0
166563.0,0.0,0.0,"[[0. 0. 0.]
 [0. 0. 0.]
 [0. 0. 0.]]","[[0. 0. 0.]
 [0. 0. 0.]
 [0. 0. 0.]]",0.0,0.0,0.0,0.0,0.0,0.06013123318552971,0.14888493336737155,1.0,0.15999999971330614,0.0
166564.0,0.0,0.0,"[[0. 0. 0.]
 [0. 0. 0.]
 [0. 0. 0.]]","[[0. 0. 0.]
 [0. 0. 0.]
 [0. 0. 0.]]",0.0,0.0,0.0,0.0,0.0,0.0,0.0,1.0,0.11999999971330615,0.0
166565.0,0.0,0.0,"[[0. 0. 0.]
 [0. 0. 0.]
 [0. 0. 0.]]","[[0. 0. 0.]
 [0. 0. 0.]
 [0. 0. 0.]]",0.0,0.0,0.0,0.0,0.0,0.0,0.0,1.0,0.07999999971330615,0.0
166566.0,0.0,0.0,"[[0. 0. 0.]
 [0. 0. 0.]
 [0. 0. 0.]]","[[0. 0. 0.]
 [0. 0. 0.]
 [0. 0. 0.]]",0.0,0.0,0.0,0.0,0.0,0.0,0.0,1.0,0.03999999971330616,0.0
166567.0,0.0,0.0,"[[0. 0. 0.]
 [0. 0. 0.]
 [0. 0. 0.]]","[[0. 0. 0.]
 [0. 0. 0.]
 [0. 0. 0.]]",0.0,0.0,0.0,0.0,0.0,0.0,0.0,1.0,-2.866938432686896e-10,0.0
166568.0,0.0,0.0,"[[0. 0. 0.]
 [0. 0. 0.]
 [0. 0. 0.]]","[[0. 0. 0.]
 [0. 0. 0.]
 [0. 0. 0.]]",0.0,0.0,0.0,0.0,0.0,0.0,0.0,0.0,0.0,0.6053572115702046
166569.0,0.0,0.0,"[[0. 0. 0.]
 [0. 0. 0.]
 [0. 0. 0.]]","[[0. 0. 0.]
 [0. 0. 0.]
 [0. 0. 0.]]",0.0,0.0,0.0,0.0,0.0,0.0,0.0,0.0,0.0,0.0
166570.0,24.470599999999997,3.425884,"[[0. 0. 0.]
 [0. 1. 0.]
 [0. 0. 0.]]","[[0. 0. 0.]
 [0. 0. 0.]
 [0. 0. 0.]]",0.0,0.0,1.0,1.0,0.0,0.059006527066230774,0.7412163903951645,1.0,0.006365535146539872,0.0
166571.0,40.425000000000004,5.659500000000001,"[[0. 0. 0.]
 [0. 0. 1.]
 [0. 0. 0.]]","[[0. 0. 0.]
 [0. 0. 1.]
 [0. 0. 0.]]",0.0,0.0,0.0,0.0,0.0,0.029868431389331818,0.400475928068161,2.0,0.06402596124109076,0.0
166572.0,35.358399999999996,4.950176,"[[1. 0. 1.]
 [0. 0. 0.]
 [0. 0. 0.]]","[[0. 1. 0.]
 [0. 0. 0.]
 [0. 0. 0.]]",1.0,0.0,1.0,1.0,1.0,0.217249959321676,1.9121472419656638,4.0,0.07533323267678872,0.0
166573.0,25.6564,3.5918960000000006,"[[0. 0. 0.]
 [0. 0. 1.]
 [0. 0. 0.]]","[[0. 0. 0.]
 [0. 0. 0.]
 [0. 0. 0.]]",0.0,0.0,1.0,1.0,0.0,0.2883813686668873,1.3164032716906071,4.0,0.024025994470792286,0.0
166574.0,93.24699999999999,13.05458,"[[0. 0. 0.]
 [1. 0. 0.]
 [0. 1. 2.]]","[[0. 0. 0.]
 [0. 0. 0.]
 [0. 0. 0.]]",3.0,0.0,3.0,3.0,3.0,0.842785793542862,2.7845642618656163,8.0,0.04320004031652978,0.0
166575.0,18.002599999999997,2.520364,"[[0. 0. 0.]
 [0. 1. 0.]
 [0. 0. 0.]]","[[0. 0. 0.]
 [0. 0. 0.]
 [0. 0. 0.]]",1.0,0.0,1.0,1.0,1.0,0.6311249859631062,2.0211146550482515,6.0,3.0892493589895765e-08,0.40535723402690543
166576.0,18.325999999999993,2.5656399999999993,"[[0. 0. 1.]
 [0. 0. 0.]
 [0. 0. 0.]]","[[0. 0. 1.]
 [0. 0. 0.]
 [0. 0. 0.]]",0.0,0.0,0.0,0.0,0.0,0.6875,2.23685,5.0,0.5720000158937976,0.0
166577.0,47.21639999999999,6.610296,"[[0. 0. 0.]
 [0. 0. 1.]
 [0. 1. 0.]]","[[0. 1. 0.]
 [0. 0. 1.]
 [0. 0. 0.]]",0.0,0.0,0.0,0.0,0.0,0.6462500050663949,2.109877016540766,5.0,1.2648000066237017,0.0
166578.0,60.907,8.52698,"[[0. 0. 0.]
 [1. 1. 0.]
 [0. 0. 0.]]","[[0. 0. 0.]
 [0. 1. 0.]
 [0. 0. 0.]]",1.0,0.0,0.0,0.0,1.0,0.20981652513146404,0.6876946427708864,6.0,1.9774063458805693,0.6282143731485081
166579.0,100.66919999999999,14.093688,"[[0. 1. 0.]
 [0. 0. 0.]
 [1. 0. 1.]]","[[0. 0. 0.]
 [0. 0. 0.]
 [1. 0. 0.]]",0.0,1.0,1.0,2.0,0.0,0.46958797526171636,1.689389699801551,8.0,2.540154435521412,0.0
166580.0,0.0,0.0,"[[0. 0. 0.]
 [0. 0. 0.]
 [0. 0. 0.]]","[[0. 0. 0.]
 [0. 0. 0.]
 [0. 0. 0.]]",0.0,0.0,0.0,0.0,0.0,0.05788584052210887,0.06622140155729256,6.0,2.315344631102181,0.40535723402690543
166581.0,3.126199999999999,0.4376679999999999,"[[0. 1. 0.]
 [0. 0. 0.]
 [0. 0. 0.]]","[[0. 0. 0.]
 [0. 0. 0.]
 [0. 0. 0.]]",0.0,0.0,1.0,1.0,0.0,0.3148750193417073,1.1736021720904115,7.0,2.1553446311021807,0.0
166582.0,44.84479999999999,6.278271999999999,"[[0. 0. 1.]
 [0. 0. 0.]
 [0. 0. 0.]]","[[0. 0. 1.]
 [0. 0. 0.]
 [0. 0. 0.]]",0.0,0.0,0.0,0.0,0.0,0.5775000017136336,1.786092005299926,7.0,2.3169446311021806,0.0
166583.0,0.0,0.0,"[[0. 0. 0.]
 [0. 0. 0.]
 [0. 0. 0.]]","[[0. 0. 0.]
 [0. 0. 0.]
 [0. 0. 0.]]",0.0,0.0,0.0,0.0,0.0,0.5091174602508546,1.0646664328765871,7.0,2.185051528629702,0.0
166584.0,0.0,0.0,"[[0. 0. 0.]
 [0. 0. 0.]
 [0. 0. 0.]]","[[0. 0. 0.]
 [0. 0. 0.]
 [0. 0. 0.]]",0.0,0.0,0.0,0.0,0.0,0.275,0.23826,7.0,1.985051528629702,0.0
166585.0,0.0,0.0,"[[0. 0. 0.]
 [0. 0. 0.]
 [0. 0. 0.]]","[[0. 0. 0.]
 [0. 0. 0.]
 [0. 0. 0.]]",0.0,0.0,0.0,0.0,0.0,0.021099619567394257,0.06883539887666701,7.0,1.7104968879408804,0.0
166586.0,0.0,0.0,"[[0. 0. 0.]
 [0. 0. 0.]
 [0. 0. 0.]]","[[0. 0. 0.]
 [0. 0. 0.]
 [0. 0. 0.]]",0.0,0.0,0.0,0.0,0.0,0.2852382630109787,0.7507471082448959,7.0,1.5134752649642593,0.0
166587.0,0.0,0.0,"[[0. 0. 0.]
 [0. 0. 0.]
 [0. 0. 0.]]","[[0. 0. 0.]
 [0. 0. 0.]
 [0. 0. 0.]]",0.0,0.0,0.0,0.0,0.0,0.23329202067106963,0.7610918882372975,7.0,1.3013420321400324,0.0
166588.0,0.0,0.0,"[[0. 0. 0.]
 [0. 0. 0.]
 [0. 0. 0.]]","[[0. 0. 0.]
 [0. 0. 0.]
 [0. 0. 0.]]",0.0,0.0,0.0,0.0,0.0,0.0,0.0,7.0,1.0213420321400324,0.0
166589.0,0.0,0.0,"[[0. 0. 0.]
 [0. 0. 0.]
 [0. 0. 0.]]","[[0. 0. 0.]
 [0. 0. 0.]
 [0. 0. 0.]]",0.0,0.0,0.0,0.0,0.0,0.0,0.0,7.0,0.7413420321400324,0.0
166590.0,41.9342,5.870788,"[[0. 0. 0.]
 [0. 0. 0.]
 [0. 1. 0.]]","[[0. 1. 0.]
 [0. 0. 0.]
 [0. 0. 0.]]",0.0,0.0,0.0,0.0,0.0,0.275,1.3574,7.0,0.5857420322874703,0.42821439560548585
166591.0,92.8158,12.994212000000001,"[[0. 0. 1.]
 [0. 0. 1.]
 [0. 0. 1.]]","[[0. 1. 0.]
 [0. 0. 1.]
 [0. 0. 1.]]",0.0,0.0,0.0,0.0,0.0,0.3561713682487607,-0.6234423629826308,10.0,0.8647812747226824,0.0
166592.0,0.0,0.0,"[[0. 0. 0.]
 [0. 0. 0.]
 [0. 0. 0.]]","[[0. 0. 0.]
 [0. 0. 0.]
 [0. 0. 0.]]",0.0,0.0,0.0,0.0,0.0,0.32674994170665744,1.260731975080967,8.0,0.6388072310913644,0.9592859666066342
166593.0,36.54419999999999,5.116187999999999,"[[0. 0. 0.]
 [0. 1. 0.]
 [1. 0. 0.]]","[[0. 0. 0.]
 [0. 0. 0.]
 [0. 0. 0.]]",1.0,0.0,1.0,1.0,0.0,0.4097500190138817,1.655390076816082,8.0,0.46075792321211323,0.6053572115702046
166594.0,85.80879999999998,12.013231999999999,"[[0. 0. 0.]
 [2. 0. 0.]
 [0. 0. 2.]]","[[0. 1. 0.]
 [0. 0. 0.]
 [0. 0. 1.]]",2.0,0.0,0.0,0.0,2.0,0.6888751111924649,8.775166716414095,10.0,0.5411086256013573,0.0
166595.0,25.764199999999995,3.606988,"[[0. 0. 0.]
 [0. 0. 1.]
 [0. 0. 0.]]","[[0. 0. 0.]
 [0. 0. 0.]
 [0. 0. 0.]]",0.0,0.0,1.0,1.0,0.0,0.4804354915395379,3.156269005218148,8.0,0.3851087263857933,0.8107144680538109
166596.0,0.0,0.0,"[[0. 0. 0.]
 [0. 0. 0.]
 [0. 0. 0.]]","[[0. 0. 0.]
 [0. 0. 0.]
 [0. 0. 0.]]",0.0,0.0,0.0,0.0,0.0,0.5499999586297376,2.1221198403769796,6.0,0.30510870708554355,0.6282143731485081
166597.0,40.748400000000004,5.704776000000001,"[[0. 0. 0.]
 [1. 0. 0.]
 [0. 0. 0.]]","[[0. 0. 0.]
 [0. 0. 0.]
 [0. 0. 0.]]",1.0,0.0,0.0,0.0,1.0,0.6572500720620156,3.1432327446293833,6.0,0.26510871883307713,0.0
166598.0,46.4618,6.504652,"[[0. 1. 0.]
 [0. 0. 0.]
 [0. 1. 0.]]","[[0. 1. 0.]
 [0. 0. 0.]
 [0. 1. 0.]]",0.0,0.0,0.0,0.0,0.0,0.2004362717270851,1.3167861307382585,6.0,1.50936813494511,0.40535723402690543
166599.0,0.0,0.0,"[[0. 0. 0.]
 [0. 0. 0.]
 [0. 0. 0.]]","[[0. 0. 0.]
 [0. 0. 0.]
 [0. 0. 0.]]",0.0,0.0,0.0,0.0,0.0,0.06616640817373992,0.8456596295869352,6.0,1.287760898013147,0.0
166600.0,156.72519999999997,21.941527999999998,"[[1. 0. 0.]
 [1. 0. 1.]
 [1. 2. 0.]]","[[0. 0. 0.]
 [0. 0. 1.]
 [0. 0. 0.]]",4.0,1.0,0.0,2.0,3.0,0.7059640747135135,6.200058889763961,11.0,2.4305630260115887,0.6282143731485081
166601.0,24.039399999999993,3.3655159999999995,"[[0. 0. 1.]
 [0. 0. 0.]
 [0. 0. 0.]]","[[0. 0. 1.]
 [0. 0. 0.]
 [0. 0. 0.]]",0.0,0.0,0.0,0.0,0.0,0.7538588255643845,11.191486580798628,8.0,2.800667390840218,1.3364289411972945
166602.0,63.602000000000004,8.904280000000002,"[[1. 0. 0.]
 [0. 0. 1.]
 [0. 0. 0.]]","[[0. 0. 0.]
 [0. 0. 0.]
 [0. 0. 0.]]",1.0,0.0,1.0,2.0,1.0,0.825,3.1184999999999996,8.0,3.044667390840218,0.0
166603.0,61.122600000000006,8.557164000000002,"[[0. 0. 0.]
 [0. 0. 0.]
 [0. 0. 1.]]","[[0. 0. 0.]
 [0. 0. 0.]
 [0. 0. 1.]]",0.0,0.0,0.0,0.0,0.0,0.591160847246647,3.081130335849524,9.0,3.069841434471536,0.0
166604.0,0.0,0.0,"[[0. 0. 0.]
 [0. 0. 0.]
 [0. 0. 0.]]","[[0. 0. 0.]
 [0. 0. 0.]
 [0. 0. 0.]]",0.0,0.0,0.0,0.0,0.0,0.5444999981541021,2.052547193041703,9.0,2.867548710779643,0.0
166605.0,0.0,0.0,"[[0. 0. 0.]
 [0. 0. 0.]
 [0. 0. 0.]]","[[0. 0. 0.]
 [0. 0. 0.]
 [0. 0. 0.]]",0.0,0.0,0.0,0.0,0.0,0.47263135361124003,1.3918048101143798,8.0,2.6850414344715365,0.0
166606.0,0.0,0.0,"[[0. 0. 0.]
 [0. 0. 0.]
 [0. 0. 0.]]","[[0. 0. 0.]
 [0. 0. 0.]
 [0. 0. 0.]]",0.0,0.0,0.0,0.0,0.0,0.16522351913154126,0.5571337065115571,8.0,2.413106447247895,0.0
166607.0,0.0,0.0,"[[0. 0. 0.]
 [0. 0. 0.]
 [0. 0. 0.]]","[[0. 0. 0.]
 [0. 0. 0.]
 [0. 0. 0.]]",0.0,0.0,0.0,0.0,0.0,-0.09847428351640702,-0.34844140479445457,8.0,2.0628100564158873,0.0
166608.0,0.0,0.0,"[[0. 0. 0.]
 [0. 0. 0.]
 [0. 0. 0.]]","[[0. 0. 0.]
 [0. 0. 0.]
 [0. 0. 0.]]",0.0,0.0,0.0,0.0,0.0,0.1375,0.26114000000000004,8.0,1.7828100564158873,0.0
166609.0,0.0,0.0,"[[0. 0. 0.]
 [0. 0. 0.]
 [0. 0. 0.]]","[[0. 0. 0.]
 [0. 0. 0.]
 [0. 0. 0.]]",0.0,0.0,0.0,0.0,0.0,0.0,0.0,8.0,1.4628100564158872,0.0
166610.0,0.0,0.0,"[[0. 0. 0.]
 [0. 0. 0.]
 [0. 0. 0.]]","[[0. 0. 0.]
 [0. 0. 0.]
 [0. 0. 0.]]",0.0,0.0,0.0,0.0,0.0,0.0,0.0,8.0,1.1428100564158874,0.0
166611.0,0.0,0.0,"[[0. 0. 0.]
 [0. 0. 0.]
 [0. 0. 0.]]","[[0. 0. 0.]
 [0. 0. 0.]
 [0. 0. 0.]]",0.0,0.0,0.0,0.0,0.0,0.41250000000000003,1.58763,8.0,0.9428100564158873,0.0
166612.0,0.0,0.0,"[[0. 0. 0.]
 [0. 0. 0.]
 [0. 0. 0.]]","[[0. 0. 0.]
 [0. 0. 0.]
 [0. 0. 0.]]",0.0,0.0,0.0,0.0,0.0,0.21599408173933626,0.8245790064480901,8.0,0.6856446909030828,0.0
166613.0,0.0,0.0,"[[0. 0. 0.]
 [0. 0. 0.]
 [0. 0. 0.]]","[[0. 0. 0.]
 [0. 0. 0.]
 [0. 0. 0.]]",0.0,0.0,0.0,0.0,0.0,0.09080049395561218,0.32920627088546756,6.0,0.4720593692022264,0.0
166614.0,35.8974,5.025636,"[[0. 0. 0.]
 [0. 0. 1.]
 [0. 0. 0.]]","[[0. 0. 0.]
 [0. 0. 1.]
 [0. 0. 0.]]",0.0,0.0,0.0,0.0,0.0,-0.058454111218452454,-0.22076948724985124,6.0,0.32082595636868194,0.6682144705986472
166615.0,45.81499999999999,6.4140999999999995,"[[0. 0. 0.]
 [0. 0. 0.]
 [1. 1. 0.]]","[[0. 0. 0.]
 [0. 0. 0.]
 [1. 1. 0.]]",0.0,0.0,0.0,0.0,0.0,0.1375,0.5287700000000001,6.0,0.7091766435823429,1.2335715847187128
166616.0,77.6,10.864,"[[0. 0. 1.]
 [0. 0. 0.]
 [0. 0. 0.]]","[[0. 0. 0.]
 [0. 0. 0.]
 [0. 0. 0.]]",0.0,1.0,1.0,1.0,0.0,-0.12378760782444648,-1.0796260004016924,5.0,0.5034128247709045,0.4682144930556804
166617.0,51.95960000000001,7.274344000000002,"[[0. 0. 0.]
 [1. 0. 0.]
 [0. 0. 0.]]","[[0. 0. 0.]
 [0. 0. 0.]
 [0. 0. 0.]]",1.0,0.0,0.0,0.0,1.0,0.55,3.4535600000000004,6.0,0.4706128247709047,0.0
166618.0,0.0,0.0,"[[0. 0. 0.]
 [0. 0. 0.]
 [0. 0. 0.]]","[[0. 0. 0.]
 [0. 0. 0.]
 [0. 0. 0.]]",0.0,0.0,0.0,0.0,0.0,0.547160840034485,2.8609946003723152,6.0,0.38978688732639116,0.0
166619.0,17.6792,2.4750880000000004,"[[0. 0. 0.]
 [0. 0. 0.]
 [1. 0. 0.]]","[[0. 0. 0.]
 [0. 0. 0.]
 [1. 0. 0.]]",0.0,0.0,0.0,0.0,0.0,0.6627499446272851,2.5486711870586873,7.0,0.39698686933451016,0.0
166620.0,40.5328,5.6745920000000005,"[[0. 0. 0.]
 [0. 0. 0.]
 [1. 0. 1.]]","[[0. 0. 0.]
 [0. 0. 0.]
 [0. 0. 0.]]",1.0,0.0,1.0,1.0,1.0,0.5529196289367975,2.139135460430682,7.0,0.32743618800762064,1.0335716071754135
166621.0,111.24959999999999,15.574944,"[[0. 0. 1.]
 [0. 2. 1.]
 [0. 1. 0.]]","[[0. 1. 0.]
 [0. 0. 0.]
 [0. 0. 0.]]",1.0,0.0,3.0,3.0,1.0,1.0106251493096352,2.6882628971636295,12.0,0.28863620750592556,0.0
166622.0,0.0,0.0,"[[0. 0. 0.]
 [0. 0. 0.]
 [0. 0. 0.]]","[[0. 0. 0.]
 [0. 0. 0.]
 [0. 0. 0.]]",0.0,0.0,0.0,0.0,0.0,0.7411250092089177,2.665085533115268,10.0,0.10423620049208444,0.0
166623.0,85.05420000000001,11.907588000000002,"[[2. 0. 0.]
 [0. 0. 1.]
 [0. 0. 0.]]","[[0. 0. 0.]
 [0. 0. 0.]
 [0. 0. 0.]]",2.0,0.0,2.0,3.0,2.0,0.6723750856705011,2.592678330345452,9.0,0.024236201891035224,0.3539287550364296
166624.0,50.7738,7.108332000000001,"[[0. 0. 0.]
 [0. 1. 0.]
 [0. 1. 0.]]","[[0. 0. 0.]
 [0. 0. 0.]
 [0. 1. 0.]]",1.0,0.0,1.0,1.0,1.0,0.5940357878804208,2.804799376056195,6.0,0.3686466105341911,0.8735717270825858
166625.0,95.2952,13.341328,"[[0. 1. 1.]
 [0. 2. 0.]
 [0. 0. 0.]]","[[0. 2. 0.]
 [0. 0. 0.]
 [0. 0. 0.]]",1.0,0.0,1.0,2.0,1.0,0.7640998663380743,3.0674025034275654,9.0,0.795506626459728,0.3539287550364296
166626.0,72.76499999999999,10.1871,"[[0. 0. 0.]
 [1. 0. 0.]
 [1. 0. 0.]]","[[0. 0. 0.]
 [0. 0. 0.]
 [1. 0. 0.]]",1.0,0.0,0.0,0.0,1.0,0.6875,3.0932,8.0,1.323857313673389,0.0
166627.0,75.35220000000001,10.549308000000002,"[[0. 0. 0.]
 [0. 1. 0.]
 [1. 0. 0.]]","[[0. 0. 0.]
 [0. 1. 0.]
 [1. 0. 0.]]",0.0,0.0,0.0,0.0,0.0,1.0612047329545022,4.361975934336186,9.0,2.112971396741567,0.0
166628.0,33.2024,4.6483360000000005,"[[0. 1. 0.]
 [0. 0. 0.]
 [0. 0. 0.]]","[[0. 1. 0.]
 [0. 0. 0.]
 [0. 0. 0.]]",0.0,0.0,0.0,0.0,0.0,0.5439999029040337,1.7569020864188674,8.0,2.3463046192099934,0.40535723402690543
166629.0,66.297,9.28158,"[[0. 0. 0.]
 [0. 0. 0.]
 [0. 0. 1.]]","[[0. 0. 0.]
 [0. 0. 1.]
 [0. 0. 0.]]",0.0,0.0,0.0,0.0,0.0,0.5651250418145044,0.22152901639128572,8.0,2.424704618641836,0.0
166630.0,0.0,0.0,"[[0. 0. 0.]
 [0. 0. 0.]
 [0. 0. 0.]]","[[0. 0. 0.]
 [0. 0. 0.]
 [0. 0. 0.]]",0.0,0.0,0.0,0.0,0.0,0.3261187642812729,0.3548172155380249,8.0,2.198546959759497,0.0
166631.0,0.0,0.0,"[[0. 0. 0.]
 [0. 0. 0.]
 [0. 0. 0.]]","[[0. 0. 0.]
 [0. 0. 0.]
 [0. 0. 0.]]",0.0,0.0,0.0,0.0,0.0,0.6166164013673552,1.6461191450902912,8.0,2.0579262505911027,0.0
166632.0,0.0,0.0,"[[0. 0. 0.]
 [0. 0. 0.]
 [0. 0. 0.]]","[[0. 0. 0.]
 [0. 0. 0.]
 [0. 0. 0.]]",0.0,0.0,0.0,0.0,0.0,0.13749999812429975,0.5219499928798419,7.0,1.8179262500229456,0.3539287550364296
166633.0,0.0,0.0,"[[0. 0. 0.]
 [0. 0. 0.]
 [0. 0. 0.]]","[[0. 0. 0.]
 [0. 0. 0.]
 [0. 0. 0.]]",0.0,0.0,0.0,0.0,0.0,0.2476584434509278,0.9482346482849123,7.0,1.609972335785975,0.0
166634.0,0.0,0.0,"[[0. 0. 0.]
 [0. 0. 0.]
 [0. 0. 0.]]","[[0. 0. 0.]
 [0. 0. 0.]
 [0. 0. 0.]]",0.0,0.0,0.0,0.0,0.0,0.13080932199954992,0.497284718513489,7.0,1.3680259555404317,0.0
166635.0,0.0,0.0,"[[0. 0. 0.]
 [0. 0. 0.]
 [0. 0. 0.]]","[[0. 0. 0.]
 [0. 0. 0.]
 [0. 0. 0.]]",0.0,0.0,0.0,0.0,0.0,0.1375,0.5228300000000001,7.0,1.1280259555404317,0.0
166636.0,0.0,0.0,"[[0. 0. 0.]
 [0. 0. 0.]
 [0. 0. 0.]]","[[0. 0. 0.]
 [0. 0. 0.]
 [0. 0. 0.]]",0.0,0.0,0.0,0.0,0.0,0.1375,0.45045,7.0,0.8880259555404316,0.0
166637.0,0.0,0.0,"[[0. 0. 0.]
 [0. 0. 0.]
 [0. 0. 0.]]","[[0. 0. 0.]
 [0. 0. 0.]
 [0. 0. 0.]]",0.0,0.0,0.0,0.0,0.0,0.1375,0.49445000000000006,6.0,0.6880259555404318,0.4682144930556804
166638.0,37.08319999999999,5.191647999999999,"[[1. 0. 0.]
 [0. 0. 0.]
 [1. 0. 0.]]","[[0. 0. 0.]
 [0. 0. 0.]
 [1. 0. 0.]]",1.0,0.0,1.0,1.0,1.0,0.2397997945547104,-0.8162785006642341,8.0,0.8601858957745294,0.0
166639.0,151.35119999999998,21.189168,"[[0. 1. 0.]
 [0. 1. 0.]
 [2. 0. 0.]]","[[0. 1. 0.]
 [0. 0. 0.]
 [0. 0. 0.]]",2.0,0.0,1.0,1.0,2.0,0.25006543160701256,1.0602774300137332,11.0,0.8096828748112146,0.42821439560548585
166640.0,50.0192,7.002688,"[[0. 0. 0.]
 [0. 1. 1.]
 [0. 1. 0.]]","[[0. 0. 0.]
 [0. 1. 0.]
 [0. 0. 0.]]",1.0,0.0,1.0,1.0,1.0,0.792776220664382,9.964879983263016,12.0,0.7336801061692501,0.40535723402690543
166641.0,78.2628,10.956792,"[[1. 0. 0.]
 [0. 0. 1.]
 [0. 0. 0.]]","[[0. 0. 0.]
 [0. 0. 0.]
 [0. 0. 0.]]",1.0,0.0,2.0,2.0,1.0,0.5706250820178373,2.42584134867423,11.0,0.4885873872942084,1.0335716071754135
166642.0,0.0,0.0,"[[0. 0. 0.]
 [0. 0. 0.]
 [0. 0. 0.]]","[[0. 0. 0.]
 [0. 0. 0.]
 [0. 0. 0.]]",0.0,0.0,0.0,0.0,0.0,0.8110659644007684,3.1553710279047493,8.0,0.40453383732515436,0.0
166643.0,0.0,0.0,"[[0. 0. 0.]
 [0. 0. 0.]
 [0. 0. 0.]]","[[0. 0. 0.]
 [0. 0. 0.]
 [0. 0. 0.]]",0.0,0.0,0.0,0.0,0.0,0.5344150956720114,2.4459110098716614,6.0,0.3200000300775356,0.3539287550364296
166644.0,120.9516,16.933224000000003,"[[1. 0. 0.]
 [1. 0. 0.]
 [0. 1. 1.]]","[[0. 0. 0.]
 [0. 0. 0.]
 [0. 0. 1.]]",2.0,0.0,2.0,2.0,2.0,0.6187499478459358,3.0991947387707235,9.0,0.4095507021191051,0.0
166645.0,2.9105999999999987,0.40748399999999985,"[[0. 0. 0.]
 [0. 0. 0.]
 [1. 0. 0.]]","[[0. 0. 0.]
 [0. 0. 0.]
 [0. 0. 0.]]",1.0,0.0,0.0,0.0,0.0,0.9528750710189343,4.311569121346474,10.0,0.31595069307442314,0.0
166646.0,45.922799999999995,6.429192,"[[0. 0. 0.]
 [0. 0. 0.]
 [0. 1. 0.]]","[[0. 0. 0.]
 [0. 0. 0.]
 [0. 0. 0.]]",0.0,0.0,1.0,1.0,0.0,0.21879159267991782,3.6272145400847493,5.0,0.20903622165268437,0.8335716296323913
166647.0,19.94299999999999,2.792019999999999,"[[0. 0. 0.]
 [0. 1. 1.]
 [1. 0. 0.]]","[[0. 0. 0.]
 [0. 0. 0.]
 [0. 0. 0.]]",2.0,0.0,2.0,2.0,1.0,0.529374935830961,2.028988254052907,8.0,0.12903619293273316,0.0
166648.0,133.54819999999998,18.696748,"[[1. 1. 0.]
 [0. 0. 0.]
 [0. 1. 0.]]","[[0. 1. 0.]
 [0. 0. 0.]
 [0. 0. 0.]]",1.0,1.0,0.0,2.0,1.0,0.6297499611973763,3.0011364150822164,8.0,1.0560028290279875,0.0
166649.0,93.78599999999999,13.13004,"[[0. 0. 0.]
 [1. 1. 0.]
 [1. 0. 0.]]","[[0. 0. 0.]
 [0. 0. 0.]
 [0. 0. 0.]]",3.0,0.0,1.0,1.0,3.0,1.026313227415085,18.442438171358113,10.0,1.6065666555198663,0.0
166650.0,120.52040000000001,16.872856000000002,"[[0. 0. 0.]
 [0. 0. 3.]
 [0. 0. 0.]]","[[0. 0. 0.]
 [0. 1. 2.]
 [0. 0. 0.]]",0.0,0.0,0.0,0.0,0.0,0.6961249522864819,0.3647694749981165,12.0,2.1998185676850257,0.3539287550364296
166651.0,0.0,0.0,"[[0. 0. 0.]
 [0. 0. 0.]
 [0. 0. 0.]]","[[0. 0. 0.]
 [0. 0. 0.]
 [0. 0. 0.]]",0.0,0.0,0.0,0.0,0.0,0.879910808801651,1.7112505409574508,8.0,2.135792612285426,0.6682144705986472
166652.0,45.81499999999999,6.4140999999999995,"[[0. 0. 0.]
 [1. 0. 0.]
 [0. 0. 1.]]","[[0. 0. 0.]
 [0. 0. 0.]
 [0. 0. 1.]]",1.0,0.0,0.0,0.0,1.0,0.3267499398309572,1.0463840073146575,9.0,2.81981856808595,0.0
166653.0,46.785199999999996,6.549928,"[[0. 0. 1.]
 [0. 0. 0.]
 [0. 0. 0.]]","[[0. 0. 1.]
 [0. 0. 0.]
 [0. 0. 0.]]",0.0,0.0,0.0,0.0,0.0,0.47832906767725947,1.0576812344479563,10.0,2.903026807859043,0.0
166654.0,0.0,0.0,"[[0. 0. 0.]
 [0. 0. 0.]
 [0. 0. 0.]]","[[0. 0. 0.]
 [0. 0. 0.]
 [0. 0. 0.]]",0.0,0.0,0.0,0.0,0.0,0.24064193616465068,0.36423563457881525,8.0,2.6528688013667234,0.8335716296323913
166655.0,0.0,0.0,"[[0. 0. 0.]
 [0. 0. 0.]
 [0. 0. 0.]]","[[0. 0. 0.]
 [0. 0. 0.]
 [0. 0. 0.]]",0.0,0.0,0.0,0.0,0.0,0.33874184012631087,1.1148671442237144,8.0,2.4314118677172543,0.0
166656.0,0.0,0.0,"[[0. 0. 0.]
 [0. 0. 0.]
 [0. 0. 0.]]","[[0. 0. 0.]
 [0. 0. 0.]
 [0. 0. 0.]]",0.0,0.0,0.0,0.0,0.0,0.4347035109801395,1.1611800185301486,8.0,2.237871070911477,0.0
166657.0,0.0,0.0,"[[0. 0. 0.]
 [0. 0. 0.]
 [0. 0. 0.]]","[[0. 0. 0.]
 [0. 0. 0.]
 [0. 0. 0.]]",0.0,0.0,0.0,0.0,0.0,0.3286250230496379,1.1638583816325976,8.0,2.0134710714699615,0.0
166658.0,0.0,0.0,"[[0. 0. 0.]
 [0. 0. 0.]
 [0. 0. 0.]]","[[0. 0. 0.]
 [0. 0. 0.]
 [0. 0. 0.]]",0.0,0.0,0.0,0.0,0.0,0.275,0.9050800000000002,8.0,1.7734710714699617,0.0
166659.0,0.0,0.0,"[[0. 0. 0.]
 [0. 0. 0.]
 [0. 0. 0.]]","[[0. 0. 0.]
 [0. 0. 0.]
 [0. 0. 0.]]",0.0,0.0,0.0,0.0,0.0,0.18278578370809556,0.592957082349062,8.0,1.5066451156694365,0.0
166660.0,0.0,0.0,"[[0. 0. 0.]
 [0. 0. 0.]
 [0. 0. 0.]]","[[0. 0. 0.]
 [0. 0. 0.]
 [0. 0. 0.]]",0.0,0.0,0.0,0.0,0.0,0.054188162088394165,0.10287080690860749,8.0,1.2024089420586277,0.0
166661.0,0.0,0.0,"[[0. 0. 0.]
 [0. 0. 0.]
 [0. 0. 0.]]","[[0. 0. 0.]
 [0. 0. 0.]
 [0. 0. 0.]]",0.0,0.0,0.0,0.0,0.0,0.2561398267745972,0.8407533674049378,8.0,0.9569223462112376,0.0
166662.0,0.0,0.0,"[[0. 0. 0.]
 [0. 0. 0.]
 [0. 0. 0.]]","[[0. 0. 0.]
 [0. 0. 0.]
 [0. 0. 0.]]",0.0,0.0,0.0,0.0,0.0,0.0,0.0,8.0,0.6369223462112377,0.0
166663.0,48.6178,6.806492000000001,"[[0. 0. 1.]
 [0. 0. 0.]
 [0. 1. 0.]]","[[0. 0. 0.]
 [0. 0. 0.]
 [0. 1. 0.]]",0.0,0.0,1.0,1.0,0.0,0.35662898868322374,0.5877245733499528,8.0,0.6798052028948232,0.6282143731485081
166664.0,20.80539999999999,2.912755999999999,"[[1. 0. 0.]
 [0. 0. 0.]
 [1. 0. 0.]]","[[0. 0. 0.]
 [0. 0. 0.]
 [0. 0. 0.]]",2.0,0.0,1.0,1.0,1.0,0.3794175990857184,-1.672169242690578,9.0,0.4716327278102436,0.0
166665.0,71.4714,10.005996000000001,"[[0. 1. 0.]
 [0. 0. 1.]
 [0. 0. 0.]]","[[0. 1. 0.]
 [0. 0. 0.]
 [0. 0. 0.]]",0.0,0.0,1.0,1.0,0.0,0.5923426063731313,1.944305371159166,10.0,0.2987505517234499,0.0
166666.0,94.10940000000002,13.175316000000004,"[[0. 0. 0.]
 [0. 0. 0.]
 [2. 1. 0.]]","[[0. 0. 0.]
 [0. 0. 0.]
 [0. 0. 0.]]",2.0,0.0,1.0,1.0,1.0,0.8236250273883343,3.354460011547208,9.0,0.2291505407388557,1.2335715847187128
166667.0,136.0436,19.046104000000003,"[[0. 3. 1.]
 [1. 1. 2.]
 [0. 0. 0.]]","[[0. 1. 0.]
 [0. 0. 0.]
 [0. 0. 0.]]",3.0,0.0,5.0,6.0,3.0,1.0799725663848223,4.322482199698613,15.0,0.19852434610670258,0.0
166668.0,65.54239999999999,9.175935999999998,"[[0. 0. 0.]
 [1. 0. 0.]
 [1. 1. 0.]]","[[0. 0. 0.]
 [0. 0. 0.]
 [1. 0. 0.]]",2.0,0.0,0.0,0.0,2.0,0.9791417427361011,3.67452313214004,15.0,1.0385162308370648,0.6682144705986472
166669.0,0.0,0.0,"[[0. 0. 0.]
 [0. 0. 0.]
 [0. 0. 0.]]","[[0. 0. 0.]
 [0. 0. 0.]
 [0. 0. 0.]]",0.0,0.0,0.0,0.0,0.0,0.8931810662150383,3.3519299052917964,7.0,1.0183507009487385,0.4682144930556804
166670.0,37.191,5.206740000000001,"[[1. 1. 0.]
 [0. 0. 0.]
 [0. 0. 0.]]","[[0. 0. 0.]
 [0. 0. 0.]
 [0. 0. 0.]]",1.0,0.0,1.0,2.0,1.0,0.6215000256896019,2.3711468980109696,6.0,1.5811506901873909,0.40535723402690543
166671.0,68.99199999999999,9.65888,"[[0. 1. 0.]
 [1. 0. 0.]
 [1. 0. 0.]]","[[0. 1. 0.]
 [0. 0. 0.]
 [0. 0. 0.]]",2.0,0.0,0.0,0.0,2.0,0.3843869586475194,1.3920958094378562,6.0,1.556972346957447,0.40535723402690543
166672.0,21.559999999999995,3.0183999999999997,"[[0. 0. 0.]
 [0. 0. 0.]
 [1. 0. 0.]]","[[0. 0. 0.]
 [0. 0. 0.]
 [1. 0. 0.]]",0.0,0.0,0.0,0.0,0.0,0.2221869330853224,0.7984509627354146,5.0,2.101265719636229,0.0
166673.0,14.229599999999998,1.992144,"[[0. 0. 1.]
 [0. 0. 0.]
 [0. 0. 0.]]","[[0. 0. 0.]
 [0. 0. 0.]
 [0. 0. 0.]]",0.0,0.0,1.0,1.0,0.0,0.6874999433755875,3.845049683310986,6.0,2.0884657019011375,0.0
166674.0,0.0,0.0,"[[0. 0. 0.]
 [0. 0. 0.]
 [0. 0. 0.]]","[[0. 0. 0.]
 [0. 0. 0.]
 [0. 0. 0.]]",0.0,0.0,0.0,0.0,0.0,0.18150002583861352,0.7412461055248976,5.0,1.9412657019011377,0.0
166675.0,50.12700000000001,7.017780000000002,"[[0. 0. 0.]
 [0. 0. 0.]
 [0. 1. 0.]]","[[0. 0. 0.]
 [0. 0. 0.]
 [0. 1. 0.]]",0.0,0.0,0.0,0.0,0.0,0.0,0.0,5.0,2.9536163787110787,0.0
166676.0,0.0,0.0,"[[0. 0. 0.]
 [0. 0. 0.]
 [0. 0. 0.]]","[[0. 0. 0.]
 [0. 0. 0.]
 [0. 0. 0.]]",0.0,0.0,0.0,0.0,0.0,0.20839346647262574,0.7017024803066254,4.0,2.8542399325940244,0.40535723402690543
166677.0,0.0,0.0,"[[0. 0. 0.]
 [0. 0. 0.]
 [0. 0. 0.]]","[[0. 0. 0.]
 [0. 0. 0.]
 [0. 0. 0.]]",0.0,0.0,0.0,0.0,0.0,0.26138791143894197,0.8090478634858133,4.0,2.7702800522853535,0.0
166678.0,66.7282,9.341948,"[[0. 0. 0.]
 [0. 1. 0.]
 [0. 0. 0.]]","[[0. 0. 0.]
 [0. 1. 0.]
 [0. 0. 0.]]",0.0,0.0,0.0,0.0,0.0,0.16308253705501558,0.5047730686926842,5.0,2.8490936615236926,0.0
166679.0,0.0,0.0,"[[0. 0. 0.]
 [0. 0. 0.]
 [0. 0. 0.]]","[[0. 0. 0.]
 [0. 0. 0.]
 [0. 0. 0.]]",0.0,0.0,0.0,0.0,0.0,0.37136574983596804,1.3202795138168335,5.0,2.7571273307960036,0.0
166680.0,0.0,0.0,"[[0. 0. 0.]
 [0. 0. 0.]
 [0. 0. 0.]]","[[0. 0. 0.]
 [0. 0. 0.]
 [0. 0. 0.]]",0.0,0.0,0.0,0.0,0.0,0.41250000000000003,1.37874,5.0,2.6771273307960035,0.0
166681.0,0.0,0.0,"[[0. 0. 0.]
 [0. 0. 0.]
 [0. 0. 0.]]","[[0. 0. 0.]
 [0. 0. 0.]
 [0. 0. 0.]]",0.0,0.0,0.0,0.0,0.0,0.07441955804824829,0.26290941467285156,5.0,2.498776643582343,0.0
166682.0,0.0,0.0,"[[0. 0. 0.]
 [0. 0. 0.]
 [0. 0. 0.]]","[[0. 0. 0.]
 [0. 0. 0.]
 [0. 0. 0.]]",0.0,0.0,0.0,0.0,0.0,0.1375,0.54054,5.0,2.3387766435823427,0.0
166683.0,0.0,0.0,"[[0. 0. 0.]
 [0. 0. 0.]
 [0. 0. 0.]]","[[0. 0. 0.]
 [0. 0. 0.]
 [0. 0. 0.]]",0.0,0.0,0.0,0.0,0.0,0.1375,0.49654000000000004,5.0,2.178776643582343,0.0
166684.0,0.0,0.0,"[[0. 0. 0.]
 [0. 0. 0.]
 [0. 0. 0.]]","[[0. 0. 0.]
 [0. 0. 0.]
 [0. 0. 0.]]",0.0,0.0,0.0,0.0,0.0,0.1375,0.6624200000000001,5.0,2.018776643582343,0.0
166685.0,0.0,0.0,"[[0. 0. 0.]
 [0. 0. 0.]
 [0. 0. 0.]]","[[0. 0. 0.]
 [0. 0. 0.]
 [0. 0. 0.]]",0.0,0.0,0.0,0.0,0.0,0.275,1.0518200000000002,5.0,1.8987766435823432,0.0
166686.0,37.191,5.206740000000001,"[[1. 0. 0.]
 [0. 1. 0.]
 [0. 0. 0.]]","[[0. 0. 0.]
 [0. 1. 0.]
 [0. 0. 0.]]",1.0,0.0,0.0,1.0,1.0,0.10312503576278687,0.3949276369571686,7.0,1.950776643582343,0.0
166687.0,23.823799999999995,3.3353319999999997,"[[0. 0. 1.]
 [0. 0. 0.]
 [0. 0. 0.]]","[[0. 0. 0.]
 [0. 0. 0.]
 [0. 0. 0.]]",0.0,0.0,1.0,1.0,0.0,0.4854553580284119,2.67349974773407,8.0,1.8035999999999999,0.0
166688.0,7.330399999999999,1.026256,"[[0. 0. 0.]
 [0. 1. 0.]
 [0. 0. 0.]]","[[0. 0. 0.]
 [0. 0. 0.]
 [0. 0. 0.]]",1.0,0.0,1.0,1.0,1.0,0.03662504069507122,0.14427336030602456,8.0,1.5060259733917685,0.0
166689.0,7.653800000000004,1.0715320000000006,"[[0. 0. 0.]
 [0. 0. 1.]
 [0. 0. 0.]]","[[0. 0. 0.]
 [0. 0. 0.]
 [0. 0. 0.]]",0.0,0.0,1.0,1.0,0.0,0.23512499034404755,0.8300852659106255,8.0,1.266025956368682,0.0
166690.0,0.0,0.0,"[[0. 0. 0.]
 [0. 0. 0.]
 [0. 0. 0.]]","[[0. 0. 0.]
 [0. 0. 0.]
 [0. 0. 0.]]",0.0,0.0,0.0,0.0,0.0,0.18553583323955536,0.7991399409294129,5.0,1.1200000058087436,0.42821439560548585
166691.0,0.0,0.0,"[[0. 0. 0.]
 [0. 0. 0.]
 [0. 0. 0.]]","[[0. 0. 0.]
 [0. 0. 0.]
 [0. 0. 0.]]",0.0,0.0,0.0,0.0,0.0,0.1375,0.5482400000000001,3.0,1.04,0.7821431506419154
166692.0,34.9272,4.889808,"[[1. 0. 0.]
 [0. 0. 0.]
 [0. 0. 0.]]","[[0. 0. 0.]
 [0. 0. 0.]
 [0. 0. 0.]]",1.0,0.0,1.0,1.0,1.0,0.03300001844763756,0.13907527774572373,3.0,0.9600000053665855,0.0
166693.0,32.98679999999999,4.6181519999999985,"[[0. 1. 0.]
 [0. 0. 0.]
 [0. 1. 0.]]","[[0. 0. 0.]
 [0. 0. 0.]
 [0. 0. 0.]]",1.0,0.0,1.0,1.0,1.0,0.283250105381012,2.07633657248497,5.0,0.8800000360228799,0.0
166694.0,0.0,0.0,"[[0. 0. 0.]
 [0. 0. 0.]
 [0. 0. 0.]]","[[0. 0. 0.]
 [0. 0. 0.]
 [0. 0. 0.]]",0.0,0.0,0.0,0.0,0.0,0.4124999433755875,1.6064397794818879,5.0,0.8000000053665854,0.0
166695.0,30.3996,4.255944,"[[0. 1. 0.]
 [0. 0. 1.]
 [0. 0. 0.]]","[[0. 0. 0.]
 [0. 1. 0.]
 [0. 0. 0.]]",0.0,0.0,1.0,1.0,0.0,0.30937503054738047,1.30383012873888,5.0,0.8172,0.0
166696.0,32.23219999999999,4.5125079999999995,"[[0. 0. 0.]
 [0. 1. 0.]
 [0. 0. 0.]]","[[0. 0. 0.]
 [0. 1. 0.]
 [0. 0. 0.]]",0.0,0.0,0.0,0.0,0.0,0.1301249533891678,0.4594972354078293,5.0,1.1344259597672306,0.0
166697.0,24.254999999999995,3.3956999999999997,"[[0. 0. 0.]
 [0. 0. 0.]
 [1. 0. 0.]]","[[0. 0. 0.]
 [0. 0. 0.]
 [1. 0. 0.]]",0.0,0.0,0.0,0.0,0.0,0.22678581327199937,1.2540348330688478,6.0,1.3887506872136612,0.0
166698.0,29.8606,4.180484000000001,"[[0. 0. 0.]
 [0. 0. 0.]
 [1. 0. 0.]]","[[0. 0. 0.]
 [0. 0. 0.]
 [1. 0. 0.]]",0.0,0.0,0.0,0.0,0.0,0.03816638868302108,0.1451849425502122,5.0,1.5678621297741158,0.42821439560548585
166699.0,0.0,0.0,"[[0. 0. 0.]
 [0. 0. 0.]
 [0. 0. 0.]]","[[0. 0. 0.]
 [0. 0. 0.]
 [0. 0. 0.]]",0.0,0.0,0.0,0.0,0.0,0.0,0.0,5.0,1.3662128169877767,0.0
166700.0,0.0,0.0,"[[0. 0. 0.]
 [0. 0. 0.]
 [0. 0. 0.]]","[[0. 0. 0.]
 [0. 0. 0.]
 [0. 0. 0.]]",0.0,0.0,0.0,0.0,0.0,0.22541083097457887,0.8127412921619416,4.0,1.2717868606190947,0.3539287550364296
166701.0,0.0,0.0,"[[0. 0. 0.]
 [0. 0. 0.]
 [0. 0. 0.]]","[[0. 0. 0.]
 [0. 0. 0.]
 [0. 0. 0.]]",0.0,0.0,0.0,0.0,0.0,0.1375,0.47333000000000003,4.0,1.1517868606190946,0.0
166702.0,0.0,0.0,"[[0. 0. 0.]
 [0. 0. 0.]
 [0. 0. 0.]]","[[0. 0. 0.]
 [0. 0. 0.]
 [0. 0. 0.]]",0.0,0.0,0.0,0.0,0.0,0.22788137197494507,0.7616706976890564,4.0,1.0580796105135601,0.0
166703.0,0.0,0.0,"[[0. 0. 0.]
 [0. 0. 0.]
 [0. 0. 0.]]","[[0. 0. 0.]
 [0. 0. 0.]
 [0. 0. 0.]]",0.0,0.0,0.0,0.0,0.0,0.1375,0.26543,4.0,0.9380796105135601,0.0
166704.0,0.0,0.0,"[[0. 0. 0.]
 [0. 0. 0.]
 [0. 0. 0.]]","[[0. 0. 0.]
 [0. 0. 0.]
 [0. 0. 0.]]",0.0,0.0,0.0,0.0,0.0,0.0,-0.0,4.0,0.7780796105135601,0.0
166705.0,0.0,0.0,"[[0. 0. 0.]
 [0. 0. 0.]
 [0. 0. 0.]]","[[0. 0. 0.]
 [0. 0. 0.]
 [0. 0. 0.]]",0.0,0.0,0.0,0.0,0.0,0.1375,0.33671,4.0,0.6580796105135601,0.0
166706.0,0.0,0.0,"[[0. 0. 0.]
 [0. 0. 0.]
 [0. 0. 0.]]","[[0. 0. 0.]
 [0. 0. 0.]
 [0. 0. 0.]]",0.0,0.0,0.0,0.0,0.0,0.07535134255886078,0.15654994930028918,4.0,0.52,0.0
166707.0,0.0,0.0,"[[0. 0. 0.]
 [0. 0. 0.]
 [0. 0. 0.]]","[[0. 0. 0.]
 [0. 0. 0.]
 [0. 0. 0.]]",0.0,0.0,0.0,0.0,0.0,0.0,0.0,4.0,0.36,0.0
166708.0,0.0,0.0,"[[0. 0. 0.]
 [0. 0. 0.]
 [0. 0. 0.]]","[[0. 0. 0.]
 [0. 0. 0.]
 [0. 0. 0.]]",0.0,0.0,0.0,0.0,0.0,0.0,0.0,4.0,0.2,0.0
166709.0,0.0,0.0,"[[0. 0. 0.]
 [0. 0. 0.]
 [0. 0. 0.]]","[[0. 0. 0.]
 [0. 0. 0.]
 [0. 0. 0.]]",0.0,0.0,0.0,0.0,0.0,0.0,0.0,4.0,0.04,0.0
166710.0,52.39079999999999,7.334712,"[[1. 0. 0.]
 [0. 1. 0.]
 [0. 1. 0.]]","[[0. 0. 0.]
 [0. 0. 0.]
 [0. 1. 0.]]",2.0,0.0,1.0,2.0,2.0,0.19800000712275506,0.7877232283371688,4.0,0.9032000020720743,1.1760720031285397
166711.0,86.34779999999999,12.088692,"[[1. 1. 1.]
 [1. 0. 1.]
 [0. 0. 0.]]","[[0. 1. 1.]
 [0. 1. 0.]
 [0. 0. 0.]]",2.0,0.0,0.0,1.0,2.0,0.33932449817657473,4.57463715461731,8.0,1.9581419845378916,0.42821439560548585
166712.0,8.300599999999996,1.1620839999999995,"[[0. 0. 0.]
 [0. 0. 1.]
 [0. 0. 0.]]","[[0. 0. 0.]
 [0. 0. 0.]
 [0. 0. 0.]]",0.0,0.0,1.0,1.0,0.0,0.44687496988877984,4.254964713293006,8.0,1.7766492613017955,0.0
166713.0,0.0,0.0,"[[0. 0. 0.]
 [0. 0. 0.]
 [0. 0. 0.]]","[[0. 0. 0.]
 [0. 0. 0.]
 [0. 0. 0.]]",0.0,0.0,0.0,0.0,0.0,0.26371126916695636,0.9782633241017413,7.0,1.5733652446310165,0.0
166714.0,0.0,0.0,"[[0. 0. 0.]
 [0. 0. 0.]
 [0. 0. 0.]]","[[0. 0. 0.]
 [0. 0. 0.]
 [0. 0. 0.]]",0.0,0.0,0.0,0.0,0.0,0.13750000156680248,0.5010500057094283,7.0,1.3333652427893776,0.0
166715.0,7.869399999999995,1.1017159999999995,"[[1. 1. 0.]
 [0. 0. 0.]
 [0. 0. 1.]]","[[0. 0. 0.]
 [0. 0. 0.]
 [0. 0. 0.]]",2.0,0.0,2.0,3.0,2.0,0.11154461622456213,0.37273748957599684,9.0,1.0966145560315135,0.42821439560548585
166716.0,0.0,0.0,"[[0. 0. 0.]
 [0. 0. 0.]
 [0. 0. 0.]]","[[0. 0. 0.]
 [0. 0. 0.]
 [0. 0. 0.]]",0.0,0.0,0.0,0.0,0.0,0.04225623980164528,0.20448639564812185,6.0,0.8689072803374467,0.0
166717.0,62.95519999999999,8.813728,"[[1. 0. 0.]
 [0. 0. 1.]
 [0. 0. 1.]]","[[0. 0. 0.]
 [0. 1. 0.]
 [0. 0. 0.]]",2.0,0.0,2.0,2.0,2.0,0.6503750517964364,2.3912989904451374,9.0,0.8245072928559125,0.0
166718.0,21.9912,3.078768,"[[1. 0. 0.]
 [0. 0. 0.]
 [1. 0. 0.]]","[[0. 0. 0.]
 [0. 0. 0.]
 [0. 0. 0.]]",2.0,0.0,1.0,1.0,1.0,0.6144880115985871,2.2544336169528965,10.0,0.6416674175826416,0.6053572115702046
166719.0,0.0,0.0,"[[0. 0. 0.]
 [0. 0. 0.]
 [0. 0. 0.]]","[[0. 0. 0.]
 [0. 0. 0.]
 [0. 0. 0.]]",0.0,0.0,0.0,0.0,0.0,0.13176836632192135,0.48206139135211706,7.0,0.4000000186270361,0.0
166720.0,52.9298,7.410172000000001,"[[0. 1. 0.]
 [0. 1. 0.]
 [0. 0. 0.]]","[[0. 0. 0.]
 [0. 1. 0.]
 [0. 0. 0.]]",0.0,0.0,1.0,1.0,0.0,0.10812493041157722,0.40464673957228664,6.0,0.674025956368682,0.4682144930556804
166721.0,0.0,0.0,"[[0. 0. 0.]
 [0. 0. 0.]
 [0. 0. 0.]]","[[0. 0. 0.]
 [0. 0. 0.]
 [0. 0. 0.]]",0.0,0.0,0.0,0.0,0.0,-1.8757002617775242e-09,-6.896574722503601e-09,3.0,0.5540259558005246,0.40535723402690543
166722.0,36.8676,5.1614640000000005,"[[0. 0. 1.]
 [0. 0. 1.]
 [0. 0. 0.]]","[[0. 0. 0.]
 [0. 0. 0.]
 [0. 0. 0.]]",0.0,0.0,2.0,2.0,0.0,0.26537503004074103,0.6402968724822999,4.0,0.4944259645396493,0.42821439560548585
166723.0,20.050799999999995,2.8071119999999996,"[[0. 0. 0.]
 [0. 0. 0.]
 [1. 0. 0.]]","[[0. 0. 0.]
 [0. 0. 0.]
 [1. 0. 0.]]",0.0,0.0,0.0,0.0,0.0,0.34237501919269564,1.1933823668980599,5.0,0.7596259558005246,0.0
166724.0,115.7772,16.208808,"[[0. 0. 1.]
 [1. 0. 0.]
 [0. 0. 0.]]","[[0. 0. 0.]
 [0. 0. 0.]
 [0. 0. 0.]]",1.0,1.0,0.0,1.0,1.0,0.0,0.0,5.0,0.8883766430141857,0.0
166725.0,92.2768,12.918752,"[[0. 0. 0.]
 [0. 1. 0.]
 [1. 0. 0.]]","[[0. 0. 0.]
 [0. 1. 0.]
 [1. 0. 0.]]",0.0,0.0,0.0,0.0,0.0,0.2305435433983803,-0.18000839868545532,7.0,1.01139454285283,0.0
166726.0,0.0,0.0,"[[0. 0. 0.]
 [0. 0. 0.]
 [0. 0. 0.]]","[[0. 0. 0.]
 [0. 0. 0.]
 [0. 0. 0.]]",0.0,0.0,0.0,0.0,0.0,0.3131663886830211,0.4750107783544064,7.0,0.8213059854132848,0.0
166727.0,0.0,0.0,"[[0. 0. 0.]
 [0. 0. 0.]
 [0. 0. 0.]]","[[0. 0. 0.]
 [0. 0. 0.]
 [0. 0. 0.]]",0.0,0.0,0.0,0.0,0.0,0.34707780331373217,0.9429409760427475,6.0,0.6822740736500069,0.0
166728.0,0.0,0.0,"[[0. 0. 0.]
 [0. 0. 0.]
 [0. 0. 0.]]","[[0. 0. 0.]
 [0. 0. 0.]
 [0. 0. 0.]]",0.0,0.0,0.0,0.0,0.0,0.18908301442861558,0.5167260618305207,6.0,0.4972800414837858,0.0
166729.0,0.0,0.0,"[[0. 0. 0.]
 [0. 0. 0.]
 [0. 0. 0.]]","[[0. 0. 0.]
 [0. 0. 0.]
 [0. 0. 0.]]",0.0,0.0,0.0,0.0,0.0,0.4598132908344269,-0.7757969842958451,6.0,0.3910439079083464,0.0
166730.0,0.0,0.0,"[[0. 0. 0.]
 [0. 0. 0.]
 [0. 0. 0.]]","[[0. 0. 0.]
 [0. 0. 0.]
 [0. 0. 0.]]",0.0,0.0,0.0,0.0,0.0,0.687499886751175,1.7665997089958194,6.0,0.3510438749632337,0.0
166731.0,0.0,0.0,"[[0. 0. 0.]
 [0. 0. 0.]
 [0. 0. 0.]]","[[0. 0. 0.]
 [0. 0. 0.]
 [0. 0. 0.]]",0.0,0.0,0.0,0.0,0.0,0.5499999433755876,1.662319828858376,6.0,0.2710438584906773,0.0
166732.0,0.0,0.0,"[[0. 0. 0.]
 [0. 0. 0.]
 [0. 0. 0.]]","[[0. 0. 0.]
 [0. 0. 0.]
 [0. 0. 0.]]",0.0,0.0,0.0,0.0,0.0,0.46391175091266634,1.2510772098612786,5.0,0.20599999835383132,0.0
166733.0,35.142799999999994,4.919992,"[[0. 0. 0.]
 [0. 0. 0.]
 [0. 0. 1.]]","[[0. 0. 0.]
 [0. 0. 0.]
 [0. 0. 1.]]",0.0,0.0,0.0,0.0,0.0,0.11687503755092621,0.38157362259626393,5.0,0.38795068556749224,0.42821439560548585
166734.0,33.0946,4.633244,"[[1. 0. 0.]
 [0. 0. 0.]
 [0. 0. 0.]]","[[0. 0. 0.]
 [0. 0. 0.]
 [0. 0. 0.]]",1.0,0.0,0.0,1.0,1.0,-0.013583553023636341,-0.07328598527312279,4.0,0.34103617340543374,0.7078575100728592
166735.0,159.8674,22.381436000000004,"[[0. 1. 1.]
 [1. 0. 0.]
 [0. 0. 1.]]","[[0. 1. 1.]
 [0. 0. 0.]
 [0. 0. 1.]]",1.0,0.0,0.0,0.0,1.0,0.28647556304931643,0.9714959294128418,7.0,0.7099575549653946,0.0
166736.0,28.674799999999987,4.014471999999999,"[[0. 0. 1.]
 [0. 0. 0.]
 [0. 0. 1.]]","[[0. 0. 0.]
 [0. 0. 0.]
 [0. 0. 1.]]",1.0,0.0,0.0,1.0,1.0,0.5055955544880977,6.505599118709251,8.0,0.8689901455680474,0.42821439560548585
166737.0,13.475000000000001,1.8865000000000003,"[[0. 0. 1.]
 [0. 0. 0.]
 [0. 0. 0.]]","[[0. 0. 0.]
 [0. 0. 0.]
 [0. 0. 0.]]",0.0,0.0,1.0,1.0,0.0,0.07689403720017315,1.6135444766084333,9.0,0.5592161030111561,0.0
166738.0,104.7816,14.669424000000001,"[[0. 1. 1.]
 [1. 1. 0.]
 [0. 0. 0.]]","[[0. 0. 1.]
 [0. 1. 0.]
 [0. 0. 0.]]",1.0,0.0,1.0,1.0,1.0,1.1357500016689301,5.621508208260537,12.0,1.500123366666026,0.0
166739.0,61.98499999999999,8.6779,"[[0. 0. 0.]
 [0. 1. 0.]
 [1. 0. 0.]]","[[0. 0. 0.]
 [0. 0. 0.]
 [0. 0. 0.]]",2.0,0.0,1.0,1.0,2.0,0.7887500146208507,2.028665037604828,11.0,1.3385493350836322,0.0
166740.0,49.264599999999994,6.897044,"[[0. 0. 0.]
 [1. 0. 0.]
 [0. 0. 1.]]","[[0. 0. 0.]
 [0. 0. 0.]
 [0. 0. 0.]]",2.0,0.0,1.0,1.0,2.0,0.7792563374955043,2.479905368445693,11.0,1.142442075909518,0.0
166741.0,0.0,0.0,"[[0. 0. 0.]
 [0. 0. 0.]
 [0. 0. 0.]]","[[0. 0. 0.]
 [0. 0. 0.]
 [0. 0. 0.]]",0.0,0.0,0.0,0.0,0.0,0.9589826345443726,3.277419051818848,9.0,1.061418830259672,0.0
166742.0,34.7116,4.859624,"[[0. 0. 1.]
 [0. 0. 0.]
 [1. 0. 0.]]","[[0. 0. 0.]
 [0. 0. 0.]
 [0. 0. 0.]]",1.0,0.0,1.0,1.0,1.0,1.1302500151097776,4.353723058202863,10.0,1.021418834655244,0.40535723402690543
166743.0,39.7782,5.568948000000001,"[[1. 0. 1.]
 [0. 0. 0.]
 [1. 0. 0.]]","[[0. 0. 0.]
 [0. 0. 0.]
 [0. 0. 0.]]",3.0,0.0,1.0,2.0,3.0,1.3077299341559412,5.161871596100331,13.0,0.934249267935701,0.0
166744.0,11.858000000000004,1.6601200000000007,"[[0. 0. 0.]
 [0. 0. 0.]
 [1. 0. 0.]]","[[0. 0. 0.]
 [0. 0. 0.]
 [0. 0. 0.]]",1.0,0.0,0.0,0.0,1.0,0.3772682731971145,1.8938867314495147,6.0,0.840000004584139,1.8789288937390565
166745.0,0.0,0.0,"[[0. 0. 0.]
 [0. 0. 0.]
 [0. 0. 0.]]","[[0. 0. 0.]
 [0. 0. 0.]
 [0. 0. 0.]]",0.0,0.0,0.0,0.0,0.0,0.1375,0.46629000000000004,2.0,0.8,1.3364289411972945
166746.0,105.1968,14.727552000000001,"[[0. 0. 0.]
 [0. 1. 0.]
 [0. 0. 1.]]","[[0. 0. 0.]
 [0. 0. 0.]
 [0. 0. 0.]]",0.0,1.0,1.0,2.0,0.0,0.275,1.06128,3.0,0.9696593692022265,0.0
166747.0,88.50380000000001,12.390532000000002,"[[2. 0. 0.]
 [0. 0. 0.]
 [0. 0. 1.]]","[[0. 0. 0.]
 [0. 0. 0.]
 [0. 0. 1.]]",2.0,0.0,2.0,2.0,2.0,0.185625047236681,0.6229576585263015,6.0,1.1336100701574674,0.0
166748.0,0.0,0.0,"[[0. 0. 0.]
 [0. 0. 0.]
 [0. 0. 0.]]","[[0. 0. 0.]
 [0. 0. 0.]
 [0. 0. 0.]]",0.0,0.0,0.0,0.0,0.0,0.5568750634789468,0.19067402173519138,6.0,1.0556100706689835,0.0
166749.0,0.0,0.0,"[[0. 0. 0.]
 [0. 0. 0.]
 [0. 0. 0.]]","[[0. 0. 0.]
 [0. 0. 0.]
 [0. 0. 0.]]",0.0,0.0,0.0,0.0,0.0,0.27499995827674867,0.8091598772335052,4.0,0.9756100585313103,0.0
166750.0,0.0,0.0,"[[0. 0. 0.]
 [0. 0. 0.]
 [0. 0. 0.]]","[[0. 0. 0.]
 [0. 0. 0.]
 [0. 0. 0.]]",0.0,0.0,0.0,0.0,0.0,0.275,0.6551600000000001,4.0,0.8956100564158873,0.0
166751.0,0.0,0.0,"[[0. 0. 0.]
 [0. 0. 0.]
 [0. 0. 0.]]","[[0. 0. 0.]
 [0. 0. 0.]
 [0. 0. 0.]]",0.0,0.0,0.0,0.0,0.0,0.12391644697636367,0.1682289684151113,3.0,0.81149554260766,0.0
166752.0,0.0,0.0,"[[0. 0. 0.]
 [0. 0. 0.]
 [0. 0. 0.]]","[[0. 0. 0.]
 [0. 0. 0.]
 [0. 0. 0.]]",0.0,0.0,0.0,0.0,0.0,0.1375,0.48818000000000006,3.0,0.7314955426076601,0.0
166753.0,0.0,0.0,"[[0. 0. 0.]
 [0. 0. 0.]
 [0. 0. 0.]]","[[0. 0. 0.]
 [0. 0. 0.]
 [0. 0. 0.]]",0.0,0.0,0.0,0.0,0.0,0.2081881880760193,0.7737938574409485,3.0,0.6720593692022263,0.0
166754.0,0.0,0.0,"[[0. 0. 0.]
 [0. 0. 0.]
 [0. 0. 0.]]","[[0. 0. 0.]
 [0. 0. 0.]
 [0. 0. 0.]]",0.0,0.0,0.0,0.0,0.0,0.027295976877212524,0.10034001100063322,3.0,0.5600000170210518,0.0
166755.0,0.0,0.0,"[[0. 0. 0.]
 [0. 0. 0.]
 [0. 0. 0.]]","[[0. 0. 0.]
 [0. 0. 0.]
 [0. 0. 0.]]",0.0,0.0,0.0,0.0,0.0,0.13749997317790985,0.7936498451828957,3.0,0.48000000921826197,0.0
166756.0,0.0,0.0,"[[0. 0. 0.]
 [0. 0. 0.]
 [0. 0. 0.]]","[[0. 0. 0.]
 [0. 0. 0.]
 [0. 0. 0.]]",0.0,0.0,0.0,0.0,0.0,0.1375,0.4554,3.0,0.400000009218262,0.0
166757.0,32.34,4.5276000000000005,"[[0. 0. 1.]
 [0. 0. 0.]
 [0. 0. 0.]]","[[0. 0. 1.]
 [0. 0. 0.]
 [0. 0. 0.]]",0.0,0.0,0.0,0.0,0.0,0.275,1.1426800000000001,4.0,0.64,0.0
166758.0,0.0,0.0,"[[0. 0. 0.]
 [0. 0. 0.]
 [0. 0. 0.]]","[[0. 0. 0.]
 [0. 0. 0.]
 [0. 0. 0.]]",0.0,0.0,0.0,0.0,0.0,0.1375,0.46992000000000006,2.0,0.6,0.6682144705986472
166759.0,78.80179999999999,11.032252,"[[0. 0. 0.]
 [1. 1. 0.]
 [1. 0. 0.]]","[[0. 0. 0.]
 [0. 1. 0.]
 [1. 0. 0.]]",1.0,0.0,0.0,0.0,1.0,0.45073922872543337,1.663047458305359,5.0,1.1587241392655807,0.0
166760.0,66.40479999999998,9.296671999999997,"[[2. 0. 1.]
 [0. 0. 0.]
 [1. 0. 0.]]","[[0. 1. 0.]
 [0. 0. 0.]
 [1. 0. 0.]]",2.0,0.0,2.0,2.0,2.0,0.3305477235466242,4.584035830144584,9.0,1.2463166401278891,0.0
166761.0,11.5346,1.614844,"[[0. 1. 0.]
 [0. 0. 0.]
 [0. 0. 0.]]","[[0. 0. 0.]
 [0. 0. 0.]
 [0. 0. 0.]]",1.0,0.0,0.0,1.0,1.0,0.3414229691028595,1.3984684814453128,9.0,1.0211183847982004,0.0
166762.0,0.0,0.0,"[[0. 0. 0.]
 [0. 0. 0.]
 [0. 0. 0.]]","[[0. 0. 0.]
 [0. 0. 0.]
 [0. 0. 0.]]",0.0,0.0,0.0,0.0,0.0,0.3447562910616398,1.0811557287693023,8.0,0.8014110914493798,0.0
166763.0,55.8404,7.817656000000001,"[[0. 0. 0.]
 [0. 0. 0.]
 [0. 0. 1.]]","[[0. 0. 0.]
 [0. 0. 0.]
 [0. 0. 0.]]",0.0,0.0,1.0,1.0,0.0,0.16225003711879254,0.3120392713868618,7.0,0.6014111033856642,0.40535723402690543
166764.0,17.787,2.49018,"[[0. 0. 0.]
 [0. 0. 0.]
 [0. 1. 0.]]","[[0. 0. 0.]
 [0. 0. 0.]
 [0. 0. 0.]]",1.0,0.0,0.0,0.0,1.0,0.45697992444038393,1.2868554672241213,8.0,0.42835071223027227,0.0
166765.0,77.6,10.864,"[[0. 0. 0.]
 [1. 0. 0.]
 [0. 0. 0.]]","[[0. 0. 0.]
 [0. 0. 0.]
 [0. 0. 0.]]",1.0,0.0,0.0,0.0,1.0,0.36120619960129263,0.9015706742048264,8.0,0.24548822872246837,0.42821439560548585
166766.0,1.7248000000000019,0.2414720000000003,"[[0. 0. 0.]
 [0. 0. 0.]
 [0. 0. 1.]]","[[0. 0. 0.]
 [0. 0. 0.]
 [0. 0. 0.]]",1.0,0.0,1.0,1.0,1.0,0.43449998609721663,1.6031311487042905,6.0,0.1654882209196785,0.42821439560548585
166767.0,0.0,0.0,"[[0. 0. 0.]
 [0. 0. 0.]
 [0. 0. 0.]]","[[0. 0. 0.]
 [0. 0. 0.]
 [0. 0. 0.]]",0.0,0.0,0.0,0.0,0.0,0.275,1.0384,5.0,0.045488220919678524,0.0
166768.0,39.4548,5.523672,"[[0. 0. 1.]
 [0. 0. 0.]
 [0. 0. 0.]]","[[0. 0. 1.]
 [0. 0. 0.]
 [0. 0. 0.]]",0.0,0.0,0.0,0.0,0.0,0.5311342835426331,2.1755260253906257,5.0,0.45360000835128533,0.6053572115702046
166769.0,45.060399999999994,6.308456,"[[0. 0. 1.]
 [0. 0. 0.]
 [1. 0. 0.]]","[[0. 0. 0.]
 [0. 0. 0.]
 [1. 0. 0.]]",1.0,0.0,0.0,1.0,1.0,0.2199999856296927,1.1791999229751529,4.0,0.8297072852275494,0.7078575100728592
166770.0,94.9718,13.296052000000001,"[[0. 1. 0.]
 [1. 0. 1.]
 [0. 0. 0.]]","[[0. 1. 0.]
 [0. 0. 0.]
 [0. 0. 0.]]",1.0,0.0,1.0,1.0,1.0,0.7397500388324261,4.476375434982777,6.0,0.8925072965242552,0.0
166771.0,54.546800000000005,7.636552000000002,"[[0. 1. 0.]
 [0. 0. 0.]
 [1. 0. 0.]]","[[0. 1. 0.]
 [0. 0. 0.]
 [0. 0. 0.]]",1.0,0.0,0.0,0.0,1.0,0.84090468659997,3.247237537774444,8.0,1.17473410503755,0.0
166772.0,0.0,0.0,"[[0. 0. 0.]
 [0. 0. 0.]
 [0. 0. 0.]]","[[0. 0. 0.]
 [0. 0. 0.]
 [0. 0. 0.]]",0.0,0.0,0.0,0.0,0.0,0.603625097202455,2.1291064428524993,7.0,1.0703341122968135,0.0
166773.0,0.0,0.0,"[[0. 0. 0.]
 [0. 0. 0.]
 [0. 0. 0.]]","[[0. 0. 0.]
 [0. 0. 0.]
 [0. 0. 0.]]",0.0,0.0,0.0,0.0,0.0,0.41249994494238995,0.9094798786089814,5.0,0.9903340962800542,0.0
166774.0,0.0,0.0,"[[0. 0. 0.]
 [0. 0. 0.]
 [0. 0. 0.]]","[[0. 0. 0.]
 [0. 0. 0.]
 [0. 0. 0.]]",0.0,0.0,0.0,0.0,0.0,0.15640533789992334,0.4050272630256415,4.0,0.8758338209629488,0.40535723402690543
166775.0,0.0,0.0,"[[0. 0. 0.]
 [0. 0. 0.]
 [0. 0. 0.]]","[[0. 0. 0.]
 [0. 0. 0.]
 [0. 0. 0.]]",0.0,0.0,0.0,0.0,0.0,0.1375,0.32813000000000003,3.0,0.7958338209629489,0.0
166776.0,0.0,0.0,"[[0. 0. 0.]
 [0. 0. 0.]
 [0. 0. 0.]]","[[0. 0. 0.]
 [0. 0. 0.]
 [0. 0. 0.]]",0.0,0.0,0.0,0.0,0.0,0.13844005204737186,0.3257217544570565,3.0,0.7161072777878583,0.0
166777.0,0.0,0.0,"[[0. 0. 0.]
 [0. 0. 0.]
 [0. 0. 0.]]","[[0. 0. 0.]
 [0. 0. 0.]
 [0. 0. 0.]]",0.0,0.0,0.0,0.0,0.0,0.1375,0.30448000000000003,3.0,0.6361072777878582,0.0
166778.0,0.0,0.0,"[[0. 0. 0.]
 [0. 0. 0.]
 [0. 0. 0.]]","[[0. 0. 0.]
 [0. 0. 0.]
 [0. 0. 0.]]",0.0,0.0,0.0,0.0,0.0,0.013381242752075195,0.05480957031250001,3.0,0.52,0.0
166779.0,0.0,0.0,"[[0. 0. 0.]
 [0. 0. 0.]
 [0. 0. 0.]]","[[0. 0. 0.]
 [0. 0. 0.]
 [0. 0. 0.]]",0.0,0.0,0.0,0.0,0.0,0.0,0.0,3.0,0.4,0.0
166780.0,0.0,0.0,"[[0. 0. 0.]
 [0. 0. 0.]
 [0. 0. 0.]]","[[0. 0. 0.]
 [0. 0. 0.]
 [0. 0. 0.]]",0.0,0.0,0.0,0.0,0.0,0.0,0.0,3.0,0.28,0.0
166781.0,0.0,0.0,"[[0. 0. 0.]
 [0. 0. 0.]
 [0. 0. 0.]]","[[0. 0. 0.]
 [0. 0. 0.]
 [0. 0. 0.]]",0.0,0.0,0.0,0.0,0.0,0.0,0.0,3.0,0.16,0.0
166782.0,47.755399999999995,6.685756,"[[0. 0. 0.]
 [0. 1. 0.]
 [0. 0. 0.]]","[[0. 0. 0.]
 [0. 0. 0.]
 [0. 0. 0.]]",0.0,0.0,1.0,1.0,0.0,0.1375,1.2804000000000002,4.0,0.0628,0.0
166783.0,42.473200000000006,5.9462480000000015,"[[0. 0. 1.]
 [1. 0. 0.]
 [0. 0. 0.]]","[[0. 0. 0.]
 [0. 0. 0.]
 [0. 0. 0.]]",1.0,0.0,1.0,1.0,1.0,0.22830788493156434,3.2562183780479432,4.0,0.29161683925281867,1.01071444559711
166784.0,199.6456,27.950384000000003,"[[0. 1. 0.]
 [1. 1. 0.]
 [2. 0. 1.]]","[[0. 1. 0.]
 [0. 0. 0.]
 [0. 0. 0.]]",4.0,0.0,2.0,2.0,4.0,0.9233267679810524,15.895254976147413,9.0,0.37942098540392794,0.3539287550364296
166785.0,51.52839999999999,7.213976,"[[0. 0. 1.]
 [0. 0. 0.]
 [0. 1. 0.]]","[[0. 1. 1.]
 [0. 0. 0.]
 [0. 0. 0.]]",0.0,0.0,0.0,0.0,0.0,0.5445000560954214,2.0503694112329187,9.0,0.3459282854826546,0.0
166786.0,64.8956,9.085384000000001,"[[0. 1. 1.]
 [0. 0. 0.]
 [0. 0. 1.]]","[[0. 1. 0.]
 [0. 0. 0.]
 [0. 0. 0.]]",0.0,0.0,2.0,2.0,0.0,1.1467500881127468,4.284258329189222,11.0,0.3587283020035292,0.0
166787.0,66.7282,9.341948,"[[0. 0. 0.]
 [0. 1. 1.]
 [0. 0. 0.]]","[[0. 0. 0.]
 [0. 1. 0.]
 [0. 0. 0.]]",0.0,0.0,1.0,1.0,0.0,0.8727562103420496,3.0323041772124175,11.0,0.28432828895863954,0.40535723402690543
166788.0,31.369799999999994,4.391772,"[[0. 0. 0.]
 [0. 0. 0.]
 [1. 0. 0.]]","[[0. 0. 0.]
 [0. 0. 0.]
 [0. 0. 0.]]",1.0,0.0,0.0,0.0,1.0,0.9277563046664,3.7110252186656,9.0,0.1978210180059935,0.40535723402690543
166789.0,25.548599999999997,3.576804,"[[0. 0. 1.]
 [1. 0. 0.]
 [0. 0. 0.]]","[[0. 0. 0.]
 [0. 0. 0.]
 [0. 0. 0.]]",1.0,0.0,1.0,1.0,1.0,0.9845000691711904,3.4394494416564707,9.0,0.1894210268578251,0.40535723402690543
166790.0,96.7884,13.550376,"[[0. 0. 1.]
 [1. 0. 0.]
 [0. 0. 0.]]","[[0. 0. 0.]
 [0. 0. 0.]
 [0. 0. 0.]]",1.0,0.0,1.0,1.0,1.0,1.086250026524067,4.017387098096609,10.0,0.5462803665617624,0.0
166791.0,50.5582,7.0781480000000006,"[[0. 0. 0.]
 [0. 1. 0.]
 [0. 1. 1.]]","[[0. 0. 0.]
 [0. 0. 0.]
 [0. 0. 0.]]",2.0,0.0,2.0,2.0,2.0,0.8236249715089798,2.9327637985491757,8.0,0.5182803457196437,0.6053572115702046
166792.0,180.44119999999998,25.261768,"[[0. 3. 0.]
 [0. 0. 0.]
 [0. 2. 0.]]","[[0. 2. 0.]
 [0. 0. 0.]
 [0. 1. 0.]]",1.0,1.0,0.0,1.0,1.0,0.5532561909407377,9.868320026571752,9.0,1.7680376299776883,0.42821439560548585
166793.0,47.432,6.640480000000001,"[[0. 0. 0.]
 [0. 0. 0.]
 [0. 0. 1.]]","[[0. 0. 0.]
 [0. 0. 0.]
 [0. 0. 1.]]",0.0,0.0,0.0,0.0,0.0,0.16657388284802438,1.8810855442261698,8.0,1.6376478257777043,0.0
166794.0,26.8422,3.757908,"[[0. 1. 0.]
 [0. 0. 0.]
 [0. 0. 0.]]","[[0. 0. 0.]
 [0. 0. 0.]
 [0. 0. 0.]]",0.0,0.0,1.0,1.0,0.0,0.6739164469763637,2.430951407533139,7.0,1.5739333119694772,0.0
166795.0,0.0,0.0,"[[0. 0. 0.]
 [0. 0. 0.]
 [0. 0. 0.]]","[[0. 0. 0.]
 [0. 0. 0.]
 [0. 0. 0.]]",0.0,0.0,0.0,0.0,0.0,0.55,1.38292,7.0,1.453933311969477,0.0
166796.0,0.0,0.0,"[[0. 0. 0.]
 [0. 0. 0.]
 [0. 0. 0.]]","[[0. 0. 0.]
 [0. 0. 0.]
 [0. 0. 0.]]",0.0,0.0,0.0,0.0,0.0,0.524881274998188,0.7243361594974995,7.0,1.326626027107365,0.0
166797.0,0.0,0.0,"[[0. 0. 0.]
 [0. 0. 0.]
 [0. 0. 0.]]","[[0. 0. 0.]
 [0. 0. 0.]
 [0. 0. 0.]]",0.0,0.0,0.0,0.0,0.0,0.23469037637114526,0.7367400295042992,5.0,1.1948995745455655,0.40535723402690543
166798.0,0.0,0.0,"[[0. 0. 0.]
 [0. 0. 0.]
 [0. 0. 0.]]","[[0. 0. 0.]
 [0. 0. 0.]
 [0. 0. 0.]]",0.0,0.0,0.0,0.0,0.0,0.275,0.69146,5.0,1.0748995745455654,0.0
166799.0,0.0,0.0,"[[0. 0. 0.]
 [0. 0. 0.]
 [0. 0. 0.]]","[[0. 0. 0.]
 [0. 0. 0.]
 [0. 0. 0.]]",0.0,0.0,0.0,0.0,0.0,0.1375,0.37422000000000005,5.0,0.9148995745455655,0.0
166800.0,0.0,0.0,"[[0. 0. 0.]
 [0. 0. 0.]
 [0. 0. 0.]]","[[0. 0. 0.]
 [0. 0. 0.]
 [0. 0. 0.]]",0.0,0.0,0.0,0.0,0.0,0.275,0.7849600000000001,5.0,0.794899562718917,0.0
166801.0,0.0,0.0,"[[0. 0. 0.]
 [0. 0. 0.]
 [0. 0. 0.]]","[[0. 0. 0.]
 [0. 0. 0.]
 [0. 0. 0.]]",0.0,0.0,0.0,0.0,0.0,0.05102428048849106,0.17258452632427215,4.0,0.6497429897701145,0.6682144705986472
166802.0,0.0,0.0,"[[0. 0. 0.]
 [0. 0. 0.]
 [0. 0. 0.]]","[[0. 0. 0.]
 [0. 0. 0.]
 [0. 0. 0.]]",0.0,0.0,0.0,0.0,0.0,0.25127163976430894,0.8679927524018288,4.0,0.5628401935166906,0.0
166803.0,0.0,0.0,"[[0. 0. 0.]
 [0. 0. 0.]
 [0. 0. 0.]]","[[0. 0. 0.]
 [0. 0. 0.]
 [0. 0. 0.]]",0.0,0.0,0.0,0.0,0.0,0.1375,0.47883000000000003,4.0,0.4428401935166906,0.0
166804.0,0.0,0.0,"[[0. 0. 0.]
 [0. 0. 0.]
 [0. 0. 0.]]","[[0. 0. 0.]
 [0. 0. 0.]
 [0. 0. 0.]]",0.0,0.0,0.0,0.0,0.0,0.1375,1.5684900000000002,4.0,0.3228401935166906,0.0
166805.0,0.0,0.0,"[[0. 0. 0.]
 [0. 0. 0.]
 [0. 0. 0.]]","[[0. 0. 0.]
 [0. 0. 0.]
 [0. 0. 0.]]",0.0,0.0,0.0,0.0,0.0,0.12773683667182922,0.44380886533260344,4.0,0.20000000054849543,0.0
166806.0,33.956999999999994,4.753979999999999,"[[0. 0. 0.]
 [1. 0. 0.]
 [0. 0. 0.]]","[[0. 0. 0.]
 [0. 0. 0.]
 [0. 0. 0.]]",1.0,0.0,0.0,0.0,1.0,0.275,1.5331800000000002,5.0,0.11400000000000002,0.0
166807.0,177.5466,24.856524000000004,"[[1. 0. 0.]
 [0. 0. 0.]
 [1. 0. 2.]]","[[0. 1. 0.]
 [0. 0. 0.]
 [1. 0. 0.]]",1.0,0.0,2.0,2.0,1.0,-0.05224984958767892,-0.2890043680393696,7.0,0.0783507309699726,0.4682144930556804
166808.0,49.588,6.9423200000000005,"[[0. 0. 0.]
 [1. 1. 0.]
 [1. 0. 0.]]","[[0. 0. 0.]
 [0. 0. 0.]
 [0. 0. 0.]]",3.0,0.0,1.0,1.0,3.0,0.7261664452031256,4.016571841707528,8.0,0.14543621664589423,0.40535723402690543
166809.0,4.4198,0.6187720000000001,"[[1. 0. 1.]
 [0. 0. 0.]
 [0. 0. 0.]]","[[0. 0. 0.]
 [0. 0. 0.]
 [0. 0. 0.]]",1.0,0.0,1.0,2.0,1.0,1.1563750443980099,4.955760890272111,10.0,0.1454361820708654,0.0
166810.0,46.785199999999996,6.549928,"[[0. 0. 0.]
 [1. 0. 0.]
 [1. 0. 1.]]","[[0. 0. 0.]
 [0. 0. 0.]
 [0. 0. 0.]]",3.0,0.0,1.0,1.0,2.0,0.596750082820654,2.001738477813602,7.0,0.10543619117412024,0.0
166811.0,39.6704,5.553856000000001,"[[1. 0. 0.]
 [0. 0. 0.]
 [0. 0. 0.]]","[[0. 0. 0.]
 [0. 0. 0.]
 [0. 0. 0.]]",1.0,0.0,1.0,1.0,1.0,0.5901101466268301,1.7599445012998582,6.0,0.04990458880013012,0.0
166812.0,0.0,0.0,"[[0. 0. 0.]
 [0. 0. 0.]
 [0. 0. 0.]]","[[0. 0. 0.]
 [0. 0. 0.]
 [0. 0. 0.]]",0.0,0.0,0.0,0.0,0.0,0.42245306298136714,1.5840300049549345,4.0,0.01280001993288015,0.40535723402690543
166813.0,0.0,0.0,"[[0. 0. 0.]
 [0. 0. 0.]
 [0. 0. 0.]]","[[0. 0. 0.]
 [0. 0. 0.]
 [0. 0. 0.]]",0.0,0.0,0.0,0.0,0.0,0.41250000000000003,1.09824,3.0,0.012800010829625301,0.0
166814.0,67.69839999999999,9.477776,"[[0. 0. 0.]
 [2. 0. 0.]
 [0. 0. 0.]]","[[0. 0. 0.]
 [0. 0. 0.]
 [0. 0. 0.]]",2.0,0.0,0.0,0.0,2.0,0.24612508416175843,0.4613368577528,4.0,1.753200023539503,0.0
166815.0,38.48459999999999,5.387843999999999,"[[0. 0. 0.]
 [1. 0. 0.]
 [1. 0. 0.]]","[[0. 0. 0.]
 [0. 0. 0.]
 [0. 0. 0.]]",2.0,0.0,0.0,0.0,2.0,0.46749999150633814,1.2405579774612188,5.0,1.7464000210686195,0.0
166816.0,53.46879999999999,7.485631999999999,"[[1. 0. 0.]
 [0. 1. 0.]
 [1. 0. 0.]]","[[0. 0. 0.]
 [0. 0. 0.]
 [0. 0. 0.]]",2.0,0.0,2.0,2.0,2.0,0.8996610578149558,2.683149138827324,8.0,1.729719577823986,0.0
166817.0,0.0,0.0,"[[0. 0. 0.]
 [0. 0. 0.]
 [0. 0. 0.]]","[[0. 0. 0.]
 [0. 0. 0.]
 [0. 0. 0.]]",0.0,0.0,0.0,0.0,0.0,0.49321411401033405,1.7262493990361691,5.0,1.6732000217611143,0.3539287550364296
166818.0,10.133200000000002,1.4186480000000004,"[[0. 0. 0.]
 [0. 0. 1.]
 [0. 0. 0.]]","[[0. 0. 0.]
 [0. 0. 0.]
 [0. 0. 0.]]",0.0,0.0,1.0,1.0,0.0,0.5417499929666519,1.6651227783823015,4.0,1.6732,0.0
166819.0,104.55,14.637,"[[0. 0. 0.]
 [0. 0. 0.]
 [1. 1. 0.]]","[[0. 0. 0.]
 [0. 0. 0.]
 [0. 1. 0.]]",1.0,0.0,0.0,0.0,1.0,-0.11412494331598283,-0.30384624908447266,3.0,2.210410056415887,0.0
166820.0,0.0,0.0,"[[0. 0. 0.]
 [0. 0. 0.]
 [0. 0. 0.]]","[[0. 0. 0.]
 [0. 0. 0.]
 [0. 0. 0.]]",0.0,0.0,0.0,0.0,0.0,0.275,0.96668,3.0,2.1704100564158875,0.0
166821.0,0.0,0.0,"[[0. 0. 0.]
 [0. 0. 0.]
 [0. 0. 0.]]","[[0. 0. 0.]
 [0. 0. 0.]
 [0. 0. 0.]]",0.0,0.0,0.0,0.0,0.0,-0.013583553023636341,-0.03877289375066757,3.0,2.04629554260766,0.0
166822.0,77.40039999999999,10.836056,"[[0. 0. 0.]
 [0. 0. 0.]
 [0. 1. 0.]]","[[0. 0. 0.]
 [0. 0. 0.]
 [0. 0. 0.]]",0.0,1.0,0.0,1.0,0.0,0.1375,0.53944,4.0,2.07909554260766,0.0
166823.0,0.0,0.0,"[[0. 0. 0.]
 [0. 0. 0.]
 [0. 0. 0.]]","[[0. 0. 0.]
 [0. 0. 0.]
 [0. 0. 0.]]",0.0,0.0,0.0,0.0,0.0,0.08143813908100128,0.2793653923034668,4.0,1.9427866376130423,0.0
166824.0,0.0,0.0,"[[0. 0. 0.]
 [0. 0. 0.]
 [0. 0. 0.]]","[[0. 0. 0.]
 [0. 0. 0.]
 [0. 0. 0.]]",0.0,0.0,0.0,0.0,0.0,0.275,1.1759,4.0,1.8627866376130424,0.0
166825.0,0.0,0.0,"[[0. 0. 0.]
 [0. 0. 0.]
 [0. 0. 0.]]","[[0. 0. 0.]
 [0. 0. 0.]
 [0. 0. 0.]]",0.0,0.0,0.0,0.0,0.0,0.3203734323382378,1.0723539527225494,4.0,1.795986181565984,0.0
166826.0,0.0,0.0,"[[0. 0. 0.]
 [0. 0. 0.]
 [0. 0. 0.]]","[[0. 0. 0.]
 [0. 0. 0.]
 [0. 0. 0.]]",0.0,0.0,0.0,0.0,0.0,0.2901067972183228,0.9030444383811952,4.0,1.7203808862113144,0.0
166827.0,0.0,0.0,"[[0. 0. 0.]
 [0. 0. 0.]
 [0. 0. 0.]]","[[0. 0. 0.]
 [0. 0. 0.]
 [0. 0. 0.]]",0.0,0.0,0.0,0.0,0.0,0.275,1.0320200000000002,4.0,1.6403808862113143,0.0
166828.0,0.0,0.0,"[[0. 0. 0.]
 [0. 0. 0.]
 [0. 0. 0.]]","[[0. 0. 0.]
 [0. 0. 0.]
 [0. 0. 0.]]",0.0,0.0,0.0,0.0,0.0,0.1375,0.23760000000000003,4.0,1.5203808862113144,0.0
166829.0,0.0,0.0,"[[0. 0. 0.]
 [0. 0. 0.]
 [0. 0. 0.]]","[[0. 0. 0.]
 [0. 0. 0.]
 [0. 0. 0.]]",0.0,0.0,0.0,0.0,0.0,0.1375,0.25729,4.0,1.4003808862113143,0.0
166830.0,5.497800000000002,0.7696920000000003,"[[0. 0. 0.]
 [0. 0. 0.]
 [0. 0. 1.]]","[[0. 0. 0.]
 [0. 0. 0.]
 [0. 0. 0.]]",1.0,0.0,1.0,1.0,1.0,0.14358144253492355,0.5120688566565513,5.0,1.2617500081605506,0.0
166831.0,40.1016,5.614224,"[[0. 0. 0.]
 [0. 0. 0.]
 [0. 0. 1.]]","[[0. 0. 0.]
 [0. 0. 0.]
 [0. 0. 0.]]",0.0,0.0,1.0,1.0,0.0,0.33773441314697267,1.1537007553100587,4.0,1.211200002715937,0.4682144930556804
166832.0,0.0,0.0,"[[0. 0. 0.]
 [0. 0. 0.]
 [0. 0. 0.]]","[[0. 0. 0.]
 [0. 0. 0.]
 [0. 0. 0.]]",0.0,0.0,0.0,0.0,0.0,0.23650005906820298,0.79123459761858,4.0,1.1200000198994142,0.0
166833.0,42.1498,5.900972,"[[0. 0. 0.]
 [2. 0. 0.]
 [0. 0. 0.]]","[[0. 0. 0.]
 [0. 0. 0.]
 [0. 0. 0.]]",2.0,0.0,0.0,0.0,2.0,0.4001250505447388,1.3610653719329835,5.0,1.2000000171834773,0.0
166834.0,46.892999999999994,6.56502,"[[1. 0. 0.]
 [0. 1. 0.]
 [1. 1. 0.]]","[[0. 0. 0.]
 [0. 0. 0.]
 [0. 0. 0.]]",4.0,0.0,2.0,2.0,3.0,0.5618678443133831,4.501235674363375,7.0,1.1494524642857638,0.0
166835.0,133.8876,18.744264,"[[2. 1. 1.]
 [0. 0. 0.]
 [1. 1. 0.]]","[[0. 0. 0.]
 [0. 0. 0.]
 [0. 0. 0.]]",4.0,0.0,3.0,4.0,4.0,0.8077899731695652,3.8935476706773042,10.0,1.1676458825284783,0.0
166836.0,26.518799999999995,3.7126319999999997,"[[0. 0. 0.]
 [0. 0. 1.]
 [1. 0. 0.]]","[[0. 0. 0.]
 [0. 0. 0.]
 [1. 0. 0.]]",0.0,0.0,1.0,1.0,0.0,0.7553032241761685,3.2296765865772965,8.0,1.1689704527074642,0.0
166837.0,48.1866,6.746124,"[[0. 0. 0.]
 [0. 0. 0.]
 [0. 0. 2.]]","[[0. 1. 0.]
 [0. 0. 0.]
 [0. 0. 0.]]",1.0,0.0,0.0,1.0,1.0,0.5032964549958706,1.7575112208455803,8.0,1.0961245855736022,0.0
166838.0,60.6914,8.496796000000002,"[[0. 0. 2.]
 [0. 0. 1.]
 [0. 0. 0.]]","[[0. 0. 0.]
 [0. 0. 1.]
 [0. 0. 0.]]",0.0,0.0,2.0,2.0,0.0,0.915750026702881,3.021242488098145,10.0,1.777324581047984,0.0
166839.0,57.67299999999999,8.074219999999999,"[[0. 0. 0.]
 [0. 1. 1.]
 [1. 0. 0.]]","[[0. 0. 0.]
 [0. 0. 0.]
 [1. 0. 0.]]",1.0,0.0,2.0,2.0,1.0,0.1601357627660036,0.5447178106248379,10.0,2.0872316135924662,0.0
166840.0,4.851000000000001,0.6791400000000002,"[[0. 0. 0.]
 [0. 0. 0.]
 [0. 1. 0.]]","[[0. 0. 0.]
 [0. 0. 0.]
 [0. 0. 0.]]",1.0,0.0,0.0,0.0,1.0,0.5951861668247564,3.066399131481145,7.0,2.002376665153881,0.3539287550364296
166841.0,7.006999999999994,0.9809799999999993,"[[0. 1. 0.]
 [0. 0. 0.]
 [0. 0. 1.]]","[[0. 0. 0.]
 [0. 0. 0.]
 [0. 0. 0.]]",1.0,0.0,1.0,2.0,1.0,0.5018750935792924,4.755768386757374,7.0,1.9223766430141855,0.0
166842.0,64.35659999999999,9.009923999999998,"[[0. 0. 0.]
 [0. 0. 0.]
 [0. 3. 0.]]","[[0. 0. 0.]
 [0. 1. 0.]
 [0. 1. 0.]]",1.0,0.0,0.0,0.0,1.0,0.11637495160102851,0.5840160571146015,6.0,2.71640260226123,0.40535723402690543
166843.0,13.151599999999997,1.8412239999999997,"[[1. 0. 0.]
 [0. 0. 0.]
 [0. 0. 0.]]","[[0. 0. 0.]
 [0. 0. 0.]
 [0. 0. 0.]]",1.0,0.0,1.0,1.0,1.0,0.43762553147971633,1.367142160342634,7.0,2.593321051202471,0.0
166844.0,73.51960000000001,10.292744000000003,"[[1. 0. 0.]
 [0. 0. 0.]
 [0. 0. 0.]]","[[0. 0. 0.]
 [0. 0. 0.]
 [0. 0. 0.]]",1.0,1.0,0.0,1.0,1.0,0.5017858281731606,1.564768926575184,7.0,2.8664950984341444,0.0
166845.0,77.6,10.864,"[[0. 0. 0.]
 [0. 1. 0.]
 [0. 0. 0.]]","[[0. 0. 0.]
 [0. 0. 0.]
 [0. 0. 0.]]",0.0,1.0,0.0,1.0,0.0,0.4086639106273651,2.294729590954781,7.0,2.937438497291446,0.0
166846.0,77.6,10.864,"[[0. 1. 0.]
 [0. 0. 0.]
 [0. 0. 0.]]","[[0. 0. 0.]
 [0. 0. 0.]
 [0. 0. 0.]]",0.0,1.0,0.0,1.0,0.0,0.41250000000000003,1.7011500000000002,7.0,2.969497867492627,0.42821439560548585
166847.0,11.318999999999999,1.58466,"[[0. 0. 0.]
 [1. 0. 0.]
 [0. 0. 0.]]","[[0. 0. 0.]
 [0. 0. 0.]
 [0. 0. 0.]]",1.0,0.0,0.0,0.0,1.0,0.35688438508659603,1.0575198098886012,8.0,2.7913187518046607,0.0
166848.0,0.0,0.0,"[[0. 0. 0.]
 [0. 0. 0.]
 [0. 0. 0.]]","[[0. 0. 0.]
 [0. 0. 0.]
 [0. 0. 0.]]",0.0,0.0,0.0,0.0,0.0,0.14139119982719422,0.3867332097673416,8.0,2.5124507238087275,0.0
166849.0,0.0,0.0,"[[0. 0. 0.]
 [0. 0. 0.]
 [0. 0. 0.]]","[[0. 0. 0.]
 [0. 0. 0.]
 [0. 0. 0.]]",0.0,0.0,0.0,0.0,0.0,0.1375,0.49071000000000004,7.0,2.2724507238087273,0.0
166850.0,0.0,0.0,"[[0. 0. 0.]
 [0. 0. 0.]
 [0. 0. 0.]]","[[0. 0. 0.]
 [0. 0. 0.]
 [0. 0. 0.]]",0.0,0.0,0.0,0.0,0.0,0.1375,0.5412000000000001,7.0,2.0324507238087275,0.0
166851.0,0.0,0.0,"[[0. 0. 0.]
 [0. 0. 0.]
 [0. 0. 0.]]","[[0. 0. 0.]
 [0. 0. 0.]
 [0. 0. 0.]]",0.0,0.0,0.0,0.0,0.0,0.1375,0.36795,7.0,1.7924507238087273,0.0
166852.0,0.0,0.0,"[[0. 0. 0.]
 [0. 0. 0.]
 [0. 0. 0.]]","[[0. 0. 0.]
 [0. 0. 0.]
 [0. 0. 0.]]",0.0,0.0,0.0,0.0,0.0,0.1375,0.58795,7.0,1.5524507238087273,0.0
166853.0,0.0,0.0,"[[0. 0. 0.]
 [0. 0. 0.]
 [0. 0. 0.]]","[[0. 0. 0.]
 [0. 0. 0.]
 [0. 0. 0.]]",0.0,0.0,0.0,0.0,0.0,0.41250000000000003,1.2549900000000003,7.0,1.3924507238087274,0.0
166854.0,0.0,0.0,"[[0. 0. 0.]
 [0. 0. 0.]
 [0. 0. 0.]]","[[0. 0. 0.]
 [0. 0. 0.]
 [0. 0. 0.]]",0.0,0.0,0.0,0.0,0.0,0.275,0.7359,7.0,1.1924507238087274,0.0
166855.0,0.0,0.0,"[[0. 0. 0.]
 [0. 0. 0.]
 [0. 0. 0.]]","[[0. 0. 0.]
 [0. 0. 0.]
 [0. 0. 0.]]",0.0,0.0,0.0,0.0,0.0,0.11461116373538971,-0.3868355998396873,7.0,0.9457921532590225,0.0
166856.0,63.709799999999994,8.919372,"[[0. 0. 0.]
 [0. 2. 0.]
 [1. 0. 0.]]","[[0. 0. 0.]
 [0. 0. 0.]
 [0. 0. 0.]]",3.0,0.0,2.0,2.0,3.0,0.7287500709295274,2.206072214717865,10.0,0.8013921738930669,0.0
166857.0,46.569599999999994,6.519744,"[[0. 0. 1.]
 [0. 1. 0.]
 [0. 0. 0.]]","[[0. 0. 1.]
 [0. 1. 0.]
 [0. 0. 0.]]",0.0,0.0,0.0,0.0,0.0,0.5513835992664099,-1.2386281173920632,11.0,0.7883019176470896,0.3539287550364296
166858.0,21.559999999999995,3.0183999999999997,"[[1. 0. 0.]
 [0. 0. 0.]
 [0. 0. 0.]]","[[0. 0. 0.]
 [0. 0. 0.]
 [0. 0. 0.]]",1.0,0.0,1.0,1.0,1.0,0.5864559628069401,14.33063790715039,8.0,0.6389072799496962,0.0
166859.0,22.637999999999998,3.16932,"[[0. 0. 0.]
 [0. 0. 0.]
 [0. 0. 2.]]","[[0. 0. 0.]
 [0. 0. 0.]
 [0. 0. 0.]]",2.0,0.0,2.0,2.0,2.0,0.49912501134196424,4.759256808147898,9.0,0.46010728040549337,0.0
166860.0,68.45299999999999,9.583419999999998,"[[0. 0. 0.]
 [0. 1. 0.]
 [1. 1. 0.]]","[[0. 0. 0.]
 [0. 0. 0.]
 [0. 0. 0.]]",2.0,0.0,1.0,1.0,2.0,0.671000136435032,2.6754117439937595,9.0,0.36130728643531596,0.42821439560548585
166861.0,0.0,0.0,"[[0. 0. 0.]
 [0. 0. 0.]
 [0. 0. 0.]]","[[0. 0. 0.]
 [0. 0. 0.]
 [0. 0. 0.]]",0.0,0.0,0.0,0.0,0.0,0.275,1.0898800000000002,4.0,0.281307286435316,0.6282143731485081
166862.0,43.01220000000001,6.021708000000001,"[[0. 0. 0.]
 [0. 1. 0.]
 [0. 0. 1.]]","[[0. 0. 0.]
 [0. 1. 0.]
 [0. 0. 0.]]",1.0,0.0,1.0,1.0,1.0,0.3858750253915787,1.431133294172287,6.0,0.2729332527222108,0.0
166863.0,28.9982,4.059748000000001,"[[0. 0. 1.]
 [0. 0. 0.]
 [0. 0. 0.]]","[[0. 0. 0.]
 [0. 0. 0.]
 [0. 0. 0.]]",0.0,0.0,1.0,1.0,0.0,0.3941671385895461,1.4540037408291175,6.0,0.16000003358474363,0.0
166864.0,3.126199999999999,0.4376679999999999,"[[0. 0. 0.]
 [0. 1. 0.]
 [0. 0. 0.]]","[[0. 0. 0.]
 [0. 0. 0.]
 [0. 0. 0.]]",1.0,0.0,1.0,1.0,1.0,0.3148749776184559,1.066292624207139,5.0,0.0800000214470705,0.0
166865.0,38.48459999999999,5.387843999999999,"[[1. 0. 0.]
 [0. 0. 0.]
 [0. 1. 0.]]","[[0. 0. 0.]
 [0. 1. 0.]
 [0. 0. 0.]]",1.0,0.0,0.0,1.0,1.0,0.3504341371357441,1.3972509915876392,5.0,0.5584000148951103,0.6053572115702046
166866.0,115.11439999999999,16.116016,"[[1. 0. 1.]
 [0. 0. 1.]
 [0. 0. 0.]]","[[0. 0. 0.]
 [0. 0. 0.]
 [0. 0. 0.]]",1.0,1.0,1.0,3.0,1.0,0.4785000673058079,5.22828313541018,7.0,0.6304593867904348,0.0
166867.0,29.645000000000003,4.1503000000000005,"[[0. 0. 0.]
 [0. 0. 1.]
 [0. 0. 0.]]","[[0. 0. 0.]
 [0. 0. 1.]
 [0. 0. 0.]]",0.0,0.0,0.0,0.0,0.0,0.2425363712012768,0.8050267232912779,5.0,0.86998684117968,0.8964288886611662
166868.0,0.0,0.0,"[[0. 0. 0.]
 [0. 0. 0.]
 [0. 0. 0.]]","[[0. 0. 0.]
 [0. 0. 0.]
 [0. 0. 0.]]",0.0,0.0,0.0,0.0,0.0,0.3647136237341745,1.3684055162506226,4.0,0.8160853338494515,0.42821439560548585
166869.0,0.0,0.0,"[[0. 0. 0.]
 [0. 0. 0.]
 [0. 0. 0.]]","[[0. 0. 0.]
 [0. 0. 0.]
 [0. 0. 0.]]",0.0,0.0,0.0,0.0,0.0,0.13750000000000007,0.37807000000000013,4.0,0.696085325002751,0.0
166870.0,0.0,0.0,"[[0. 0. 0.]
 [0. 0. 0.]
 [0. 0. 0.]]","[[0. 0. 0.]
 [0. 0. 0.]
 [0. 0. 0.]]",0.0,0.0,0.0,0.0,0.0,4.9960034784643064e-17,1.366506871429557e-16,3.0,0.576085325002751,0.0
166871.0,0.0,0.0,"[[0. 0. 0.]
 [0. 0. 0.]
 [0. 0. 0.]]","[[0. 0. 0.]
 [0. 0. 0.]
 [0. 0. 0.]]",0.0,0.0,0.0,0.0,0.0,0.027295947074890185,0.04753862142562875,3.0,0.46402596415180997,0.0
166872.0,0.0,0.0,"[[0. 0. 0.]
 [0. 0. 0.]
 [0. 0. 0.]]","[[0. 0. 0.]
 [0. 0. 0.]
 [0. 0. 0.]]",0.0,0.0,0.0,0.0,0.0,0.275,1.48456,3.0,0.42402596415180993,0.0
166873.0,0.0,0.0,"[[0. 0. 0.]
 [0. 0. 0.]
 [0. 0. 0.]]","[[0. 0. 0.]
 [0. 0. 0.]
 [0. 0. 0.]]",0.0,0.0,0.0,0.0,0.0,0.1375,0.18788000000000002,3.0,0.34402596415180997,0.0
166874.0,0.0,0.0,"[[0. 0. 0.]
 [0. 0. 0.]
 [0. 0. 0.]]","[[0. 0. 0.]
 [0. 0. 0.]
 [0. 0. 0.]]",0.0,0.0,0.0,0.0,0.0,0.275,-0.3652,3.0,0.30402596415181,0.0
166875.0,0.0,0.0,"[[0. 0. 0.]
 [0. 0. 0.]
 [0. 0. 0.]]","[[0. 0. 0.]
 [0. 0. 0.]
 [0. 0. 0.]]",0.0,0.0,0.0,0.0,0.0,0.275,0.92422,3.0,0.26402596415181,0.0
166876.0,0.0,0.0,"[[0. 0. 0.]
 [0. 0. 0.]
 [0. 0. 0.]]","[[0. 0. 0.]
 [0. 0. 0.]
 [0. 0. 0.]]",0.0,0.0,0.0,0.0,0.0,0.1375,0.55198,3.0,0.1840259558005247,0.0
166877.0,24.254999999999995,3.3956999999999997,"[[0. 0. 0.]
 [0. 0. 0.]
 [1. 0. 0.]]","[[0. 0. 0.]
 [0. 0. 0.]
 [1. 0. 0.]]",0.0,0.0,0.0,0.0,0.0,0.19241077899932862,0.8620002899169922,3.0,0.31000000000000005,0.0
166878.0,50.4504,7.063056000000001,"[[0. 0. 0.]
 [1. 0. 0.]
 [0. 1. 0.]]","[[0. 0. 0.]
 [0. 0. 0.]
 [0. 0. 0.]]",1.0,0.0,1.0,1.0,1.0,0.3272500686347485,1.7511805672782663,5.0,0.2580000199664723,0.0
166879.0,90.55199999999999,12.67728,"[[0. 0. 0.]
 [1. 0. 2.]
 [0. 0. 0.]]","[[0. 0. 0.]
 [0. 1. 1.]
 [0. 0. 0.]]",1.0,0.0,0.0,0.0,1.0,0.14474989995360377,0.4847384649646283,7.0,0.48205193751555653,0.6282143731485081
166880.0,122.56859999999998,17.159603999999998,"[[0. 0. 1.]
 [0. 1. 0.]
 [1. 0. 1.]]","[[0. 0. 1.]
 [0. 2. 0.]
 [0. 0. 0.]]",1.0,0.0,0.0,0.0,1.0,0.7719866532701833,7.5420008077883836,10.0,0.730801283669891,0.0
166881.0,9.702000000000002,1.3582800000000004,"[[0. 0. 0.]
 [0. 0. 1.]
 [0. 0. 0.]]","[[0. 0. 0.]
 [0. 0. 0.]
 [0. 0. 0.]]",1.0,0.0,0.0,1.0,1.0,0.7153375878930093,3.9223390619349487,9.0,0.6222067644132872,0.0
166882.0,16.16999999999999,2.263799999999999,"[[0. 0. 0.]
 [0. 0. 0.]
 [0. 0. 2.]]","[[0. 0. 0.]
 [0. 0. 0.]
 [0. 0. 0.]]",2.0,0.0,1.0,1.0,2.0,0.768625120818615,2.722777627987862,10.0,0.5058067834867735,0.0
166883.0,0.0,0.0,"[[0. 0. 0.]
 [0. 0. 0.]
 [0. 0. 0.]]","[[0. 0. 0.]
 [0. 0. 0.]
 [0. 0. 0.]]",0.0,0.0,0.0,0.0,0.0,0.5224107369780541,2.1878561664640905,8.0,0.33778081498041834,0.0
166884.0,36.9754,5.176556000000001,"[[2. 0. 0.]
 [0. 0. 0.]
 [0. 1. 0.]]","[[0. 0. 0.]
 [0. 0. 0.]
 [0. 0. 0.]]",3.0,0.0,2.0,2.0,3.0,0.5775000826291194,1.8609362662640747,8.0,0.2485808194589872,0.7821431506419154
166885.0,0.0,0.0,"[[0. 0. 0.]
 [0. 0. 0.]
 [0. 0. 0.]]","[[0. 0. 0.]
 [0. 0. 0.]
 [0. 0. 0.]]",0.0,0.0,0.0,0.0,0.0,0.40276954844594004,0.08957594757437706,5.0,0.1657501160363387,0.42821439560548585
166886.0,151.998,21.27972,"[[1. 0. 0.]
 [0. 1. 0.]
 [0. 0. 0.]]","[[0. 0. 0.]
 [0. 0. 0.]
 [0. 0. 0.]]",1.0,2.0,1.0,2.0,1.0,0.12787501513957977,0.37226974407434466,4.0,0.3989501204405801,0.6053572115702046
166887.0,32.23219999999999,4.5125079999999995,"[[0. 2. 0.]
 [0. 0. 0.]
 [0. 0. 0.]]","[[0. 1. 0.]
 [0. 0. 0.]
 [0. 0. 0.]]",0.0,0.0,1.0,1.0,0.0,0.2446608066558838,0.90191759765625,6.0,0.34983144151631945,0.0
166888.0,155.43159999999997,21.760423999999997,"[[0. 0. 0.]
 [0. 1. 0.]
 [0. 1. 1.]]","[[0. 0. 0.]
 [0. 1. 0.]
 [0. 0. 1.]]",0.0,1.0,0.0,1.0,0.0,0.25340377100030087,1.6242168106035284,7.0,1.16577969851038,0.6282143731485081
166889.0,40.209399999999995,5.629316,"[[0. 0. 0.]
 [0. 0. 0.]
 [0. 0. 1.]]","[[0. 0. 0.]
 [0. 0. 0.]
 [0. 0. 0.]]",0.0,0.0,1.0,1.0,0.0,0.41250000000000003,6.421470000000001,7.0,1.0149303857240413,0.42821439560548585
166890.0,130.0986,18.213804000000003,"[[0. 1. 1.]
 [0. 1. 0.]
 [0. 0. 0.]]","[[0. 0. 0.]
 [0. 0. 0.]
 [0. 0. 0.]]",1.0,1.0,2.0,3.0,1.0,1.1835062816739084,36.522057047431474,10.0,1.3164824914132227,0.0
166891.0,10.995600000000003,1.5393840000000005,"[[0. 0. 0.]
 [0. 0. 0.]
 [1. 0. 0.]]","[[0. 0. 0.]
 [0. 0. 0.]
 [0. 0. 0.]]",1.0,0.0,0.0,0.0,1.0,0.8485415017232298,3.359545513622612,11.0,1.1623679758196153,0.0
166892.0,0.0,0.0,"[[0. 0. 0.]
 [0. 0. 0.]
 [0. 0. 0.]]","[[0. 0. 0.]
 [0. 0. 0.]
 [0. 0. 0.]]",0.0,0.0,0.0,0.0,0.0,1.0511627736035734,4.4132017886972426,9.0,1.108160759140649,0.40535723402690543
166893.0,47.971000000000004,6.715940000000002,"[[0. 0. 0.]
 [0. 0. 0.]
 [2. 0. 0.]]","[[0. 0. 0.]
 [0. 0. 0.]
 [2. 0. 0.]]",0.0,0.0,0.0,0.0,0.0,0.3575000032782555,0.9289280085182192,8.0,1.5108621335679708,0.0
166894.0,0.0,0.0,"[[0. 0. 0.]
 [0. 0. 0.]
 [0. 0. 0.]]","[[0. 0. 0.]
 [0. 0. 0.]
 [0. 0. 0.]]",0.0,0.0,0.0,0.0,0.0,0.4497022790834308,1.4671087152817845,7.0,1.3615216633910618,0.0
166895.0,0.0,0.0,"[[0. 0. 0.]
 [0. 0. 0.]
 [0. 0. 0.]]","[[0. 0. 0.]
 [0. 0. 0.]
 [0. 0. 0.]]",0.0,0.0,0.0,0.0,0.0,0.4197786384262145,1.0907528140866758,7.0,1.2036390854786878,0.0
166896.0,0.0,0.0,"[[0. 0. 0.]
 [0. 0. 0.]
 [0. 0. 0.]]","[[0. 0. 0.]
 [0. 0. 0.]
 [0. 0. 0.]]",0.0,0.0,0.0,0.0,0.0,0.4937845528125763,1.312281827554703,6.0,1.107285489985628,0.42821439560548585
166897.0,0.0,0.0,"[[0. 0. 0.]
 [0. 0. 0.]
 [0. 0. 0.]]","[[0. 0. 0.]
 [0. 0. 0.]
 [0. 0. 0.]]",0.0,0.0,0.0,0.0,0.0,0.4358750566840172,1.3431925746774673,6.0,0.9940855064755239,0.0
166898.0,0.0,0.0,"[[0. 0. 0.]
 [0. 0. 0.]
 [0. 0. 0.]]","[[0. 0. 0.]
 [0. 0. 0.]
 [0. 0. 0.]]",0.0,0.0,0.0,0.0,0.0,0.55,1.87264,6.0,0.9140855064755239,0.0
166899.0,0.0,0.0,"[[0. 0. 0.]
 [0. 0. 0.]
 [0. 0. 0.]]","[[0. 0. 0.]
 [0. 0. 0.]
 [0. 0. 0.]]",0.0,0.0,0.0,0.0,0.0,0.22485772222280503,0.345021688978672,6.0,0.7394986458564293,0.0
166900.0,0.0,0.0,"[[0. 0. 0.]
 [0. 0. 0.]
 [0. 0. 0.]]","[[0. 0. 0.]
 [0. 0. 0.]
 [0. 0. 0.]]",0.0,0.0,0.0,0.0,0.0,0.1647959053516388,-0.8028856508731842,6.0,0.5474392645165298,0.0
166901.0,0.0,0.0,"[[0. 0. 0.]
 [0. 0. 0.]
 [0. 0. 0.]]","[[0. 0. 0.]
 [0. 0. 0.]
 [0. 0. 0.]]",0.0,0.0,0.0,0.0,0.0,0.1806775413453579,0.5965249705058338,6.0,0.35999999946477473,0.0
166902.0,0.0,0.0,"[[0. 0. 0.]
 [0. 0. 0.]
 [0. 0. 0.]]","[[0. 0. 0.]
 [0. 0. 0.]
 [0. 0. 0.]]",0.0,0.0,0.0,0.0,0.0,6.082106551730249e-08,3.3582959536033737e-07,5.0,0.16,0.0
166903.0,319.91839999999996,44.788576,"[[0. 0. 1.]
 [1. 1. 0.]
 [0. 2. 3.]]","[[0. 2. 0.]
 [0. 0. 0.]
 [0. 0. 1.]]",3.0,1.0,3.0,3.0,3.0,0.5365251895040274,2.064119709059894,10.0,0.44836519383035667,0.7078575100728592
166904.0,89.0428,12.465992000000002,"[[0. 0. 0.]
 [1. 0. 0.]
 [0. 1. 0.]]","[[0. 0. 0.]
 [0. 0. 0.]
 [0. 0. 0.]]",1.0,0.0,1.0,1.0,1.0,0.8866709835827351,7.23665389960885,12.0,0.45590581873498925,0.0
166905.0,32.34,4.5276000000000005,"[[1. 0. 0.]
 [0. 0. 0.]
 [0. 0. 0.]]","[[0. 0. 0.]
 [0. 0. 0.]
 [0. 0. 0.]]",1.0,0.0,0.0,1.0,1.0,0.6875,2.2451000000000003,9.0,0.3342565063127805,0.6682144705986472
166906.0,0.0,0.0,"[[0. 0. 0.]
 [0. 0. 0.]
 [0. 0. 0.]]","[[0. 0. 0.]
 [0. 0. 0.]
 [0. 0. 0.]]",0.0,0.0,0.0,0.0,0.0,0.8114164201542736,2.1135774912178515,8.0,0.25014197719015635,0.40535723402690543
166907.0,0.0,0.0,"[[0. 0. 0.]
 [0. 0. 0.]
 [0. 0. 0.]]","[[0. 0. 0.]
 [0. 0. 0.]
 [0. 0. 0.]]",0.0,0.0,0.0,0.0,0.0,0.5500000155582553,1.5039200425424935,7.0,0.13014196753245613,0.40535723402690543
166908.0,64.35659999999999,9.009923999999998,"[[0. 0. 1.]
 [0. 1. 0.]
 [1. 0. 0.]]","[[0. 0. 0.]
 [0. 1. 0.]
 [0. 0. 0.]]",1.0,0.0,1.0,1.0,0.0,1.0518572305329146,3.745453226481602,9.0,1.2373367795944241,0.0
166909.0,23.608199999999997,3.305148,"[[0. 0. 0.]
 [0. 0. 0.]
 [0. 1. 0.]]","[[0. 0. 0.]
 [0. 0. 0.]
 [0. 0. 0.]]",0.0,0.0,1.0,1.0,0.0,0.7191544635221363,1.9664559650549296,8.0,1.15894533348734,0.0
166910.0,21.559999999999995,3.0183999999999997,"[[0. 0. 1.]
 [0. 0. 0.]
 [0. 0. 0.]]","[[0. 0. 1.]
 [0. 0. 0.]
 [0. 0. 0.]]",0.0,0.0,0.0,0.0,0.0,0.40649987608194355,1.5017731421971323,7.0,1.6354785505782112,0.0
166911.0,18.757200000000005,2.626008000000001,"[[0. 1. 0.]
 [0. 0. 1.]
 [0. 0. 1.]]","[[0. 0. 0.]
 [0. 0. 0.]
 [0. 0. 0.]]",2.0,0.0,2.0,3.0,2.0,0.6182801168411971,1.9433780632552504,9.0,1.5457418106612386,0.0
166912.0,19.7274,2.761836,"[[0. 0. 0.]
 [0. 1. 0.]
 [0. 0. 0.]]","[[0. 1. 0.]
 [0. 0. 0.]
 [0. 0. 0.]]",0.0,0.0,0.0,0.0,0.0,0.3900506835430861,1.2260073085126282,5.0,1.5057418085819012,0.6682144705986472
166913.0,125.032,17.50448,"[[0. 1. 0.]
 [0. 0. 1.]
 [0. 0. 0.]]","[[0. 0. 0.]
 [0. 0. 1.]
 [0. 0. 0.]]",0.0,1.0,0.0,1.0,0.0,0.3351312927901745,1.1839518311691284,5.0,2.0192939009078636,0.0
166914.0,127.08019999999999,17.791228,"[[0. 0. 2.]
 [1. 0. 0.]
 [0. 0. 1.]]","[[0. 0. 0.]
 [0. 1. 0.]
 [0. 0. 0.]]",1.0,1.0,1.0,2.0,1.0,0.6875,2.1609499999999997,9.0,3.1077532599497517,0.0
166915.0,25.333,3.5466200000000003,"[[0. 0. 0.]
 [0. 0. 0.]
 [0. 1. 0.]]","[[0. 0. 0.]
 [0. 0. 0.]
 [0. 0. 0.]]",0.0,0.0,1.0,1.0,0.0,0.2153750590980053,0.7410625033444167,9.0,2.835379234394897,0.40535723402690543
166916.0,43.8746,6.142444000000001,"[[1. 0. 0.]
 [0. 0. 0.]
 [0. 0. 0.]]","[[0. 0. 0.]
 [0. 0. 0.]
 [0. 0. 0.]]",1.0,0.0,0.0,1.0,1.0,0.5732171177864075,1.5233818122291565,9.0,2.87933329461995,0.0
166917.0,77.6,10.864,"[[0. 0. 0.]
 [0. 1. 0.]
 [0. 0. 0.]]","[[0. 0. 0.]
 [0. 0. 0.]
 [0. 0. 0.]]",0.0,1.0,0.0,1.0,0.0,0.5499999414998873,0.8439199102374271,9.0,2.751392645177556,0.42821439560548585
166918.0,0.0,0.0,"[[0. 0. 0.]
 [0. 0. 0.]
 [0. 0. 0.]]","[[0. 0. 0.]
 [0. 0. 0.]
 [0. 0. 0.]]",0.0,0.0,0.0,0.0,0.0,0.17649320960044868,0.014684235038757328,8.0,2.4827361243340498,0.0
166919.0,0.0,0.0,"[[0. 0. 0.]
 [0. 0. 0.]
 [0. 0. 0.]]","[[0. 0. 0.]
 [0. 0. 0.]
 [0. 0. 0.]]",0.0,0.0,0.0,0.0,0.0,0.34851194322109225,0.3412628948020935,8.0,2.2641214169074586,0.0
166920.0,0.0,0.0,"[[0. 0. 0.]
 [0. 0. 0.]
 [0. 0. 0.]]","[[0. 0. 0.]
 [0. 0. 0.]
 [0. 0. 0.]]",0.0,0.0,0.0,0.0,0.0,0.35000848919153216,10.724820122411252,8.0,2.045942068308632,0.0
166921.0,0.0,0.0,"[[0. 0. 0.]
 [0. 0. 0.]
 [0. 0. 0.]]","[[0. 0. 0.]
 [0. 0. 0.]
 [0. 0. 0.]]",0.0,0.0,0.0,0.0,0.0,0.6875,-1.47455,8.0,1.925942068308632,0.0
166922.0,0.0,0.0,"[[0. 0. 0.]
 [0. 0. 0.]
 [0. 0. 0.]]","[[0. 0. 0.]
 [0. 0. 0.]
 [0. 0. 0.]]",0.0,0.0,0.0,0.0,0.0,0.30229597687721255,0.4580388641643524,8.0,1.6938827161274572,0.0
166923.0,0.0,0.0,"[[0. 0. 0.]
 [0. 0. 0.]
 [0. 0. 0.]]","[[0. 0. 0.]
 [0. 0. 0.]
 [0. 0. 0.]]",0.0,0.0,0.0,0.0,0.0,0.4750053871423006,1.565617756021023,8.0,1.512066093161523,0.0
166924.0,0.0,0.0,"[[0. 0. 0.]
 [0. 0. 0.]
 [0. 0. 0.]]","[[0. 0. 0.]
 [0. 0. 0.]
 [0. 0. 0.]]",0.0,0.0,0.0,0.0,0.0,0.5120741933584214,1.5870203400564196,8.0,1.3410331312294277,0.0
166925.0,0.0,0.0,"[[0. 0. 0.]
 [0. 0. 0.]
 [0. 0. 0.]]","[[0. 0. 0.]
 [0. 0. 0.]
 [0. 0. 0.]]",0.0,0.0,0.0,0.0,0.0,0.41250000000000003,1.3860000000000003,8.0,1.1410331102613318,0.0
166926.0,29.645000000000003,4.1503000000000005,"[[0. 0. 1.]
 [0. 0. 0.]
 [0. 0. 0.]]","[[0. 0. 1.]
 [0. 0. 0.]
 [0. 0. 0.]]",0.0,0.0,0.0,0.0,0.0,-0.05775003880262375,-0.19140672860741614,6.0,1.293540387137596,0.0
166927.0,20.913199999999996,2.9278479999999996,"[[0. 1. 0.]
 [1. 0. 0.]
 [0. 0. 1.]]","[[0. 0. 0.]
 [0. 0. 0.]
 [0. 0. 0.]]",2.0,0.0,1.0,1.0,2.0,0.422659079062139,1.3951130881683083,7.0,1.2188957258177577,0.6282143731485081
166928.0,107.3688,15.031632,"[[0. 1. 0.]
 [1. 0. 0.]
 [0. 1. 0.]]","[[0. 0. 0.]
 [0. 0. 0.]
 [0. 0. 0.]]",2.0,1.0,0.0,1.0,2.0,0.42766478516379497,2.492772499762728,7.0,1.1449072822267787,0.6053572115702046
166929.0,0.0,0.0,"[[0. 0. 0.]
 [0. 0. 0.]
 [0. 0. 0.]]","[[0. 0. 0.]
 [0. 0. 0.]
 [0. 0. 0.]]",0.0,0.0,0.0,0.0,0.0,0.4702500276267529,1.7579827032798532,6.0,1.0417072777878582,0.0
166930.0,49.6958,6.957412000000001,"[[1. 0. 0.]
 [0. 0. 1.]
 [0. 0. 1.]]","[[0. 0. 0.]
 [0. 0. 0.]
 [0. 0. 0.]]",3.0,0.0,2.0,3.0,3.0,0.484956131875515,1.5025880790030957,7.0,0.9583854252425534,0.0
166931.0,0.5389999999999961,0.07545999999999947,"[[0. 0. 0.]
 [1. 0. 0.]
 [0. 0. 0.]]","[[0. 0. 0.]
 [0. 0. 0.]
 [0. 0. 0.]]",1.0,0.0,0.0,0.0,1.0,0.6325001254677773,2.0634684093260764,8.0,0.860385417127652,0.0
166932.0,27.16559999999999,3.803183999999999,"[[0. 0. 1.]
 [0. 0. 1.]
 [1. 0. 0.]]","[[0. 0. 0.]
 [0. 0. 0.]
 [0. 0. 0.]]",1.0,0.0,2.0,2.0,1.0,0.4139252591878176,1.5474181889477374,7.0,0.8400000096407803,0.0
166933.0,18.002599999999997,2.520364,"[[0. 0. 0.]
 [0. 0. 0.]
 [0. 0. 1.]]","[[0. 0. 0.]
 [0. 0. 0.]
 [0. 0. 0.]]",1.0,0.0,1.0,1.0,1.0,0.22962501347064973,0.8876384520721436,6.0,0.6800000135595147,0.0
166934.0,10.025399999999998,1.4035559999999998,"[[1. 0. 0.]
 [0. 0. 1.]
 [0. 0. 0.]]","[[0. 0. 0.]
 [0. 0. 0.]
 [0. 0. 0.]]",2.0,0.0,1.0,2.0,2.0,0.40287508994949095,1.3939478112252384,8.0,0.5200000140641305,0.0
166935.0,14.229599999999998,1.992144,"[[0. 1. 0.]
 [0. 0. 0.]
 [0. 0. 0.]]","[[0. 0. 0.]
 [0. 0. 0.]
 [0. 0. 0.]]",0.0,0.0,1.0,1.0,0.0,0.3190000407397747,1.2946297653383019,6.0,0.4000000118515709,0.0
166936.0,69.4232,9.719248,"[[0. 1. 0.]
 [1. 0. 0.]
 [0. 0. 0.]]","[[0. 0. 0.]
 [0. 0. 0.]
 [0. 0. 0.]]",1.0,0.0,1.0,1.0,1.0,0.30112504921853545,1.1257258839985729,6.0,0.8300000143181194,0.0
166937.0,127.6192,17.866688000000003,"[[1. 0. 0.]
 [0. 0. 0.]
 [1. 0. 1.]]","[[0. 0. 0.]
 [0. 0. 0.]
 [0. 0. 0.]]",3.0,0.0,1.0,2.0,3.0,0.4124999731779099,5.983889610908032,8.0,1.8764593757175558,0.0
166938.0,89.68959999999998,12.556543999999999,"[[0. 0. 0.]
 [1. 0. 0.]
 [1. 0. 1.]]","[[0. 1. 0.]
 [0. 0. 0.]
 [1. 0. 0.]]",1.0,0.0,0.0,0.0,1.0,0.5376251065405087,2.065340609286018,11.0,2.4200593916777833,0.0
166939.0,7.330399999999999,1.026256,"[[0. 0. 1.]
 [0. 0. 0.]
 [0. 0. 0.]]","[[0. 1. 0.]
 [0. 0. 0.]
 [0. 0. 0.]]",0.0,0.0,0.0,0.0,0.0,1.0560000136494638,2.9339904379236703,9.0,2.460059377359664,0.6053572115702046
166940.0,28.9982,4.059748000000001,"[[0. 1. 0.]
 [0. 0. 0.]
 [0. 0. 0.]]","[[0. 1. 0.]
 [0. 0. 0.]
 [0. 0. 0.]]",0.0,0.0,0.0,0.0,0.0,0.6479810170829297,1.9931896085470915,8.0,2.7009629281492367,0.42821439560548585
166941.0,127.95859999999999,17.914204,"[[1. 0. 0.]
 [0. 0. 0.]
 [1. 0. 0.]]","[[0. 0. 0.]
 [0. 0. 0.]
 [1. 0. 0.]]",1.0,0.0,0.0,1.0,1.0,0.7682690992951393,1.0466898208796978,10.0,2.7696593692022264,0.0
166942.0,77.6,10.864,"[[1. 0. 0.]
 [0. 0. 0.]
 [0. 0. 0.]]","[[0. 0. 0.]
 [0. 0. 0.]
 [0. 0. 0.]]",1.0,1.0,0.0,1.0,1.0,0.2940789319574833,0.7262573303622009,8.0,2.6056196537456797,0.8107144680538109
166943.0,0.0,0.0,"[[0. 0. 0.]
 [0. 0. 0.]
 [0. 0. 0.]]","[[0. 0. 0.]
 [0. 0. 0.]
 [0. 0. 0.]]",0.0,0.0,0.0,0.0,0.0,0.1375,1.1342100000000002,8.0,2.32561965374568,0.0
166944.0,0.0,0.0,"[[0. 0. 0.]
 [0. 0. 0.]
 [0. 0. 0.]]","[[0. 0. 0.]
 [0. 0. 0.]
 [0. 0. 0.]]",0.0,0.0,0.0,0.0,0.0,0.3780920669436455,1.0477687359142303,8.0,2.115610073220195,0.0
166945.0,0.0,0.0,"[[0. 0. 0.]
 [0. 0. 0.]
 [0. 0. 0.]]","[[0. 0. 0.]
 [0. 0. 0.]
 [0. 0. 0.]]",0.0,0.0,0.0,0.0,0.0,0.37477008402347567,1.2544304252433778,8.0,1.904634097663388,0.0
166946.0,0.0,0.0,"[[0. 0. 0.]
 [0. 0. 0.]
 [0. 0. 0.]]","[[0. 0. 0.]
 [0. 0. 0.]
 [0. 0. 0.]]",0.0,0.0,0.0,0.0,0.0,0.3535445347428322,0.12586185436844827,8.0,1.6874834168613029,0.0
166947.0,0.0,0.0,"[[0. 0. 0.]
 [0. 0. 0.]
 [0. 0. 0.]]","[[0. 0. 0.]
 [0. 0. 0.]
 [0. 0. 0.]]",0.0,0.0,0.0,0.0,0.0,0.4124999731779099,0.9523799380731583,8.0,1.4874834090585132,0.0
166948.0,0.0,0.0,"[[0. 0. 0.]
 [0. 0. 0.]
 [0. 0. 0.]]","[[0. 0. 0.]
 [0. 0. 0.]
 [0. 0. 0.]]",0.0,0.0,0.0,0.0,0.0,0.4969799429178238,1.842801628339291,8.0,1.312059386041213,0.0
166949.0,0.0,0.0,"[[0. 0. 0.]
 [0. 0. 0.]
 [0. 0. 0.]]","[[0. 0. 0.]
 [0. 0. 0.]
 [0. 0. 0.]]",0.0,0.0,0.0,0.0,0.0,0.275,1.1400400000000002,7.0,1.1120593860412131,0.3539287550364296
166950.0,56.379400000000004,7.893116000000001,"[[0. 0. 0.]
 [0. 0. 0.]
 [0. 1. 0.]]","[[0. 0. 0.]
 [0. 0. 0.]
 [0. 0. 0.]]",0.0,0.0,1.0,1.0,0.0,0.55,1.92808,8.0,0.9828593692022264,0.0
166951.0,191.23719999999997,26.773208,"[[1. 0. 1.]
 [0. 0. 0.]
 [1. 0. 2.]]","[[0. 0. 0.]
 [0. 0. 0.]
 [1. 0. 1.]]",2.0,0.0,3.0,3.0,2.0,0.2708751231431961,1.0327926695203782,11.0,1.0304100917625254,0.0
166952.0,0.0,0.0,"[[0. 0. 0.]
 [0. 0. 0.]
 [0. 0. 0.]]","[[0. 0. 0.]
 [0. 0. 0.]
 [0. 0. 0.]]",0.0,0.0,0.0,0.0,0.0,0.5364164469763637,1.923803945436031,9.0,0.8262955779542981,0.40535723402690543
166953.0,0.0,0.0,"[[0. 0. 0.]
 [0. 0. 0.]
 [0. 0. 0.]]","[[0. 0. 0.]
 [0. 0. 0.]
 [0. 0. 0.]]",0.0,0.0,0.0,0.0,0.0,0.4812500152541501,1.782550056501372,8.0,0.6462955814381948,0.0
166954.0,53.89999999999999,7.545999999999999,"[[0. 0. 1.]
 [0. 0. 0.]
 [0. 0. 2.]]","[[0. 0. 0.]
 [0. 0. 0.]
 [0. 0. 1.]]",1.0,0.0,2.0,2.0,1.0,0.47829599043263027,1.7161260136722776,11.0,0.5437869079359812,0.0
166955.0,64.4644,9.025016,"[[0. 0. 0.]
 [2. 0. 0.]
 [0. 0. 1.]]","[[0. 0. 0.]
 [0. 0. 0.]
 [0. 0. 0.]]",2.0,0.0,1.0,1.0,2.0,0.8114164469763636,2.9100639454360304,12.0,0.6204723816606298,0.0
166956.0,0.0,0.0,"[[0. 0. 0.]
 [0. 0. 0.]
 [0. 0. 0.]]","[[0. 0. 0.]
 [0. 0. 0.]
 [0. 0. 0.]]",0.0,0.0,0.0,0.0,0.0,0.4647499978151526,1.270068794029249,10.0,0.3556723776438288,0.3539287550364296
166957.0,17.787,2.49018,"[[1. 0. 0.]
 [0. 0. 0.]
 [0. 0. 0.]]","[[0. 0. 0.]
 [0. 0. 0.]
 [0. 0. 0.]]",1.0,0.0,1.0,1.0,1.0,0.7760630533099174,2.9589732096600536,9.0,0.23543617525645255,0.0
166958.0,6.791400000000003,0.9507960000000005,"[[0. 0. 0.]
 [0. 0. 0.]
 [0. 1. 0.]]","[[0. 0. 0.]
 [0. 0. 0.]
 [0. 0. 0.]]",1.0,0.0,0.0,0.0,1.0,0.5885000437498094,2.1105965569043166,8.0,0.10143617749325226,0.0
166959.0,3.0183999999999944,0.4225759999999993,"[[0. 0. 0.]
 [0. 0. 1.]
 [0. 0. 0.]]","[[0. 0. 0.]
 [0. 0. 0.]
 [0. 0. 0.]]",0.0,0.0,1.0,1.0,0.0,0.429563232511282,1.5003784585154056,6.0,0.015200000000000005,0.3539287550364296
166960.0,13.259400000000001,1.8563160000000003,"[[0. 0. 0.]
 [0. 1. 0.]
 [0. 0. 0.]]","[[0. 0. 0.]
 [0. 0. 0.]
 [0. 0. 0.]]",1.0,0.0,1.0,1.0,1.0,0.22275002747774125,0.8598151060640813,2.0,0.030800000000000004,1.3364289411972945
166961.0,146.3764,20.492696000000002,"[[0. 0. 1.]
 [1. 0. 0.]
 [0. 0. 1.]]","[[0. 1. 0.]
 [0. 0. 0.]
 [0. 0. 1.]]",1.0,0.0,0.0,0.0,1.0,0.3066250063478947,2.216530845887661,4.0,0.7368593692022263,0.0
166962.0,8.084999999999996,1.1318999999999995,"[[1. 0. 0.]
 [0. 0. 0.]
 [0. 0. 0.]]","[[0. 0. 0.]
 [0. 0. 0.]
 [0. 0. 0.]]",1.0,0.0,1.0,1.0,1.0,0.20088058710098267,1.276636307144165,4.0,0.6436480349869989,0.0
166963.0,158.0348,22.124872,"[[1. 0. 1.]
 [0. 0. 1.]
 [0. 1. 0.]]","[[0. 0. 0.]
 [0. 1. 0.]
 [0. 0. 0.]]",1.0,0.0,3.0,3.0,1.0,0.5933694124221802,2.4318651998710634,7.0,1.0288360127845693,0.0
166964.0,210.5014,29.470196,"[[1. 1. 0.]
 [1. 0. 0.]
 [0. 0. 0.]]","[[0. 1. 0.]
 [0. 0. 0.]
 [0. 0. 0.]]",2.0,1.0,0.0,1.0,2.0,1.1,3.61064,10.0,1.607754751189022,0.0
166965.0,0.0,0.0,"[[0. 0. 0.]
 [0. 0. 0.]
 [0. 0. 0.]]","[[0. 0. 0.]
 [0. 0. 0.]
 [0. 0. 0.]]",0.0,0.0,0.0,0.0,0.0,0.44016652795111966,1.3381062449714038,9.0,1.375640241581009,0.40535723402690543
166966.0,0.0,0.0,"[[0. 0. 0.]
 [0. 0. 0.]
 [0. 0. 0.]]","[[0. 0. 0.]
 [0. 0. 0.]
 [0. 0. 0.]]",0.0,0.0,0.0,0.0,0.0,0.550000000352989,1.2320000007906955,7.0,1.2556402369153252,0.0
166967.0,0.0,0.0,"[[0. 0. 0.]
 [0. 0. 0.]
 [0. 0. 0.]]","[[0. 0. 0.]
 [0. 0. 0.]
 [0. 0. 0.]]",0.0,0.0,0.0,0.0,0.0,0.5765994556248188,2.00610482600987,6.0,1.183378260369818,0.0
166968.0,0.0,0.0,"[[0. 0. 0.]
 [0. 0. 0.]
 [0. 0. 0.]]","[[0. 0. 0.]
 [0. 0. 0.]
 [0. 0. 0.]]",0.0,0.0,0.0,0.0,0.0,0.5599841460585595,1.4805980821788314,6.0,1.1062827260107555,0.0
166969.0,0.0,0.0,"[[0. 0. 0.]
 [0. 0. 0.]
 [0. 0. 0.]]","[[0. 0. 0.]
 [0. 0. 0.]
 [0. 0. 0.]]",0.0,0.0,0.0,0.0,0.0,0.2928750064224005,1.144555525098741,6.0,0.9514827260107555,0.0
166970.0,0.0,0.0,"[[0. 0. 0.]
 [0. 0. 0.]
 [0. 0. 0.]]","[[0. 0. 0.]
 [0. 0. 0.]
 [0. 0. 0.]]",0.0,0.0,0.0,0.0,0.0,0.2756965228240006,0.6219713554909454,6.0,0.791685350832283,0.0
166971.0,0.0,0.0,"[[0. 0. 0.]
 [0. 0. 0.]
 [0. 0. 0.]]","[[0. 0. 0.]
 [0. 0. 0.]
 [0. 0. 0.]]",0.0,0.0,0.0,0.0,0.0,0.41250000000000003,1.44837,6.0,0.6716853508322829,0.0
166972.0,0.0,0.0,"[[0. 0. 0.]
 [0. 0. 0.]
 [0. 0. 0.]]","[[0. 0. 0.]
 [0. 0. 0.]
 [0. 0. 0.]]",0.0,0.0,0.0,0.0,0.0,0.275,1.0018799999999999,6.0,0.511685350832283,0.0
166973.0,0.0,0.0,"[[0. 0. 0.]
 [0. 0. 0.]
 [0. 0. 0.]]","[[0. 0. 0.]
 [0. 0. 0.]
 [0. 0. 0.]]",0.0,0.0,0.0,0.0,0.0,0.3022959202528,1.1018081701374056,6.0,0.35962597382726663,0.0
166974.0,0.0,0.0,"[[0. 0. 0.]
 [0. 0. 0.]
 [0. 0. 0.]]","[[0. 0. 0.]
 [0. 0. 0.]
 [0. 0. 0.]]",0.0,0.0,0.0,0.0,0.0,0.41250000000000003,1.4407800000000002,6.0,0.23962596547598136,0.0
166975.0,125.80259999999998,17.612364,"[[0. 0. 1.]
 [2. 0. 1.]
 [0. 0. 0.]]","[[0. 1. 0.]
 [0. 1. 0.]
 [0. 0. 0.]]",2.0,0.0,0.0,0.0,2.0,0.3712500467896462,1.4826241868591308,8.0,0.44013326725181484,0.0
166976.0,37.73,5.2822000000000005,"[[0. 0. 0.]
 [0. 0. 0.]
 [1. 0. 0.]]","[[0. 0. 0.]
 [0. 0. 0.]
 [0. 0. 0.]]",1.0,0.0,0.0,0.0,1.0,0.786153358174488,13.61743400895521,7.0,0.40883240432183193,1.0735717046255526
166977.0,96.3732,13.492248,"[[0. 0. 0.]
 [0. 1. 2.]
 [0. 0. 0.]]","[[0. 1. 0.]
 [0. 1. 1.]
 [0. 0. 0.]]",0.0,0.0,0.0,0.0,0.0,0.6226992750540377,2.8215749551248552,9.0,0.6312259716769006,0.0
166978.0,11.5346,1.614844,"[[0. 1. 0.]
 [0. 0. 0.]
 [0. 0. 0.]]","[[0. 0. 0.]
 [0. 0. 0.]
 [0. 0. 0.]]",1.0,0.0,0.0,1.0,1.0,0.6874999713022096,2.825899882040603,10.0,0.46842596330595354,0.0
166979.0,117.71759999999998,16.480463999999998,"[[0. 0. 1.]
 [2. 0. 0.]
 [0. 1. 0.]]","[[0. 0. 0.]
 [0. 0. 0.]
 [0. 0. 0.]]",3.0,0.0,1.0,1.0,3.0,0.9143751367926599,3.333445998691321,13.0,0.2576259860727604,0.40535723402690543
166980.0,5.066600000000001,0.7093240000000002,"[[0. 0. 0.]
 [0. 1. 0.]
 [0. 0. 0.]]","[[0. 0. 0.]
 [0. 0. 0.]
 [0. 0. 0.]]",1.0,0.0,1.0,1.0,1.0,0.874500155914575,2.5087660472877324,9.0,0.17322599172478612,0.8564287912109717
166981.0,9.162999999999997,1.2828199999999996,"[[0. 0. 0.]
 [0. 0. 1.]
 [0. 0. 0.]]","[[0. 0. 0.]
 [0. 0. 0.]
 [0. 0. 0.]]",0.0,0.0,1.0,1.0,0.0,0.6008750215172769,1.6545694592499736,6.0,0.11402596642965845,0.40535723402690543
166982.0,200.4002,28.056028000000005,"[[1. 1. 0.]
 [0. 1. 1.]
 [0. 2. 0.]]","[[0. 0. 0.]
 [0. 2. 0.]
 [0. 1. 0.]]",2.0,1.0,1.0,3.0,2.0,0.6742779016494752,2.4047447084426885,10.0,1.2055509591884714,0.0
166983.0,77.6,10.864,"[[1. 0. 0.]
 [0. 0. 0.]
 [0. 0. 0.]]","[[0. 0. 0.]
 [0. 0. 0.]
 [0. 0. 0.]]",1.0,1.0,0.0,1.0,1.0,0.41405872916802766,1.9245449731729924,9.0,2.356414442346912,0.42821439560548585
166984.0,0.0,0.0,"[[0. 0. 0.]
 [0. 0. 0.]
 [0. 0. 0.]]","[[0. 0. 0.]
 [0. 0. 0.]
 [0. 0. 0.]]",0.0,0.0,0.0,0.0,0.0,0.7894195318222046,12.808805555534363,7.0,2.30606376069519,0.0
166985.0,107.6762,15.074668,"[[1. 0. 0.]
 [0. 0. 0.]
 [2. 0. 0.]]","[[0. 0. 0.]
 [0. 0. 0.]
 [0. 0. 0.]]",3.0,0.0,0.0,1.0,2.0,0.8271274112164975,2.9505289012914897,9.0,3.187141979120779,0.42821439560548585
166986.0,71.90259999999999,10.066364,"[[0. 0. 0.]
 [0. 1. 0.]
 [0. 0. 0.]]","[[0. 1. 0.]
 [0. 0. 0.]
 [0. 0. 0.]]",0.0,0.0,0.0,0.0,0.0,0.44381575556471947,2.664314743806124,7.0,3.448759290880913,0.6282143731485081
166987.0,27.165599999999994,3.8031839999999995,"[[0. 0. 0.]
 [0. 0. 0.]
 [0. 1. 0.]]","[[0. 0. 0.]
 [0. 0. 0.]
 [0. 0. 0.]]",0.0,0.0,1.0,1.0,0.0,0.6022500388324261,2.080412534142733,7.0,3.363159285318975,0.42821439560548585
166988.0,0.0,0.0,"[[0. 0. 0.]
 [0. 0. 0.]
 [0. 0. 0.]]","[[0. 0. 0.]
 [0. 0. 0.]
 [0. 0. 0.]]",0.0,0.0,0.0,0.0,0.0,0.4840000421575656,1.7315585508229068,6.0,3.263959297582994,0.4682144930556804
166989.0,0.0,0.0,"[[0. 0. 0.]
 [0. 0. 0.]
 [0. 0. 0.]]","[[0. 0. 0.]
 [0. 0. 0.]
 [0. 0. 0.]]",0.0,0.0,0.0,0.0,0.0,0.275,0.80366,6.0,3.103959285774772,0.0
166990.0,38.16120000000001,5.342568000000002,"[[0. 0. 0.]
 [0. 1. 0.]
 [0. 0. 0.]]","[[0. 0. 0.]
 [0. 1. 0.]
 [0. 0. 0.]]",0.0,0.0,0.0,0.0,0.0,0.4031716793775559,1.3475610211515425,6.0,3.3986170203749877,0.0
166991.0,0.0,0.0,"[[0. 0. 0.]
 [0. 0. 0.]
 [0. 0. 0.]]","[[0. 0. 0.]
 [0. 0. 0.]
 [0. 0. 0.]]",0.0,0.0,0.0,0.0,0.0,0.275,0.7271000000000001,6.0,3.238617020374988,0.0
166992.0,0.0,0.0,"[[0. 0. 0.]
 [0. 0. 0.]
 [0. 0. 0.]]","[[0. 0. 0.]
 [0. 0. 0.]
 [0. 0. 0.]]",0.0,0.0,0.0,0.0,0.0,0.5020138531923295,1.6582521598649027,6.0,3.1446574140309385,0.0
166993.0,0.0,0.0,"[[0. 0. 0.]
 [0. 0. 0.]
 [0. 0. 0.]]","[[0. 0. 0.]
 [0. 0. 0.]
 [0. 0. 0.]]",0.0,0.0,0.0,0.0,0.0,0.2037200301885605,0.7327402045822144,6.0,2.963921422778386,0.0
166994.0,0.0,0.0,"[[0. 0. 0.]
 [0. 0. 0.]
 [0. 0. 0.]]","[[0. 0. 0.]
 [0. 0. 0.]
 [0. 0. 0.]]",0.0,0.0,0.0,0.0,0.0,0.275,0.9803200000000001,6.0,2.803921422778386,0.0
166995.0,0.0,0.0,"[[0. 0. 0.]
 [0. 0. 0.]
 [0. 0. 0.]]","[[0. 0. 0.]
 [0. 0. 0.]
 [0. 0. 0.]]",0.0,0.0,0.0,0.0,0.0,0.34902197271585467,1.4106072049283982,6.0,2.665455072753754,0.0
166996.0,0.0,0.0,"[[0. 0. 0.]
 [0. 0. 0.]
 [0. 0. 0.]]","[[0. 0. 0.]
 [0. 0. 0.]
 [0. 0. 0.]]",0.0,0.0,0.0,0.0,0.0,0.1375,0.67969,6.0,2.4654550727537536,0.0
166997.0,55.301399999999994,7.742196,"[[0. 0. 0.]
 [0. 0. 0.]
 [0. 1. 0.]]","[[0. 0. 0.]
 [0. 0. 0.]
 [0. 1. 0.]]",0.0,0.0,0.0,0.0,0.0,-0.11020402312278749,-0.3913565269136429,7.0,2.3065464077862403,0.0
166998.0,0.0,0.0,"[[0. 0. 0.]
 [0. 0. 0.]
 [0. 0. 0.]]","[[0. 0. 0.]
 [0. 0. 0.]
 [0. 0. 0.]]",0.0,0.0,0.0,0.0,0.0,0.49686777740716936,1.8403982475161553,7.0,2.171089747660635,0.0
166999.0,54.439,7.621460000000001,"[[0. 1. 0.]
 [0. 0. 0.]
 [1. 0. 0.]]","[[0. 1. 0.]
 [0. 0. 0.]
 [1. 0. 0.]]",0.0,0.0,0.0,0.0,0.0,0.07974996119737626,0.28722746024847035,9.0,2.3499477068671815,0.0
167000.0,43.551199999999994,6.097168,"[[0. 0. 0.]
 [0. 0. 0.]
 [0. 1. 0.]]","[[0. 1. 0.]
 [0. 0. 0.]
 [0. 0. 0.]]",0.0,0.0,0.0,0.0,0.0,0.12941649740779898,0.5903462945754159,9.0,2.065833207729917,0.0
167001.0,95.18740000000001,13.326236000000003,"[[0. 1. 0.]
 [1. 0. 0.]
 [1. 0. 0.]]","[[0. 0. 0.]
 [0. 0. 0.]
 [0. 0. 0.]]",2.0,1.0,0.0,1.0,2.0,0.5971290916971317,2.5456807437232114,12.0,1.8463434805764976,0.0
167002.0,2.9105999999999987,0.40748399999999985,"[[0. 0. 0.]
 [0. 1. 0.]
 [0. 0. 0.]]","[[0. 0. 0.]
 [0. 0. 0.]
 [0. 0. 0.]]",1.0,0.0,1.0,1.0,1.0,0.5013374596834184,1.725804071214199,12.0,1.5413870746854264,0.0
167003.0,17.032400000000003,2.3845360000000007,"[[1. 0. 0.]
 [0. 0. 0.]
 [0. 0. 0.]]","[[0. 0. 0.]
 [0. 0. 0.]
 [0. 0. 0.]]",1.0,0.0,1.0,1.0,1.0,0.6355046279728414,1.8053415471452476,10.0,1.343061148277525,0.40535723402690543
167004.0,153.1678,21.443492000000003,"[[0. 1. 0.]
 [0. 3. 1.]
 [0. 0. 0.]]","[[0. 1. 0.]
 [0. 0. 0.]
 [0. 0. 0.]]",1.0,1.0,3.0,4.0,1.0,0.7350962814874947,2.0576815111397955,13.0,1.748566689045241,0.42821439560548585
167005.0,67.5906,9.462684,"[[0. 1. 1.]
 [1. 1. 0.]
 [0. 0. 0.]]","[[0. 2. 0.]
 [0. 0. 0.]
 [0. 0. 0.]]",2.0,0.0,0.0,1.0,2.0,0.6393522765487433,1.702722982904613,13.0,1.5633640506890734,0.40535723402690543
167006.0,126.66499999999999,17.7331,"[[0. 0. 1.]
 [0. 2. 1.]
 [0. 2. 1.]]","[[0. 1. 0.]
 [0. 0. 0.]
 [0. 1. 0.]]",4.0,0.0,4.0,4.0,4.0,1.7490001291036608,5.600998013441564,17.0,2.3621640706988942,0.4682144930556804
167007.0,73.51960000000001,10.292744000000003,"[[1. 0. 1.]
 [0. 0. 0.]
 [0. 1. 0.]]","[[0. 0. 0.]
 [0. 0. 0.]
 [0. 0. 0.]]",2.0,0.0,2.0,2.0,2.0,1.5533275969326499,5.628016549206377,17.0,2.1806466310447767,0.0
167008.0,14.337400000000002,2.0072360000000007,"[[0. 0. 0.]
 [0. 0. 1.]
 [0. 0. 0.]]","[[0. 0. 0.]
 [0. 0. 0.]
 [0. 0. 0.]]",0.0,0.0,1.0,1.0,0.0,0.6114916238933802,8.611758837615252,11.0,1.943895591494466,1.5700004571171458
167009.0,41.71860000000001,5.840604000000002,"[[0. 0. 0.]
 [0. 1. 0.]
 [0. 0. 0.]]","[[0. 0. 0.]
 [0. 0. 0.]
 [0. 0. 0.]]",0.0,0.0,1.0,1.0,0.0,0.9142354883253576,8.900265325945021,10.0,1.8150549842486958,0.0
167010.0,42.68879999999999,5.976432,"[[2. 0. 0.]
 [0. 0. 0.]
 [0. 0. 0.]]","[[0. 0. 0.]
 [0. 0. 0.]
 [0. 0. 0.]]",2.0,0.0,1.0,2.0,2.0,0.7918621629476548,3.5082661267232895,9.0,3.1270148739551202,0.40535723402690543
167011.0,0.0,0.0,"[[0. 0. 0.]
 [0. 0. 0.]
 [0. 0. 0.]]","[[0. 0. 0.]
 [0. 0. 0.]
 [0. 0. 0.]]",0.0,0.0,0.0,0.0,0.0,0.32891787588596344,1.4022426884770391,7.0,2.942700074212855,0.40535723402690543
167012.0,0.0,0.0,"[[0. 0. 0.]
 [0. 0. 0.]
 [0. 0. 0.]]","[[0. 0. 0.]
 [0. 0. 0.]
 [0. 0. 0.]]",0.0,0.0,0.0,0.0,0.0,0.275,0.9966000000000002,6.0,2.782700070190083,0.0
167013.0,0.0,0.0,"[[0. 0. 0.]
 [0. 0. 0.]
 [0. 0. 0.]]","[[0. 0. 0.]
 [0. 0. 0.]
 [0. 0. 0.]]",0.0,0.0,0.0,0.0,0.0,0.1375,0.55715,4.0,2.6627000701900827,0.0
167014.0,0.0,0.0,"[[0. 0. 0.]
 [0. 0. 0.]
 [0. 0. 0.]]","[[0. 0. 0.]
 [0. 0. 0.]
 [0. 0. 0.]]",0.0,0.0,0.0,0.0,0.0,0.23815894573926927,0.9391083548390866,4.0,2.5719826725869614,0.0
167015.0,77.6,10.864,"[[0. 0. 0.]
 [0. 0. 0.]
 [0. 0. 1.]]","[[0. 0. 0.]
 [0. 0. 0.]
 [0. 0. 0.]]",0.0,1.0,0.0,1.0,0.0,0.1375,0.50248,5.0,2.6840420417891875,0.0
167016.0,0.0,0.0,"[[0. 0. 0.]
 [0. 0. 0.]
 [0. 0. 0.]]","[[0. 0. 0.]
 [0. 0. 0.]
 [0. 0. 0.]]",0.0,0.0,0.0,0.0,0.0,0.1383657157421112,0.5200337060451508,5.0,2.524293876283472,0.0
167017.0,0.0,0.0,"[[0. 0. 0.]
 [0. 0. 0.]
 [0. 0. 0.]]","[[0. 0. 0.]
 [0. 0. 0.]
 [0. 0. 0.]]",0.0,0.0,0.0,0.0,0.0,0.2830209681764245,0.9471013679055871,5.0,2.406627248843887,0.0
167018.0,0.0,0.0,"[[0. 0. 0.]
 [0. 0. 0.]
 [0. 0. 0.]]","[[0. 0. 0.]
 [0. 0. 0.]
 [0. 0. 0.]]",0.0,0.0,0.0,0.0,0.0,0.20753952004015447,0.7451498927521706,5.0,2.2670023707131066,0.0
167019.0,0.0,0.0,"[[0. 0. 0.]
 [0. 0. 0.]
 [0. 0. 0.]]","[[0. 0. 0.]
 [0. 0. 0.]
 [0. 0. 0.]]",0.0,0.0,0.0,0.0,0.0,0.1375,0.49951,5.0,2.1070023707131065,0.0
167020.0,0.0,0.0,"[[0. 0. 0.]
 [0. 0. 0.]
 [0. 0. 0.]]","[[0. 0. 0.]
 [0. 0. 0.]
 [0. 0. 0.]]",0.0,0.0,0.0,0.0,0.0,0.0,0.0,5.0,1.9070023707131065,0.0
167021.0,0.0,0.0,"[[0. 0. 0.]
 [0. 0. 0.]
 [0. 0. 0.]]","[[0. 0. 0.]
 [0. 0. 0.]
 [0. 0. 0.]]",0.0,0.0,0.0,0.0,0.0,0.0,0.0,5.0,1.7070023707131066,0.0
167022.0,0.0,0.0,"[[0. 0. 0.]
 [0. 0. 0.]
 [0. 0. 0.]]","[[0. 0. 0.]
 [0. 0. 0.]
 [0. 0. 0.]]",0.0,0.0,0.0,0.0,0.0,0.017383450642228127,0.0717588842511177,5.0,1.5120593692022262,0.0
167023.0,0.0,0.0,"[[0. 0. 0.]
 [0. 0. 0.]
 [0. 0. 0.]]","[[0. 0. 0.]
 [0. 0. 0.]
 [0. 0. 0.]]",0.0,0.0,0.0,0.0,0.0,0.1375,0.5160100000000001,5.0,1.3520593692022265,0.0
167024.0,21.559999999999995,3.0183999999999997,"[[0. 0. 0.]
 [0. 0. 0.]
 [1. 0. 0.]]","[[0. 0. 0.]
 [0. 0. 0.]
 [0. 0. 0.]]",1.0,0.0,0.0,0.0,1.0,0.02525586448609829,0.11722762059867384,6.0,1.1994065297800005,0.0
167025.0,19.188399999999994,2.6863759999999997,"[[1. 0. 0.]
 [0. 0. 0.]
 [0. 0. 0.]]","[[0. 0. 0.]
 [0. 0. 0.]
 [0. 0. 0.]]",1.0,0.0,0.0,1.0,1.0,0.11556480824947357,0.6455912448048593,6.0,1.0818253830889382,0.0
167026.0,51.744,7.244160000000001,"[[0. 0. 0.]
 [1. 1. 0.]
 [0. 0. 0.]]","[[0. 0. 0.]
 [0. 0. 0.]
 [0. 0. 0.]]",2.0,0.0,1.0,1.0,2.0,0.46173115298151973,1.8243921316605811,7.0,0.9441471730471984,0.0
167027.0,0.0,0.0,"[[0. 0. 0.]
 [0. 0. 0.]
 [0. 0. 0.]]","[[0. 0. 0.]
 [0. 0. 0.]
 [0. 0. 0.]]",0.0,0.0,0.0,0.0,0.0,0.6567441955208779,2.345890266400576,7.0,0.8552000124694246,0.0
167028.0,79.233,11.092620000000002,"[[0. 0. 1.]
 [0. 0. 0.]
 [2. 0. 0.]]","[[0. 0. 0.]
 [0. 0. 0.]
 [0. 0. 0.]]",2.0,0.0,1.0,1.0,2.0,0.6833751618862152,2.4393759778690334,8.0,0.7600000187266958,0.0
167029.0,23.9316,3.3504240000000003,"[[0. 0. 0.]
 [0. 0. 1.]
 [0. 0. 0.]]","[[0. 0. 0.]
 [0. 0. 0.]
 [0. 0. 0.]]",0.0,0.0,1.0,1.0,0.0,0.44275005571544174,1.580794798926413,5.0,0.7200000315362758,0.4682144930556804
167030.0,0.0,0.0,"[[0. 0. 0.]
 [0. 0. 0.]
 [0. 0. 0.]]","[[0. 0. 0.]
 [0. 0. 0.]
 [0. 0. 0.]]",0.0,0.0,0.0,0.0,0.0,0.41250000000000003,1.4972100000000002,4.0,0.6800000162081286,0.0
167031.0,93.5704,13.099856000000003,"[[0. 0. 0.]
 [0. 1. 0.]
 [0. 0. 1.]]","[[0. 0. 0.]
 [0. 1. 0.]
 [0. 0. 1.]]",0.0,0.0,0.0,0.0,0.0,0.4124999433755875,2.304389683673382,4.0,1.172799999735572,0.0
167032.0,75.8912,10.624768000000001,"[[0. 1. 0.]
 [0. 0. 0.]
 [2. 0. 0.]]","[[0. 1. 0.]
 [0. 0. 0.]
 [0. 0. 0.]]",2.0,0.0,0.0,0.0,2.0,0.3795000180602074,1.3722720653057099,6.0,1.279950687213661,0.0
167033.0,0.0,0.0,"[[0. 0. 0.]
 [0. 0. 0.]
 [0. 0. 0.]]","[[0. 0. 0.]
 [0. 0. 0.]
 [0. 0. 0.]]",0.0,0.0,0.0,0.0,0.0,-0.006000097095966328,-0.029755681518316215,6.0,1.0364839204586072,0.0
167034.0,29.645000000000003,4.1503000000000005,"[[0. 0. 0.]
 [0. 1. 0.]
 [0. 0. 0.]]","[[0. 0. 0.]
 [0. 1. 0.]
 [0. 0. 0.]]",0.0,0.0,0.0,0.0,0.0,0.5364164469763637,8.529879773239346,7.0,1.4823694066503799,0.0
167035.0,0.0,0.0,"[[0. 0. 0.]
 [0. 0. 0.]
 [0. 0. 0.]]","[[0. 0. 0.]
 [0. 0. 0.]
 [0. 0. 0.]]",0.0,0.0,0.0,0.0,0.0,0.42506943792104723,1.7659084728991985,6.0,1.36602597040923,0.0
167036.0,0.0,0.0,"[[0. 0. 0.]
 [0. 0. 0.]
 [0. 0. 0.]]","[[0. 0. 0.]
 [0. 0. 0.]
 [0. 0. 0.]]",0.0,0.0,0.0,0.0,0.0,0.3624999545514584,1.3542998302042486,6.0,1.230451912737364,0.0
167037.0,100.793,14.111020000000002,"[[0. 0. 1.]
 [0. 0. 1.]
 [0. 0. 0.]]","[[0. 0. 1.]
 [0. 0. 1.]
 [0. 0. 0.]]",0.0,0.0,0.0,0.0,0.0,0.3547499611973763,0.7844231141996384,5.0,1.5589591896136281,1.0735717046255526
167038.0,0.0,0.0,"[[0. 0. 0.]
 [0. 0. 0.]
 [0. 0. 0.]]","[[0. 0. 0.]
 [0. 0. 0.]
 [0. 0. 0.]]",0.0,0.0,0.0,0.0,0.0,0.10666072070598603,0.3873064090275765,5.0,1.3889591896136282,0.0
167039.0,0.0,0.0,"[[0. 0. 0.]
 [0. 0. 0.]
 [0. 0. 0.]]","[[0. 0. 0.]
 [0. 0. 0.]
 [0. 0. 0.]]",0.0,0.0,0.0,0.0,0.0,0.13749999812429975,0.5076499930749147,5.0,1.2289591890454707,0.0
167040.0,0.0,0.0,"[[0. 0. 0.]
 [0. 0. 0.]
 [0. 0. 0.]]","[[0. 0. 0.]
 [0. 0. 0.]
 [0. 0. 0.]]",0.0,0.0,0.0,0.0,0.0,0.13750000000000007,0.4059000000000002,5.0,1.0689591890454708,0.0
167041.0,0.0,0.0,"[[0. 0. 0.]
 [0. 0. 0.]
 [0. 0. 0.]]","[[0. 0. 0.]
 [0. 0. 0.]
 [0. 0. 0.]]",0.0,0.0,0.0,0.0,0.0,0.13750000000000007,0.5029200000000003,5.0,0.9089591890454707,0.0
167042.0,0.0,0.0,"[[0. 0. 0.]
 [0. 0. 0.]
 [0. 0. 0.]]","[[0. 0. 0.]
 [0. 0. 0.]
 [0. 0. 0.]]",0.0,0.0,0.0,0.0,0.0,0.29553583785891535,1.0502161534154417,5.0,0.7949332509680644,0.0
167043.0,0.0,0.0,"[[0. 0. 0.]
 [0. 0. 0.]
 [0. 0. 0.]]","[[0. 0. 0.]
 [0. 0. 0.]
 [0. 0. 0.]]",0.0,0.0,0.0,0.0,0.0,0.39041082710027697,1.401106376297474,5.0,0.7085072945993823,0.0
167044.0,0.0,0.0,"[[0. 0. 0.]
 [0. 0. 0.]
 [0. 0. 0.]]","[[0. 0. 0.]
 [0. 0. 0.]
 [0. 0. 0.]]",0.0,0.0,0.0,0.0,0.0,0.17700621858239174,0.6148488008677959,5.0,0.5600000055854452,0.0
167045.0,0.0,0.0,"[[0. 0. 0.]
 [0. 0. 0.]
 [0. 0. 0.]]","[[0. 0. 0.]
 [0. 0. 0.]
 [0. 0. 0.]]",0.0,0.0,0.0,0.0,0.0,0.1375,0.60489,5.0,0.4,0.0
167046.0,21.021,2.9429400000000006,"[[0. 0. 0.]
 [1. 0. 1.]
 [0. 0. 0.]]","[[0. 0. 0.]
 [0. 0. 0.]
 [0. 0. 0.]]",1.0,0.0,1.0,1.0,1.0,0.1306250523775816,0.4725491894811392,6.0,0.24000000620321796,0.6282143731485081
167047.0,118.25659999999999,16.555924,"[[0. 0. 1.]
 [0. 0. 0.]
 [0. 2. 1.]]","[[0. 0. 0.]
 [0. 0. 0.]
 [0. 2. 0.]]",1.0,0.0,1.0,2.0,1.0,0.48950011983979497,9.829554006478956,8.0,0.4236000348624859,0.42821439560548585
167048.0,42.149799999999985,5.9009719999999986,"[[0. 0. 0.]
 [1. 0. 0.]
 [1. 0. 0.]]","[[0. 0. 0.]
 [0. 0. 0.]
 [0. 0. 0.]]",2.0,0.0,0.0,0.0,2.0,0.6429250299930573,13.517884510622027,7.0,0.49369809482527244,0.6053572115702046
167049.0,17.140199999999997,2.399628,"[[0. 0. 0.]
 [0. 0. 0.]
 [0. 1. 0.]]","[[0. 0. 0.]
 [0. 0. 0.]
 [0. 0. 0.]]",1.0,0.0,0.0,0.0,1.0,0.4395724438130856,3.0966999521744256,7.0,0.3579736981716636,0.0
167050.0,75.2444,10.534216,"[[0. 0. 0.]
 [1. 0. 1.]
 [1. 0. 0.]]","[[0. 0. 0.]
 [0. 0. 1.]
 [1. 0. 0.]]",1.0,0.0,0.0,0.0,1.0,0.17416731640696526,0.7209133560717106,9.0,0.288411975622374,0.0
167051.0,56.810599999999994,7.9534839999999996,"[[0. 0. 1.]
 [0. 0. 0.]
 [0. 1. 1.]]","[[0. 0. 0.]
 [0. 0. 0.]
 [0. 0. 0.]]",2.0,0.0,2.0,2.0,2.0,0.7685693088918923,2.7680792229050395,10.0,0.18119575084359169,0.42821439560548585
167052.0,41.718599999999995,5.840604,"[[0. 0. 0.]
 [1. 0. 0.]
 [0. 0. 1.]]","[[0. 0. 0.]
 [0. 0. 0.]
 [0. 0. 0.]]",2.0,0.0,1.0,1.0,2.0,0.7213964603841305,2.650699154035449,8.0,0.15625652565542314,0.0
167053.0,25.440799999999992,3.561711999999999,"[[0. 0. 0.]
 [0. 1. 0.]
 [0. 0. 0.]]","[[0. 0. 0.]
 [0. 0. 0.]
 [0. 0. 0.]]",0.0,0.0,1.0,1.0,0.0,0.5629669077694417,1.7996926107573512,7.0,0.06562869163012687,0.4682144930556804
167054.0,59.7212,8.360968000000002,"[[0. 0. 0.]
 [0. 0. 0.]
 [0. 1. 0.]]","[[0. 0. 0.]
 [0. 0. 0.]
 [0. 0. 0.]]",0.0,0.0,1.0,1.0,0.0,0.7631250053644181,2.713672519075871,7.0,0.0260286803074118,0.0
167055.0,10.133200000000002,1.4186480000000004,"[[1. 0. 0.]
 [0. 0. 0.]
 [0. 0. 0.]]","[[0. 0. 0.]
 [0. 0. 0.]
 [0. 0. 0.]]",1.0,0.0,1.0,1.0,1.0,0.7272765576839447,2.6461230274772647,6.0,1.3629069777433836e-08,0.3539287550364296
167056.0,67.4828,9.447592,"[[0. 1. 0.]
 [0. 1. 0.]
 [0. 0. 1.]]","[[0. 1. 0.]
 [0. 1. 0.]
 [0. 0. 0.]]",0.0,0.0,1.0,1.0,0.0,0.4455000184476376,4.080423768965602,4.0,1.0792000198797747,1.0964288662041886
167057.0,89.90520000000001,12.586728000000003,"[[1. 0. 1.]
 [0. 0. 0.]
 [1. 0. 0.]]","[[0. 0. 1.]
 [0. 0. 0.]
 [0. 0. 0.]]",2.0,0.0,0.0,1.0,2.0,0.5664999917149545,2.7681455595159536,7.0,1.7497073055298424,0.0
167058.0,38.269,5.35766,"[[0. 0. 0.]
 [0. 0. 0.]
 [1. 0. 0.]]","[[0. 0. 0.]
 [0. 0. 0.]
 [0. 0. 0.]]",1.0,0.0,0.0,0.0,1.0,0.7736249305307865,2.942250335794687,8.0,1.671733244394266,0.0
167059.0,93.35479999999998,13.069671999999999,"[[1. 0. 0.]
 [1. 0. 0.]
 [0. 0. 0.]]","[[0. 0. 0.]
 [0. 0. 0.]
 [0. 0. 0.]]",2.0,0.0,0.0,1.0,2.0,0.6875000015668025,2.821500006430157,9.0,2.365333233700743,0.0
167060.0,139.585,19.541900000000002,"[[0. 1. 0.]
 [0. 0. 0.]
 [0. 1. 0.]]","[[0. 1. 0.]
 [0. 0. 0.]
 [0. 0. 0.]]",0.0,1.0,0.0,1.0,0.0,0.16185746200600765,0.6278774666137048,9.0,2.6137856981962897,0.0
167061.0,0.0,0.0,"[[0. 0. 0.]
 [0. 0. 0.]
 [0. 0. 0.]]","[[0. 0. 0.]
 [0. 0. 0.]
 [0. 0. 0.]]",0.0,0.0,0.0,0.0,0.0,0.40601752415735526,1.3788355120383786,9.0,2.371899881146625,0.0
167062.0,0.0,0.0,"[[0. 0. 0.]
 [0. 0. 0.]
 [0. 0. 0.]]","[[0. 0. 0.]
 [0. 0. 0.]
 [0. 0. 0.]]",0.0,0.0,0.0,0.0,0.0,0.2525420752189507,0.9162226488943532,8.0,2.125366655526147,0.0
167063.0,0.0,0.0,"[[0. 0. 0.]
 [0. 0. 0.]
 [0. 0. 0.]]","[[0. 0. 0.]
 [0. 0. 0.]
 [0. 0. 0.]]",0.0,0.0,0.0,0.0,0.0,0.41250000000000003,1.2177000000000002,8.0,1.9253666555261468,0.0
167064.0,0.0,0.0,"[[0. 0. 0.]
 [0. 0. 0.]
 [0. 0. 0.]]","[[0. 0. 0.]
 [0. 0. 0.]
 [0. 0. 0.]]",0.0,0.0,0.0,0.0,0.0,0.3340858552604914,0.47894548210144045,8.0,1.7025552443738163,0.0
167065.0,0.0,0.0,"[[0. 0. 0.]
 [0. 0. 0.]
 [0. 0. 0.]]","[[0. 0. 0.]
 [0. 0. 0.]
 [0. 0. 0.]]",0.0,0.0,0.0,0.0,0.0,0.41250000000000003,1.42428,8.0,1.5025552443738164,0.0
167066.0,0.0,0.0,"[[0. 0. 0.]
 [0. 0. 0.]
 [0. 0. 0.]]","[[0. 0. 0.]
 [0. 0. 0.]
 [0. 0. 0.]]",0.0,0.0,0.0,0.0,0.0,0.275,0.96404,8.0,1.2625552443738164,0.0
167067.0,0.0,0.0,"[[0. 0. 0.]
 [0. 0. 0.]
 [0. 0. 0.]]","[[0. 0. 0.]
 [0. 0. 0.]
 [0. 0. 0.]]",0.0,0.0,0.0,0.0,0.0,0.3506250619888306,1.2813242265319824,8.0,1.0445552624069308,0.0
167068.0,0.0,0.0,"[[0. 0. 0.]
 [0. 0. 0.]
 [0. 0. 0.]]","[[0. 0. 0.]
 [0. 0. 0.]
 [0. 0. 0.]]",0.0,0.0,0.0,0.0,0.0,0.369545491039753,0.6909022500479222,8.0,0.8320593872353408,0.0
167069.0,17.4636,2.444904,"[[0. 0. 0.]
 [0. 0. 0.]
 [0. 1. 0.]]","[[0. 0. 0.]
 [0. 0. 0.]
 [0. 1. 0.]]",0.0,0.0,0.0,0.0,0.0,0.2749999433755875,1.1886597552466394,7.0,0.7272593692022263,0.40535723402690543
167070.0,57.349599999999995,8.028944000000001,"[[2. 0. 0.]
 [0. 0. 0.]
 [0. 0. 0.]]","[[0. 0. 0.]
 [0. 0. 0.]
 [0. 0. 0.]]",2.0,0.0,0.0,2.0,2.0,0.1748305380344391,0.4001521354532242,7.0,0.9653191620849723,0.6053572115702046
167071.0,167.28959999999998,23.420544,"[[0. 0. 0.]
 [0. 1. 1.]
 [0. 1. 1.]]","[[0. 0. 0.]
 [0. 0. 1.]
 [0. 0. 0.]]",1.0,1.0,2.0,3.0,1.0,0.8061586350202561,2.9666637768745425,10.0,1.1380654398243601,0.40535723402690543
167072.0,48.294399999999996,6.761216,"[[0. 0. 0.]
 [0. 0. 0.]
 [0. 0. 1.]]","[[0. 0. 0.]
 [0. 0. 0.]
 [0. 0. 0.]]",0.0,0.0,1.0,1.0,0.0,0.8909999534487725,8.545758753517866,10.0,1.0180654170342414,0.42821439560548585
167073.0,7.007000000000003,0.9809800000000005,"[[0. 0. 0.]
 [1. 0. 0.]
 [0. 0. 0.]]","[[0. 0. 0.]
 [0. 0. 0.]
 [0. 0. 0.]]",1.0,0.0,0.0,0.0,1.0,0.4257500305771828,1.51941670912385,9.0,0.7948913734029233,0.4682144930556804
167074.0,57.349599999999995,8.028944000000001,"[[0. 0. 0.]
 [0. 0. 0.]
 [0. 2. 0.]]","[[0. 0. 0.]
 [0. 0. 0.]
 [0. 0. 0.]]",1.0,0.0,1.0,1.0,1.0,0.8330459818243982,2.7870386367917064,10.0,0.6644320103498614,0.0
167075.0,0.0,0.0,"[[0. 0. 0.]
 [0. 0. 0.]
 [0. 0. 0.]]","[[0. 0. 0.]
 [0. 0. 0.]
 [0. 0. 0.]]",0.0,0.0,0.0,0.0,0.0,0.5843750286716802,1.8597150912447553,9.0,0.47443199967275645,0.0
167076.0,76.21459999999999,10.670043999999999,"[[0. 1. 0.]
 [0. 0. 0.]
 [0. 1. 1.]]","[[0. 1. 0.]
 [0. 1. 0.]
 [0. 0. 0.]]",1.0,0.0,0.0,0.0,1.0,0.7477544506080449,3.8225207515083253,11.0,0.3691605443100983,0.0
167077.0,0.0,0.0,"[[0. 0. 0.]
 [0. 0. 0.]
 [0. 0. 0.]]","[[0. 0. 0.]
 [0. 0. 0.]
 [0. 0. 0.]]",0.0,0.0,0.0,0.0,0.0,0.5441357135772705,4.793617982330322,9.0,0.1664259746522686,0.0
167078.0,6.3602000000000025,0.8904280000000004,"[[0. 0. 0.]
 [0. 0. 1.]
 [0. 0. 0.]]","[[0. 0. 0.]
 [0. 0. 0.]
 [0. 0. 0.]]",0.0,0.0,1.0,1.0,0.0,0.47153580337762835,10.208938757447005,6.0,0.0800000204404267,0.0
167079.0,35.358399999999996,4.950176,"[[0. 0. 0.]
 [0. 0. 0.]
 [0. 0. 1.]]","[[0. 0. 0.]
 [0. 0. 0.]
 [0. 0. 1.]]",0.0,0.0,0.0,0.0,0.0,0.4814173042774201,2.0300404886770247,6.0,0.4488486703352495,0.0
167080.0,82.7904,11.590656000000003,"[[0. 0. 0.]
 [0. 1. 1.]
 [0. 0. 0.]]","[[0. 0. 0.]
 [0. 0. 1.]
 [0. 0. 0.]]",0.0,0.0,1.0,1.0,0.0,0.005965101718902577,0.021207129631042442,3.0,0.8617346598671365,1.4617860027808993
167081.0,0.0,0.0,"[[0. 0. 0.]
 [0. 0. 0.]
 [0. 0. 0.]]","[[0. 0. 0.]
 [0. 0. 0.]
 [0. 0. 0.]]",0.0,0.0,0.0,0.0,0.0,0.18924994170665743,0.49840864647865296,3.0,0.7957606162358186,0.0
167082.0,0.0,0.0,"[[0. 0. 0.]
 [0. 0. 0.]
 [0. 0. 0.]]","[[0. 0. 0.]
 [0. 0. 0.]
 [0. 0. 0.]]",0.0,0.0,0.0,0.0,0.0,0.2571271060034633,1.0494899958637358,3.0,0.750398289012064,0.0
167083.0,122.76819999999998,17.187548,"[[0. 1. 1.]
 [0. 1. 0.]
 [0. 0. 0.]]","[[0. 0. 1.]
 [0. 0. 0.]
 [0. 0. 0.]]",0.0,1.0,1.0,2.0,0.0,0.31541652416719024,0.9316142457802132,5.0,2.306615192517473,0.0
167084.0,0.0,0.0,"[[0. 0. 0.]
 [0. 0. 0.]
 [0. 0. 0.]]","[[0. 0. 0.]
 [0. 0. 0.]
 [0. 0. 0.]]",0.0,0.0,0.0,0.0,0.0,0.3245000034570694,1.0498224111843109,5.0,2.200322469393737,0.0
167085.0,0.0,0.0,"[[0. 0. 0.]
 [0. 0. 0.]
 [0. 0. 0.]]","[[0. 0. 0.]
 [0. 0. 0.]
 [0. 0. 0.]]",0.0,0.0,0.0,0.0,0.0,0.27499999812429976,0.548239996260604,4.0,2.1203224688255795,0.0
167086.0,77.6,10.864,"[[0. 0. 0.]
 [0. 1. 0.]
 [0. 0. 0.]]","[[0. 0. 0.]
 [0. 0. 0.]
 [0. 0. 0.]]",0.0,1.0,0.0,1.0,0.0,0.4458288811914077,1.448052206109692,5.0,2.1220775125562157,0.0
167087.0,0.0,0.0,"[[0. 0. 0.]
 [0. 0. 0.]
 [0. 0. 0.]]","[[0. 0. 0.]
 [0. 0. 0.]
 [0. 0. 0.]]",0.0,0.0,0.0,0.0,0.0,0.40189585983753207,1.0584329364681244,5.0,2.0389926687128446,0.0
167088.0,0.0,0.0,"[[0. 0. 0.]
 [0. 0. 0.]
 [0. 0. 0.]]","[[0. 0. 0.]
 [0. 0. 0.]
 [0. 0. 0.]]",0.0,0.0,0.0,0.0,0.0,0.20755687355995178,0.0003320909976959229,5.0,1.8993728328771993,0.0
167089.0,0.0,0.0,"[[0. 0. 0.]
 [0. 0. 0.]
 [0. 0. 0.]]","[[0. 0. 0.]
 [0. 0. 0.]
 [0. 0. 0.]]",0.0,0.0,0.0,0.0,0.0,0.18111004009842874,0.6450415188145637,5.0,1.7520593881739757,0.0
167090.0,0.0,0.0,"[[0. 0. 0.]
 [0. 0. 0.]
 [0. 0. 0.]]","[[0. 0. 0.]
 [0. 0. 0.]
 [0. 0. 0.]]",0.0,0.0,0.0,0.0,0.0,0.19212947860360147,0.8547456244117022,5.0,1.607951600131387,0.0
167091.0,0.0,0.0,"[[0. 0. 0.]
 [0. 0. 0.]
 [0. 0. 0.]]","[[0. 0. 0.]
 [0. 0. 0.]
 [0. 0. 0.]]",0.0,0.0,0.0,0.0,0.0,0.275,1.1996600000000002,5.0,1.4879516001313868,0.0
167092.0,0.0,0.0,"[[0. 0. 0.]
 [0. 0. 0.]
 [0. 0. 0.]]","[[0. 0. 0.]
 [0. 0. 0.]
 [0. 0. 0.]]",0.0,0.0,0.0,0.0,0.0,0.1375,0.49093000000000003,5.0,1.3279516001313871,0.0
167093.0,77.6,10.864,"[[0. 0. 0.]
 [0. 0. 0.]
 [0. 1. 0.]]","[[0. 0. 0.]
 [0. 0. 0.]
 [0. 0. 0.]]",0.0,1.0,0.0,1.0,0.0,0.1375,1.1957,6.0,1.3600109693336133,0.0
167094.0,139.8006,19.572084000000004,"[[0. 1. 0.]
 [1. 0. 0.]
 [0. 0. 1.]]","[[0. 0. 0.]
 [0. 0. 0.]
 [0. 0. 1.]]",1.0,1.0,0.0,1.0,1.0,0.39154522567987443,1.7860727014613154,8.0,1.4751744016889736,0.6682144705986472
167095.0,94.6484,13.250776,"[[0. 1. 0.]
 [1. 1. 0.]
 [0. 0. 0.]]","[[0. 1. 0.]
 [0. 0. 0.]
 [0. 0. 0.]]",1.0,0.0,1.0,1.0,1.0,0.6905957356095315,15.980385322004558,10.0,1.6032627959708474,0.0
167096.0,0.0,0.0,"[[0. 0. 0.]
 [0. 0. 0.]
 [0. 0. 0.]]","[[0. 0. 0.]
 [0. 0. 0.]
 [0. 0. 0.]]",0.0,0.0,0.0,0.0,0.0,0.3653666213154793,9.919557622066737,9.0,1.3486584877087788,0.0
167097.0,0.0,0.0,"[[0. 0. 0.]
 [0. 0. 0.]
 [0. 0. 0.]]","[[0. 0. 0.]
 [0. 0. 0.]
 [0. 0. 0.]]",0.0,0.0,0.0,0.0,0.0,0.6177581743172755,5.377461355797021,8.0,1.208369956601077,0.6053572115702046
167098.0,45.06040000000001,6.308456000000001,"[[2. 0. 0.]
 [0. 0. 1.]
 [0. 0. 0.]]","[[0. 1. 0.]
 [0. 0. 0.]
 [0. 0. 0.]]",2.0,0.0,2.0,2.0,2.0,0.6354028671979904,2.3194746264195443,10.0,1.0656183924076055,0.6282143731485081
167099.0,101.5476,14.216664000000002,"[[0. 1. 0.]
 [2. 0. 0.]
 [0. 1. 0.]]","[[0. 1. 0.]
 [0. 0. 0.]
 [0. 0. 0.]]",3.0,0.0,0.0,0.0,3.0,0.8903696814356548,4.635620709426592,11.0,1.187835018104684,0.0
167100.0,33.418000000000006,4.678520000000002,"[[0. 0. 1.]
 [1. 0. 0.]
 [0. 0. 0.]]","[[0. 1. 0.]
 [0. 0. 0.]
 [0. 0. 0.]]",1.0,0.0,0.0,0.0,1.0,1.1870513673871756,41.066279465032814,12.0,1.2091590503853458,0.0
167101.0,23.176999999999992,3.244779999999999,"[[0. 0. 0.]
 [0. 1. 0.]
 [0. 0. 0.]]","[[0. 0. 0.]
 [0. 0. 0.]
 [0. 0. 0.]]",0.0,0.0,1.0,1.0,0.0,0.8480062682181597,18.95531451222688,12.0,1.009159031420164,0.0
167102.0,0.0,0.0,"[[0. 0. 0.]
 [0. 0. 0.]
 [0. 0. 0.]]","[[0. 0. 0.]
 [0. 0. 0.]
 [0. 0. 0.]]",0.0,0.0,0.0,0.0,0.0,0.5711346700787545,12.628472917045357,9.0,0.8146145788924528,0.40535723402690543
167103.0,0.0,0.0,"[[0. 0. 0.]
 [0. 0. 0.]
 [0. 0. 0.]]","[[0. 0. 0.]
 [0. 0. 0.]
 [0. 0. 0.]]",0.0,0.0,0.0,0.0,0.0,0.6733812496066094,3.772012407796383,7.0,0.7305072847940611,0.40535723402690543
167104.0,90.9832,12.737648,"[[0. 0. 0.]
 [0. 0. 0.]
 [0. 2. 2.]]","[[0. 0. 0.]
 [0. 0. 0.]
 [0. 0. 1.]]",2.0,0.0,2.0,2.0,2.0,0.33100641518831253,1.7707519186913967,9.0,1.0875507218343388,0.6682144705986472
167105.0,21.8834,3.0636760000000005,"[[0. 0. 0.]
 [0. 0. 1.]
 [0. 0. 0.]]","[[0. 1. 0.]
 [0. 0. 0.]
 [0. 0. 0.]]",0.0,0.0,0.0,0.0,0.0,0.41662495033815505,9.312400889958441,5.0,1.0475506994694594,0.8107144680538109
167106.0,77.6,10.864,"[[0. 0. 0.]
 [0. 0. 1.]
 [0. 0. 0.]]","[[0. 0. 0.]
 [0. 0. 0.]
 [0. 0. 0.]]",0.0,1.0,0.0,1.0,0.0,0.3989164469763637,1.9151180786441269,5.0,1.1954955548634587,0.0
167107.0,0.0,0.0,"[[0. 0. 0.]
 [0. 0. 0.]
 [0. 0. 0.]]","[[0. 0. 0.]
 [0. 0. 0.]
 [0. 0. 0.]]",0.0,0.0,0.0,0.0,0.0,0.55,2.0284000000000004,5.0,1.1554955441682182,0.0
167108.0,89.90520000000001,12.586728000000003,"[[0. 0. 1.]
 [0. 0. 1.]
 [0. 0. 0.]]","[[0. 0. 1.]
 [0. 0. 1.]
 [0. 0. 0.]]",0.0,0.0,0.0,0.0,0.0,-0.00600009674297744,-0.02198915454366372,6.0,1.4584287759552936,0.40535723402690543
167109.0,0.0,0.0,"[[0. 0. 0.]
 [0. 0. 0.]
 [0. 0. 0.]]","[[0. 0. 0.]
 [0. 0. 0.]
 [0. 0. 0.]]",0.0,0.0,0.0,0.0,0.0,0.2907126616686583,0.9365599108317495,5.0,1.3429997320770852,0.0
167110.0,0.0,0.0,"[[0. 0. 0.]
 [0. 0. 0.]
 [0. 0. 0.]]","[[0. 0. 0.]
 [0. 0. 0.]
 [0. 0. 0.]]",0.0,0.0,0.0,0.0,0.0,0.41250000000000003,1.49127,5.0,1.2629997320770852,0.0
167111.0,0.0,0.0,"[[0. 0. 0.]
 [0. 0. 0.]
 [0. 0. 0.]]","[[0. 0. 0.]
 [0. 0. 0.]
 [0. 0. 0.]]",0.0,0.0,0.0,0.0,0.0,0.24713131644049785,0.7170762277837485,5.0,1.1348924786779573,0.0
167112.0,0.0,0.0,"[[0. 0. 0.]
 [0. 0. 0.]
 [0. 0. 0.]]","[[0. 0. 0.]
 [0. 0. 0.]
 [0. 0. 0.]]",0.0,0.0,0.0,0.0,0.0,0.24747549256867002,0.7164910460848134,5.0,1.0068853484798872,0.0
167113.0,0.0,0.0,"[[0. 0. 0.]
 [0. 0. 0.]
 [0. 0. 0.]]","[[0. 0. 0.]
 [0. 0. 0.]
 [0. 0. 0.]]",0.0,0.0,0.0,0.0,0.0,0.18694976419210435,0.5728140774846078,5.0,0.8612707344266812,0.0
167114.0,0.0,0.0,"[[0. 0. 0.]
 [0. 0. 0.]
 [0. 0. 0.]]","[[0. 0. 0.]
 [0. 0. 0.]
 [0. 0. 0.]]",0.0,0.0,0.0,0.0,0.0,0.13905070191249252,0.4589785568727553,5.0,0.7017218477103154,0.0
167115.0,0.0,0.0,"[[0. 0. 0.]
 [0. 0. 0.]
 [0. 0. 0.]]","[[0. 0. 0.]
 [0. 0. 0.]
 [0. 0. 0.]]",0.0,0.0,0.0,0.0,0.0,0.16479597687721254,0.5642614248275757,5.0,0.5496624955291408,0.0
167116.0,0.0,0.0,"[[0. 0. 0.]
 [0. 0. 0.]
 [0. 0. 0.]]","[[0. 0. 0.]
 [0. 0. 0.]
 [0. 0. 0.]]",0.0,0.0,0.0,0.0,0.0,0.2465953268110752,0.7995606876522301,5.0,0.42139931762172594,0.0
167117.0,40.532799999999995,5.674592,"[[0. 0. 0.]
 [0. 0. 1.]
 [0. 0. 0.]]","[[0. 0. 0.]
 [0. 0. 1.]
 [0. 0. 0.]]",0.0,0.0,0.0,0.0,0.0,0.3389399066567421,1.1361265671133995,6.0,0.6096000092182621,0.0
167118.0,23.716,3.3202400000000005,"[[1. 0. 0.]
 [0. 0. 0.]
 [0. 0. 0.]]","[[0. 0. 0.]
 [0. 0. 0.]
 [0. 0. 0.]]",1.0,0.0,0.0,1.0,1.0,0.275,2.31264,6.0,0.6816000000000001,0.6053572115702046
167119.0,103.2724,14.458136000000001,"[[0. 0. 0.]
 [0. 1. 2.]
 [0. 2. 0.]]","[[0. 1. 0.]
 [0. 1. 1.]
 [0. 1. 0.]]",0.0,0.0,1.0,1.0,0.0,0.5096249498426915,4.94173121363461,10.0,1.805625956368682,0.0
167120.0,84.5152,11.832128,"[[1. 0. 1.]
 [0. 0. 0.]
 [0. 0. 1.]]","[[0. 0. 0.]
 [0. 0. 0.]
 [0. 1. 0.]]",1.0,0.0,1.0,2.0,1.0,0.8607500895857811,20.514773335151673,10.0,1.860776643582343,0.6282143731485081
167121.0,1.1857999999999969,0.16601199999999958,"[[0. 0. 0.]
 [0. 0. 0.]
 [0. 0. 1.]]","[[0. 0. 0.]
 [0. 0. 0.]
 [0. 0. 0.]]",1.0,0.0,0.0,1.0,1.0,-0.03245862592011689,-0.21570704441472882,10.0,1.4830647297251405,0.6682144705986472
167122.0,25.009599999999992,3.501343999999999,"[[0. 0. 0.]
 [0. 1. 0.]
 [0. 0. 0.]]","[[0. 0. 0.]
 [0. 0. 0.]
 [0. 0. 0.]]",0.0,0.0,1.0,1.0,0.0,0.6584466904271229,3.752092620729917,9.0,1.3418128355494594,0.40535723402690543
167123.0,7.114799999999999,0.996072,"[[1. 0. 0.]
 [0. 0. 0.]
 [0. 0. 0.]]","[[0. 0. 0.]
 [0. 0. 0.]
 [0. 0. 0.]]",1.0,0.0,1.0,1.0,1.0,0.6183904249221086,3.8711240600123995,10.0,1.1353082131442855,0.0
167124.0,66.6204,9.326856000000001,"[[1. 0. 0.]
 [0. 0. 1.]
 [0. 0. 0.]]","[[0. 1. 0.]
 [0. 0. 0.]
 [0. 0. 0.]]",1.0,0.0,1.0,1.0,1.0,0.5565030924975872,41.67629399590731,9.0,1.0100000176180524,0.0
167125.0,24.3628,3.4107920000000003,"[[0. 0. 0.]
 [0. 0. 0.]
 [0. 1. 0.]]","[[0. 0. 0.]
 [0. 0. 0.]
 [0. 0. 0.]]",0.0,0.0,1.0,1.0,0.0,0.31329222917556765,9.983495491800308,8.0,0.8103435758682597,0.4682144930556804
167126.0,0.0,0.0,"[[0. 0. 0.]
 [0. 0. 0.]
 [0. 0. 0.]]","[[0. 0. 0.]
 [0. 0. 0.]
 [0. 0. 0.]]",0.0,0.0,0.0,0.0,0.0,0.5144440889358521,2.577570663204194,6.0,0.720000026547345,0.42821439560548585
167127.0,79.8798,11.183172,"[[0. 0. 0.]
 [0. 0. 0.]
 [0. 1. 1.]]","[[0. 0. 0.]
 [0. 1. 0.]
 [0. 0. 0.]]",0.0,0.0,1.0,1.0,0.0,0.42164366096258166,1.5094843062460424,7.0,0.6652314189365716,0.0
167128.0,7.438199999999995,1.0413479999999993,"[[0. 0. 1.]
 [0. 0. 0.]
 [0. 0. 0.]]","[[0. 0. 0.]
 [0. 0. 0.]
 [0. 0. 0.]]",0.0,0.0,1.0,1.0,0.0,0.4206420972943306,2.0342251825153825,6.0,0.560000017606364,0.4682144930556804
167129.0,28.459199999999996,3.984288,"[[0. 1. 0.]
 [0. 0. 0.]
 [0. 0. 0.]]","[[0. 1. 0.]
 [0. 0. 0.]
 [0. 0. 0.]]",0.0,0.0,0.0,0.0,0.0,0.21724991947412492,1.2013051547241211,4.0,0.9169072823449548,1.0335716071754135
167130.0,77.6,10.864,"[[0. 0. 1.]
 [0. 0. 0.]
 [0. 0. 0.]]","[[0. 0. 0.]
 [0. 0. 0.]
 [0. 0. 0.]]",0.0,1.0,0.0,1.0,0.0,0.55,12.181840000000001,5.0,1.0689666491369862,0.0
167131.0,0.0,0.0,"[[0. 0. 0.]
 [0. 0. 0.]
 [0. 0. 0.]]","[[0. 0. 0.]
 [0. 0. 0.]
 [0. 0. 0.]]",0.0,0.0,0.0,0.0,0.0,0.13750000156680248,0.490050005584084,4.0,0.9489666495927832,0.0
167132.0,43.8746,6.142444000000001,"[[0. 0. 0.]
 [1. 0. 0.]
 [0. 0. 0.]]","[[0. 0. 0.]
 [0. 0. 0.]
 [0. 0. 0.]]",1.0,0.0,0.0,0.0,1.0,0.275,0.913,5.0,1.1061666465342876,0.0
167133.0,155.2,21.728,"[[0. 1. 0.]
 [0. 0. 1.]
 [0. 0. 0.]]","[[0. 0. 0.]
 [0. 0. 0.]
 [0. 0. 0.]]",0.0,2.0,0.0,2.0,0.0,0.1375,0.47300000000000003,6.0,1.1302853849387404,0.42821439560548585
167134.0,0.0,0.0,"[[0. 0. 0.]
 [0. 0. 0.]
 [0. 0. 0.]]","[[0. 0. 0.]
 [0. 0. 0.]
 [0. 0. 0.]]",0.0,0.0,0.0,0.0,0.0,0.275,0.9779000000000002,6.0,0.9702853849387404,0.0
167135.0,0.0,0.0,"[[0. 0. 0.]
 [0. 0. 0.]
 [0. 0. 0.]]","[[0. 0. 0.]
 [0. 0. 0.]
 [0. 0. 0.]]",0.0,0.0,0.0,0.0,0.0,0.275,0.913,6.0,0.8102853849387401,0.0
167136.0,21.559999999999995,3.0183999999999997,"[[0. 0. 1.]
 [0. 0. 0.]
 [0. 0. 0.]]","[[0. 0. 1.]
 [0. 0. 0.]
 [0. 0. 0.]]",0.0,0.0,0.0,0.0,0.0,0.20492636859416963,0.32066878157615664,7.0,0.8292076166940714,0.0
167137.0,0.0,0.0,"[[0. 0. 0.]
 [0. 0. 0.]
 [0. 0. 0.]]","[[0. 0. 0.]
 [0. 0. 0.]
 [0. 0. 0.]]",0.0,0.0,0.0,0.0,0.0,0.4504272277302494,1.6327086150766081,7.0,0.6802409789668664,0.0
167138.0,0.0,0.0,"[[0. 0. 0.]
 [0. 0. 0.]
 [0. 0. 0.]]","[[0. 0. 0.]
 [0. 0. 0.]
 [0. 0. 0.]]",0.0,0.0,0.0,0.0,0.0,0.302295978444015,1.1970920746382994,7.0,0.4881816272414889,0.0
167139.0,0.0,0.0,"[[0. 0. 0.]
 [0. 0. 0.]
 [0. 0. 0.]]","[[0. 0. 0.]
 [0. 0. 0.]
 [0. 0. 0.]]",0.0,0.0,0.0,0.0,0.0,0.5499999731779099,1.7973999123454096,7.0,0.36818161943869904,0.0
167140.0,0.0,0.0,"[[0. 0. 0.]
 [0. 0. 0.]
 [0. 0. 0.]]","[[0. 0. 0.]
 [0. 0. 0.]
 [0. 0. 0.]]",0.0,0.0,0.0,0.0,0.0,0.46174459912100935,1.8285086125191972,7.0,0.22250732100117454,0.0
167141.0,3.341799999999999,0.46785199999999993,"[[0. 0. 0.]
 [0. 0. 1.]
 [0. 0. 0.]]","[[0. 0. 0.]
 [0. 0. 0.]
 [0. 0. 0.]]",0.0,0.0,1.0,1.0,0.0,0.5926250033847442,2.990622817080773,8.0,0.1025072917497512,0.0
167142.0,1.2936000000000014,0.1811040000000002,"[[1. 0. 0.]
 [0. 0. 0.]
 [0. 0. 0.]]","[[0. 0. 0.]
 [0. 0. 0.]
 [0. 0. 0.]]",1.0,0.0,0.0,1.0,1.0,0.42900002598762516,3.2614297975683213,6.0,0.022507287050737755,0.0
167143.0,143.15840000000003,20.042176000000005,"[[0. 1. 0.]
 [1. 0. 0.]
 [1. 0. 2.]]","[[0. 0. 0.]
 [0. 0. 0.]
 [0. 0. 2.]]",2.0,0.0,1.0,1.0,2.0,0.4743571475148201,9.175585175808669,7.0,0.42765277138218183,1.0335716071754135
167144.0,90.01299999999999,12.60182,"[[0. 0. 1.]
 [0. 0. 2.]
 [0. 0. 1.]]","[[0. 1. 0.]
 [0. 0. 1.]
 [0. 0. 1.]]",1.0,0.0,0.0,1.0,1.0,0.22849254924803974,5.080029148921818,9.0,0.556452450377494,0.6053572115702046
167145.0,14.013999999999998,1.96196,"[[0. 0. 0.]
 [1. 0. 0.]
 [1. 0. 0.]]","[[0. 0. 0.]
 [0. 0. 0.]
 [0. 0. 0.]]",2.0,0.0,0.0,0.0,2.0,0.614949671532045,2.5931197749163277,8.0,0.4831508234317191,0.0
167146.0,4.527599999999996,0.6338639999999995,"[[0. 1. 0.]
 [0. 0. 0.]
 [0. 0. 0.]]","[[0. 0. 0.]
 [0. 0. 0.]
 [0. 0. 0.]]",0.0,0.0,1.0,1.0,0.0,0.34695940723551344,1.2826395366682461,8.0,0.2858055898835103,0.0
167147.0,43.2278,6.0518920000000005,"[[0. 0. 1.]
 [1. 0. 0.]
 [0. 0. 0.]]","[[0. 0. 0.]
 [0. 0. 0.]
 [0. 0. 0.]]",1.0,0.0,1.0,1.0,1.0,0.7503813721109018,2.7385918556559474,8.0,0.22369833472988332,0.0
167148.0,13.690600000000002,1.9166840000000005,"[[0. 0. 0.]
 [0. 0. 0.]
 [0. 1. 0.]]","[[0. 0. 0.]
 [0. 0. 0.]
 [0. 0. 0.]]",1.0,0.0,0.0,0.0,1.0,0.587124970708975,3.026276949022341,7.0,0.14369831897106825,0.40535723402690543
167149.0,71.5792,10.021088,"[[0. 0. 1.]
 [1. 0. 0.]
 [0. 1. 0.]]","[[0. 0. 0.]
 [0. 0. 0.]
 [0. 0. 0.]]",2.0,0.0,1.0,2.0,2.0,0.8936608508229256,3.7598099315822124,9.0,0.09807236965302606,0.0
167150.0,81.48079999999999,11.407312,"[[0. 0. 0.]
 [0. 0. 1.]
 [0. 0. 1.]]","[[0. 0. 0.]
 [0. 0. 0.]
 [0. 0. 0.]]",1.0,1.0,1.0,2.0,1.0,0.6550632625352591,3.2244834035035597,8.0,0.6262955699938633,0.6682144705986472
167151.0,51.528400000000005,7.2139760000000015,"[[1. 0. 0.]
 [0. 0. 1.]
 [0. 0. 0.]]","[[0. 0. 0.]
 [0. 0. 1.]
 [0. 0. 0.]]",1.0,0.0,1.0,1.0,1.0,0.5239380955696107,1.8786324354743962,7.0,1.346485329715057,0.0
167152.0,16.8168,2.3543520000000004,"[[0. 0. 0.]
 [0. 1. 0.]
 [0. 0. 0.]]","[[0. 0. 0.]
 [0. 1. 0.]
 [0. 0. 0.]]",0.0,0.0,0.0,0.0,0.0,0.41250000000000003,1.4708100000000002,4.0,1.3640853255709084,1.9646433143458026
167153.0,49.480199999999996,6.927228,"[[0. 0. 0.]
 [0. 1. 0.]
 [1. 1. 1.]]","[[0. 0. 0.]
 [0. 1. 0.]
 [0. 0. 0.]]",3.0,0.0,1.0,1.0,2.0,0.3245569456238134,1.1608752831072557,7.0,1.3538733063635957,0.0
167154.0,235.8504,33.019056000000006,"[[1. 0. 0.]
 [0. 0. 1.]
 [2. 1. 0.]]","[[0. 0. 0.]
 [0. 0. 1.]
 [1. 0. 0.]]",2.0,1.0,1.0,2.0,2.0,0.12455378657764032,0.44660005715278717,10.0,2.7533171576634436,0.0
167155.0,25.009599999999992,3.501343999999999,"[[0. 0. 0.]
 [0. 0. 1.]
 [0. 0. 0.]]","[[0. 0. 0.]
 [0. 0. 0.]
 [0. 0. 0.]]",0.0,0.0,1.0,1.0,0.0,0.6421988405287267,2.178338467073441,8.0,2.6473386385445274,0.42821439560548585
167156.0,6.467999999999998,0.9055199999999999,"[[0. 0. 0.]
 [0. 0. 1.]
 [0. 0. 0.]]","[[0. 0. 0.]
 [0. 0. 0.]
 [0. 0. 0.]]",0.0,0.0,1.0,1.0,0.0,0.5620864793658258,1.4978480502140525,9.0,2.466854704315457,0.0
167157.0,0.0,0.0,"[[0. 0. 0.]
 [0. 0. 0.]
 [0. 0. 0.]]","[[0. 0. 0.]
 [0. 0. 0.]
 [0. 0. 0.]]",0.0,0.0,0.0,0.0,0.0,0.6875,2.4464,8.0,2.3468546902943292,0.0
167158.0,0.0,0.0,"[[0. 0. 0.]
 [0. 0. 0.]
 [0. 0. 0.]]","[[0. 0. 0.]
 [0. 0. 0.]
 [0. 0. 0.]]",0.0,0.0,0.0,0.0,0.0,0.55,1.61788,6.0,2.266854690294329,0.42821439560548585
167159.0,0.0,0.0,"[[0. 0. 0.]
 [0. 0. 0.]
 [0. 0. 0.]]","[[0. 0. 0.]
 [0. 0. 0.]
 [0. 0. 0.]]",0.0,0.0,0.0,0.0,0.0,0.47916527874767784,1.3493294249534609,6.0,2.165726013217935,0.0
167160.0,0.0,0.0,"[[0. 0. 0.]
 [0. 0. 0.]
 [0. 0. 0.]]","[[0. 0. 0.]
 [0. 0. 0.]
 [0. 0. 0.]]",0.0,0.0,0.0,0.0,0.0,0.46596267223358157,0.6981984680747987,6.0,2.0612787813767146,0.0
167161.0,0.0,0.0,"[[0. 0. 0.]
 [0. 0. 0.]
 [0. 0. 0.]]","[[0. 0. 0.]
 [0. 0. 0.]
 [0. 0. 0.]]",0.0,0.0,0.0,0.0,0.0,0.1375,0.47817000000000004,6.0,1.8612787813767147,0.0
167162.0,0.0,0.0,"[[0. 0. 0.]
 [0. 0. 0.]
 [0. 0. 0.]]","[[0. 0. 0.]
 [0. 0. 0.]
 [0. 0. 0.]]",0.0,0.0,0.0,0.0,0.0,0.1375,0.5704600000000001,6.0,1.6612787813767147,0.0
167163.0,0.0,0.0,"[[0. 0. 0.]
 [0. 0. 0.]
 [0. 0. 0.]]","[[0. 0. 0.]
 [0. 0. 0.]
 [0. 0. 0.]]",0.0,0.0,0.0,0.0,0.0,0.2027628242969513,0.6889069718313218,6.0,1.480264325958278,0.0
167164.0,63.602,8.90428,"[[0. 0. 0.]
 [0. 0. 1.]
 [0. 0. 0.]]","[[0. 0. 0.]
 [0. 0. 1.]
 [0. 0. 0.]]",0.0,0.0,0.0,0.0,0.0,0.0802107945084572,0.23325299043059353,7.0,1.346569793994093,0.0
167165.0,0.0,0.0,"[[0. 0. 0.]
 [0. 0. 0.]
 [0. 0. 0.]]","[[0. 0. 0.]
 [0. 0. 0.]
 [0. 0. 0.]]",0.0,0.0,0.0,0.0,0.0,0.275,0.32516,7.0,1.1465697939940929,0.0
167166.0,0.0,0.0,"[[0. 0. 0.]
 [0. 0. 0.]
 [0. 0. 0.]]","[[0. 0. 0.]
 [0. 0. 0.]
 [0. 0. 0.]]",0.0,0.0,0.0,0.0,0.0,0.5063906967639924,-0.021876078100204473,7.0,1.0138834512345272,0.0
167167.0,0.0,0.0,"[[0. 0. 0.]
 [0. 0. 0.]
 [0. 0. 0.]]","[[0. 0. 0.]
 [0. 0. 0.]
 [0. 0. 0.]]",0.0,0.0,0.0,0.0,0.0,0.2227450430393219,0.1434478077173233,6.0,0.8386819918700695,0.6282143731485081
167168.0,50.3426,7.047964,"[[0. 0. 0.]
 [1. 0. 0.]
 [0. 1. 0.]]","[[0. 0. 0.]
 [0. 0. 0.]
 [0. 0. 0.]]",1.0,0.0,1.0,1.0,1.0,0.6750062435865403,0.85806793684721,7.0,0.8082474445497904,0.0
167169.0,0.0,0.0,"[[0. 0. 0.]
 [0. 0. 0.]
 [0. 0. 0.]]","[[0. 0. 0.]
 [0. 0. 0.]
 [0. 0. 0.]]",0.0,0.0,0.0,0.0,0.0,0.4298951640725136,1.4970669193661212,7.0,0.653307837915789,0.0
167170.0,39.23919999999999,5.493487999999999,"[[0. 1. 1.]
 [1. 0. 0.]
 [0. 1. 1.]]","[[0. 0. 0.]
 [0. 0. 0.]
 [0. 0. 0.]]",3.0,0.0,2.0,4.0,3.0,0.379218758828938,1.4137275329142809,10.0,0.49802597005390853,0.3539287550364296
167171.0,0.0,0.0,"[[0. 0. 0.]
 [0. 0. 0.]
 [0. 0. 0.]]","[[0. 0. 0.]
 [0. 0. 0.]
 [0. 0. 0.]]",0.0,0.0,0.0,0.0,0.0,0.35053582638502123,1.2089279580366612,6.0,0.36000002223168454,0.0
167172.0,84.94639999999998,11.892496,"[[0. 3. 0.]
 [1. 0. 1.]
 [0. 0. 0.]]","[[0. 1. 0.]
 [0. 0. 0.]
 [0. 0. 0.]]",1.0,0.0,3.0,3.0,1.0,0.8414999853819609,2.5985519548594955,10.0,0.4096000065740862,0.0
167173.0,38.376799999999996,5.372752,"[[1. 0. 0.]
 [1. 0. 0.]
 [0. 0. 0.]]","[[0. 0. 0.]
 [0. 0. 0.]
 [0. 0. 0.]]",2.0,0.0,1.0,1.0,2.0,0.6497550666332246,2.2668654764699943,8.0,0.29621965574784714,0.6282143731485081
167174.0,28.459199999999996,3.984288,"[[0. 1. 0.]
 [1. 0. 0.]
 [0. 0. 0.]]","[[0. 1. 0.]
 [0. 0. 0.]
 [0. 0. 0.]]",1.0,0.0,0.0,0.0,1.0,0.5191575668752193,1.8112369193142652,9.0,0.9416472681912509,0.0
167175.0,37.0832,5.191648,"[[0. 0. 0.]
 [0. 1. 0.]
 [0. 2. 0.]]","[[0. 0. 0.]
 [0. 0. 0.]
 [0. 0. 0.]]",3.0,0.0,1.0,1.0,3.0,0.4730000838637352,1.505275466887951,7.0,0.8216472807103937,0.0
167176.0,13.906199999999993,1.9468679999999992,"[[0. 0. 0.]
 [0. 1. 0.]
 [0. 0. 2.]]","[[0. 0. 0.]
 [0. 0. 0.]
 [0. 0. 0.]]",3.0,0.0,0.0,3.0,3.0,0.24200005978345873,0.8847522185683252,5.0,0.7997545450675151,1.0335716071754135
167177.0,118.36439999999997,16.571015999999997,"[[0. 0. 0.]
 [2. 0. 1.]
 [1. 0. 0.]]","[[0. 0. 0.]
 [0. 0. 0.]
 [0. 0. 0.]]",3.0,0.0,1.0,1.0,3.0,0.5201507523655892,1.9391220048189164,6.0,1.4718711015354504,0.0
167178.0,0.0,0.0,"[[0. 0. 0.]
 [0. 0. 0.]
 [0. 0. 0.]]","[[0. 0. 0.]
 [0. 0. 0.]
 [0. 0. 0.]]",0.0,0.0,0.0,0.0,0.0,0.275,2.3630200000000006,5.0,1.3518711015354503,0.0
167179.0,0.0,0.0,"[[0. 0. 0.]
 [0. 0. 0.]
 [0. 0. 0.]]","[[0. 0. 0.]
 [0. 0. 0.]
 [0. 0. 0.]]",0.0,0.0,0.0,0.0,0.0,0.069193160161376,0.19152666732668877,5.0,1.1720000099832362,0.0
167180.0,59.290000000000006,8.300600000000001,"[[0. 0. 0.]
 [0. 0. 0.]
 [0. 0. 1.]]","[[0. 0. 0.]
 [0. 0. 0.]
 [0. 0. 1.]]",0.0,0.0,0.0,0.0,0.0,0.06050000712275505,0.1868240219950676,5.0,1.3279506892857353,0.0
167181.0,69.63879999999999,9.749431999999999,"[[0. 1. 0.]
 [0. 0. 0.]
 [0. 0. 0.]]","[[0. 1. 0.]
 [0. 0. 0.]
 [0. 0. 0.]]",0.0,0.0,0.0,0.0,0.0,0.29139763917773964,0.8394583189432324,5.0,1.3941579747731065,0.0
167182.0,0.0,0.0,"[[0. 0. 0.]
 [0. 0. 0.]
 [0. 0. 0.]]","[[0. 0. 0.]
 [0. 0. 0.]
 [0. 0. 0.]]",0.0,0.0,0.0,0.0,0.0,0.21724996119737627,0.735695268598795,4.0,1.2966652516493706,0.0
167183.0,0.0,0.0,"[[0. 0. 0.]
 [0. 0. 0.]
 [0. 0. 0.]]","[[0. 0. 0.]
 [0. 0. 0.]
 [0. 0. 0.]]",0.0,0.0,0.0,0.0,0.0,0.2750000015668025,0.9515000054211366,4.0,1.216665252105168,0.0
167184.0,0.0,0.0,"[[0. 0. 0.]
 [0. 0. 0.]
 [0. 0. 0.]]","[[0. 0. 0.]
 [0. 0. 0.]
 [0. 0. 0.]]",0.0,0.0,0.0,0.0,0.0,0.16499585954381055,-0.09688556872412557,4.0,1.1046640476088219,0.0
167185.0,0.8624000000000009,0.12073600000000015,"[[0. 0. 0.]
 [0. 0. 0.]
 [0. 0. 1.]]","[[0. 0. 0.]
 [0. 0. 0.]
 [0. 0. 0.]]",1.0,0.0,0.0,1.0,1.0,0.01925418561233108,0.07222630106897636,5.0,0.9470652523105432,0.0
167186.0,0.0,0.0,"[[0. 0. 0.]
 [0. 0. 0.]
 [0. 0. 0.]]","[[0. 0. 0.]
 [0. 0. 0.]
 [0. 0. 0.]]",0.0,0.0,0.0,0.0,0.0,0.275,0.9446800000000001,4.0,0.8670652523105433,0.0
167187.0,0.0,0.0,"[[0. 0. 0.]
 [0. 0. 0.]
 [0. 0. 0.]]","[[0. 0. 0.]
 [0. 0. 0.]
 [0. 0. 0.]]",0.0,0.0,0.0,0.0,0.0,0.2309000536799431,0.9221224543762208,4.0,0.7742361770174359,0.0
167188.0,0.0,0.0,"[[0. 0. 0.]
 [0. 0. 0.]
 [0. 0. 0.]]","[[0. 0. 0.]
 [0. 0. 0.]
 [0. 0. 0.]]",0.0,0.0,0.0,0.0,0.0,0.1375,0.5041300000000001,4.0,0.6542361770174359,0.0
167189.0,0.0,0.0,"[[0. 0. 0.]
 [0. 0. 0.]
 [0. 0. 0.]]","[[0. 0. 0.]
 [0. 0. 0.]
 [0. 0. 0.]]",0.0,0.0,0.0,0.0,0.0,0.1375,0.5157900000000001,4.0,0.5342361770174358,0.0
167190.0,0.0,0.0,"[[0. 0. 0.]
 [0. 0. 0.]
 [0. 0. 0.]]","[[0. 0. 0.]
 [0. 0. 0.]
 [0. 0. 0.]]",0.0,0.0,0.0,0.0,0.0,0.275,1.1693000000000002,4.0,0.4542361770174358,0.0
167191.0,0.0,0.0,"[[0. 0. 0.]
 [0. 0. 0.]
 [0. 0. 0.]]","[[0. 0. 0.]
 [0. 0. 0.]
 [0. 0. 0.]]",0.0,0.0,0.0,0.0,0.0,0.275,0.9424800000000001,4.0,0.3742361736108091,0.0
167192.0,0.0,0.0,"[[0. 0. 0.]
 [0. 0. 0.]
 [0. 0. 0.]]","[[0. 0. 0.]
 [0. 0. 0.]
 [0. 0. 0.]]",0.0,0.0,0.0,0.0,0.0,0.08856319636106491,0.5381808316469192,3.0,0.28,0.40535723402690543
167193.0,41.2874,5.780236,"[[0. 1. 0.]
 [0. 0. 0.]
 [0. 0. 0.]]","[[0. 0. 0.]
 [0. 0. 0.]
 [0. 0. 0.]]",0.0,0.0,1.0,1.0,0.0,0.1375,0.47377,4.0,0.1668,0.0
167194.0,57.99640000000001,8.119496000000002,"[[1. 0. 0.]
 [0. 1. 0.]
 [0. 0. 0.]]","[[0. 0. 0.]
 [0. 0. 0.]
 [0. 0. 0.]]",1.0,0.0,1.0,2.0,1.0,0.275,1.44848,5.0,0.1516,0.6682144705986472
167195.0,117.17859999999999,16.405004,"[[3. 0. 0.]
 [0. 0. 1.]
 [1. 0. 0.]]","[[0. 0. 0.]
 [0. 0. 1.]
 [0. 0. 0.]]",4.0,0.0,2.0,3.0,3.0,0.8461097478866577,12.47707278623581,9.0,1.7227818870713498,0.0
167196.0,4.311999999999996,0.6036799999999994,"[[0. 1. 0.]
 [0. 0. 0.]
 [0. 0. 0.]]","[[0. 0. 0.]
 [0. 0. 0.]
 [0. 0. 0.]]",0.0,0.0,1.0,1.0,0.0,0.8566250167787075,10.180816999411583,9.0,1.6359818850426242,0.0
167197.0,64.89559999999999,9.085384,"[[0. 0. 1.]
 [0. 1. 1.]
 [0. 1. 0.]]","[[0. 0. 0.]
 [0. 0. 0.]
 [0. 0. 0.]]",1.0,0.0,4.0,4.0,1.0,0.4541404217481613,0.44469430097579954,9.0,1.4864259744884942,0.40535723402690543
167198.0,0.0,0.0,"[[0. 0. 0.]
 [0. 0. 0.]
 [0. 0. 0.]]","[[0. 0. 0.]
 [0. 0. 0.]
 [0. 0. 0.]]",0.0,0.0,0.0,0.0,0.0,0.2681250374633653,-0.3590730501709388,4.0,1.4044259739203366,0.0
167199.0,34.2804,4.799256000000001,"[[0. 0. 0.]
 [0. 0. 0.]
 [0. 0. 1.]]","[[0. 0. 0.]
 [0. 0. 0.]
 [0. 0. 0.]]",0.0,0.0,1.0,1.0,0.0,0.41250000000000003,0.29799000000000003,4.0,1.3972259739203365,0.0
167200.0,66.5126,9.311764000000002,"[[0. 0. 1.]
 [0. 0. 1.]
 [0. 0. 1.]]","[[0. 1. 0.]
 [0. 0. 0.]
 [0. 0. 1.]]",0.0,0.0,1.0,1.0,0.0,0.12601103894412524,0.43771194487631343,7.0,1.3450821942303113,0.0
167201.0,82.77439999999999,11.588415999999999,"[[0. 0. 1.]
 [1. 0. 0.]
 [0. 0. 0.]]","[[0. 0. 0.]
 [0. 0. 0.]
 [0. 0. 0.]]",1.0,0.0,1.0,1.0,1.0,0.3827443689107895,1.3316442083144189,7.0,1.4292853691097784,0.0
167202.0,0.0,0.0,"[[0. 0. 0.]
 [0. 0. 0.]
 [0. 0. 0.]]","[[0. 0. 0.]
 [0. 0. 0.]
 [0. 0. 0.]]",0.0,0.0,0.0,0.0,0.0,0.43724995069205763,1.6213228171661498,6.0,1.3164853439674555,0.0
167203.0,17.571399999999997,2.459996,"[[0. 1. 0.]
 [0. 0. 0.]
 [0. 0. 0.]]","[[0. 1. 0.]
 [0. 0. 0.]
 [0. 0. 0.]]",0.0,0.0,0.0,0.0,0.0,0.6874999433755875,1.5966498684954644,6.0,1.7312853274948992,0.0
167204.0,0.0,0.0,"[[0. 0. 0.]
 [0. 0. 0.]
 [0. 0. 0.]]","[[0. 0. 0.]
 [0. 0. 0.]
 [0. 0. 0.]]",0.0,0.0,0.0,0.0,0.0,0.36162500977516177,0.35381390956401826,5.0,1.6364853280033065,0.40535723402690543
167205.0,0.0,0.0,"[[0. 0. 0.]
 [0. 0. 0.]
 [0. 0. 0.]]","[[0. 0. 0.]
 [0. 0. 0.]
 [0. 0. 0.]]",0.0,0.0,0.0,0.0,0.0,0.3395357593894005,-0.29580355358004573,5.0,1.5345666460784904,0.0
167206.0,0.0,0.0,"[[0. 0. 0.]
 [0. 0. 0.]
 [0. 0. 0.]]","[[0. 0. 0.]
 [0. 0. 0.]
 [0. 0. 0.]]",0.0,0.0,0.0,0.0,0.0,0.060131292790174484,-0.1378209230750799,4.0,1.3920593692022263,0.6682144705986472
167207.0,53.9,7.546,"[[1. 0. 0.]
 [0. 0. 0.]
 [0. 0. 0.]]","[[0. 0. 0.]
 [0. 0. 0.]
 [0. 0. 0.]]",1.0,0.0,0.0,1.0,1.0,0.0,-0.0,5.0,1.3520593692022262,0.0
167208.0,0.0,0.0,"[[0. 0. 0.]
 [0. 0. 0.]
 [0. 0. 0.]]","[[0. 0. 0.]
 [0. 0. 0.]
 [0. 0. 0.]]",0.0,0.0,0.0,0.0,0.0,0.1375,-0.14498000000000003,5.0,1.1920593692022263,0.0
167209.0,0.0,0.0,"[[0. 0. 0.]
 [0. 0. 0.]
 [0. 0. 0.]]","[[0. 0. 0.]
 [0. 0. 0.]
 [0. 0. 0.]]",0.0,0.0,0.0,0.0,0.0,0.0,0.0,5.0,0.9920593692022263,0.0
167210.0,0.0,0.0,"[[0. 0. 0.]
 [0. 0. 0.]
 [0. 0. 0.]]","[[0. 0. 0.]
 [0. 0. 0.]
 [0. 0. 0.]]",0.0,0.0,0.0,0.0,0.0,0.13750006082106553,0.4615602041641528,5.0,0.8320593868956273,0.0
167211.0,0.0,0.0,"[[0. 0. 0.]
 [0. 0. 0.]
 [0. 0. 0.]]","[[0. 0. 0.]
 [0. 0. 0.]
 [0. 0. 0.]]",0.0,0.0,0.0,0.0,0.0,0.16479597687721254,-0.12366290104866028,5.0,0.6800000347144527,0.0
167212.0,0.0,0.0,"[[0. 0. 0.]
 [0. 0. 0.]
 [0. 0. 0.]]","[[0. 0. 0.]
 [0. 0. 0.]
 [0. 0. 0.]]",0.0,0.0,0.0,0.0,0.0,0.2749999314546585,0.9140997721552848,5.0,0.5600000147739899,0.0
167213.0,0.0,0.0,"[[0. 0. 0.]
 [0. 0. 0.]
 [0. 0. 0.]]","[[0. 0. 0.]
 [0. 0. 0.]
 [0. 0. 0.]]",0.0,0.0,0.0,0.0,0.0,0.27499997317790986,0.9264199096417427,5.0,0.4400000020878212,0.0
167214.0,35.8974,5.025636,"[[0. 0. 0.]
 [0. 1. 0.]
 [0. 0. 0.]]","[[0. 0. 0.]
 [0. 1. 0.]
 [0. 0. 0.]]",0.0,0.0,0.0,0.0,0.0,0.05174994170665742,0.18199419499397282,5.0,0.48082595845650317,0.0
167215.0,65.0034,9.100476,"[[0. 0. 1.]
 [0. 0. 0.]
 [0. 1. 0.]]","[[0. 0. 1.]
 [0. 0. 0.]
 [0. 1. 0.]]",0.0,0.0,0.0,0.0,0.0,0.07974996119737626,0.3091108496010304,6.0,1.7804839204586071,0.6282143731485081
167216.0,0.0,0.0,"[[0. 0. 0.]
 [0. 0. 0.]
 [0. 0. 0.]]","[[0. 0. 0.]
 [0. 0. 0.]
 [0. 0. 0.]]",0.0,0.0,0.0,0.0,0.0,0.2750000015668025,1.114960006352444,4.0,1.700483920914404,0.40535723402690543
167217.0,37.945600000000006,5.3123840000000015,"[[1. 0. 0.]
 [0. 0. 0.]
 [0. 1. 0.]]","[[0. 0. 0.]
 [0. 0. 0.]
 [0. 0. 0.]]",2.0,0.0,0.0,1.0,2.0,0.4125000015668025,2.2948200087164357,6.0,1.7996839213702012,0.0
167218.0,10.779999999999994,1.5091999999999992,"[[0. 0. 0.]
 [0. 0. 0.]
 [0. 0. 1.]]","[[0. 0. 0.]
 [0. 0. 0.]
 [0. 1. 0.]]",0.0,0.0,0.0,0.0,0.0,0.23812257223762573,1.3247234938723595,7.0,1.7473066224908613,0.0
167219.0,19.7274,2.761836,"[[0. 0. 0.]
 [0. 0. 0.]
 [1. 0. 0.]]","[[0. 0. 0.]
 [0. 0. 0.]
 [0. 0. 0.]]",1.0,0.0,0.0,0.0,1.0,0.36866954833487176,1.3139382702654827,7.0,1.5813559357329974,0.0
167220.0,68.99199999999999,9.65888,"[[2. 0. 0.]
 [1. 0. 0.]
 [0. 1. 0.]]","[[0. 0. 0.]
 [0. 0. 0.]
 [0. 0. 0.]]",3.0,0.0,3.0,3.0,3.0,0.5736022477969527,1.8378216019414364,11.0,1.4120591049279354,0.0
167221.0,78.69399999999999,11.017159999999999,"[[0. 1. 0.]
 [0. 0. 0.]
 [1. 0. 0.]]","[[0. 1. 0.]
 [0. 0. 0.]
 [0. 0. 0.]]",1.0,0.0,0.0,0.0,1.0,0.8373884569853545,2.6649050255101923,11.0,1.2836630035008574,0.0
167222.0,39.2392,5.493488,"[[1. 0. 0.]
 [0. 0. 0.]
 [0. 0. 0.]]","[[0. 0. 0.]
 [0. 0. 0.]
 [0. 0. 0.]]",1.0,0.0,0.0,1.0,1.0,0.6625334959477187,1.8307125560027364,9.0,1.5708000083063138,0.0
167223.0,41.82640000000001,5.855696000000002,"[[0. 0. 0.]
 [0. 0. 0.]
 [1. 0. 0.]]","[[0. 0. 0.]
 [0. 0. 0.]
 [1. 0. 0.]]",0.0,0.0,0.0,0.0,0.0,0.7387561351060867,2.041330952525139,8.0,1.670510879685662,0.8964288886611662
167224.0,45.59940000000001,6.383916000000002,"[[0. 0. 0.]
 [0. 1. 0.]
 [0. 0. 0.]]","[[0. 0. 0.]
 [0. 1. 0.]
 [0. 0. 0.]]",0.0,0.0,0.0,0.0,0.0,0.5099427377805115,1.8765892750322821,6.0,2.4496578525499864,0.6053572115702046
167225.0,118.88739999999999,16.644236,"[[0. 0. 0.]
 [0. 0. 0.]
 [1. 0. 1.]]","[[0. 0. 0.]
 [0. 0. 0.]
 [0. 0. 1.]]",1.0,0.0,0.0,0.0,1.0,0.05174994170665742,0.1742938036680222,7.0,2.900893861316119,0.40535723402690543
167226.0,25.764199999999995,3.606988,"[[0. 0. 0.]
 [1. 0. 0.]
 [0. 0. 0.]]","[[0. 0. 0.]
 [0. 0. 0.]
 [0. 0. 0.]]",1.0,0.0,0.0,0.0,1.0,0.2614164469763637,7.570620304435493,7.0,2.7211793475078916,0.0
167227.0,0.0,0.0,"[[0. 0. 0.]
 [0. 0. 0.]
 [0. 0. 0.]]","[[0. 0. 0.]
 [0. 0. 0.]
 [0. 0. 0.]]",0.0,0.0,0.0,0.0,0.0,0.32862503638399665,1.3286967471077755,7.0,2.536779358092327,0.0
167228.0,13.475000000000001,1.8865000000000003,"[[0. 0. 0.]
 [0. 0. 0.]
 [1. 0. 0.]]","[[0. 0. 0.]
 [0. 0. 0.]
 [0. 0. 0.]]",1.0,0.0,0.0,0.0,1.0,0.7017730318009854,2.863795388173461,8.0,2.4509315023163207,0.0
167229.0,0.0,0.0,"[[0. 0. 0.]
 [0. 0. 0.]
 [0. 0. 0.]]","[[0. 0. 0.]
 [0. 0. 0.]
 [0. 0. 0.]]",0.0,0.0,0.0,0.0,0.0,0.6875,2.3996500000000003,7.0,2.370931489094927,0.0
167230.0,0.0,0.0,"[[0. 0. 0.]
 [0. 0. 0.]
 [0. 0. 0.]]","[[0. 0. 0.]
 [0. 0. 0.]
 [0. 0. 0.]]",0.0,0.0,0.0,0.0,0.0,0.10167983174324036,0.3501853405237198,6.0,2.160511076511142,0.0
167231.0,0.0,0.0,"[[0. 0. 0.]
 [0. 0. 0.]
 [0. 0. 0.]]","[[0. 0. 0.]
 [0. 0. 0.]
 [0. 0. 0.]]",0.0,0.0,0.0,0.0,0.0,0.35946273393929007,1.4200215841537713,6.0,2.025082049512969,0.0
167232.0,0.0,0.0,"[[0. 0. 0.]
 [0. 0. 0.]
 [0. 0. 0.]]","[[0. 0. 0.]
 [0. 0. 0.]
 [0. 0. 0.]]",0.0,0.0,0.0,0.0,0.0,0.12205957621335983,0.418908465564251,5.0,1.8605902779642887,0.3539287550364296
167233.0,0.0,0.0,"[[0. 0. 0.]
 [0. 0. 0.]
 [0. 0. 0.]]","[[0. 0. 0.]
 [0. 0. 0.]
 [0. 0. 0.]]",0.0,0.0,0.0,0.0,0.0,0.008315456099808216,0.028299160198867322,5.0,1.6630093149465648,0.0
167234.0,0.0,0.0,"[[0. 0. 0.]
 [0. 0. 0.]
 [0. 0. 0.]]","[[0. 0. 0.]
 [0. 0. 0.]
 [0. 0. 0.]]",0.0,0.0,0.0,0.0,0.0,0.20905635952949525,0.697077525215149,5.0,1.5238257104460544,0.0
167235.0,0.0,0.0,"[[0. 0. 0.]
 [0. 0. 0.]
 [0. 0. 0.]]","[[0. 0. 0.]
 [0. 0. 0.]
 [0. 0. 0.]]",0.0,0.0,0.0,0.0,0.0,0.1375,0.5119400000000001,5.0,1.3638257104460545,0.0
167236.0,0.0,0.0,"[[0. 0. 0.]
 [0. 0. 0.]
 [0. 0. 0.]]","[[0. 0. 0.]
 [0. 0. 0.]
 [0. 0. 0.]]",0.0,0.0,0.0,0.0,0.0,0.11429477855563164,0.3523936612427234,5.0,1.1970750989763548,0.0
167237.0,37.73,5.2822000000000005,"[[0. 0. 0.]
 [0. 1. 0.]
 [0. 0. 0.]]","[[0. 0. 0.]
 [0. 1. 0.]
 [0. 0. 0.]]",0.0,0.0,0.0,0.0,0.0,0.14755440670996905,0.4077223366209865,5.0,1.3000000172919821,0.0
167238.0,86.779,12.14906,"[[1. 1. 0.]
 [0. 0. 0.]
 [0. 0. 0.]]","[[0. 0. 0.]
 [0. 0. 0.]
 [0. 0. 0.]]",1.0,0.0,1.0,2.0,1.0,0.3267498850822449,0.5701131994915009,7.0,1.392025956368682,0.0
167239.0,32.34,4.5276000000000005,"[[1. 0. 0.]
 [0. 0. 0.]
 [0. 0. 0.]]","[[0. 0. 0.]
 [0. 0. 0.]
 [0. 0. 0.]]",1.0,0.0,0.0,1.0,1.0,0.31625006124377253,1.066648206562996,7.0,1.3240259741850522,0.0
167240.0,104.24259999999998,14.593964,"[[1. 1. 0.]
 [0. 0. 1.]
 [0. 0. 0.]]","[[0. 1. 0.]
 [0. 0. 0.]
 [0. 0. 0.]]",1.0,0.0,1.0,2.0,1.0,0.8249999731779099,7.888979743516446,9.0,1.6172259663822623,0.6682144705986472
167241.0,18.972799999999992,2.656191999999999,"[[1. 1. 0.]
 [0. 0. 0.]
 [0. 0. 0.]]","[[0. 0. 0.]
 [0. 0. 0.]
 [0. 0. 0.]]",1.0,0.0,2.0,2.0,1.0,0.8016250859946014,3.3841404630348086,11.0,1.4600259834053488,0.0
167242.0,18.865,2.6411000000000002,"[[0. 0. 0.]
 [0. 1. 0.]
 [0. 0. 0.]]","[[0. 0. 0.]
 [0. 1. 0.]
 [0. 0. 0.]]",0.0,0.0,0.0,0.0,0.0,0.6247175879776479,2.015588825851083,11.0,1.3317619938484295,0.0
167243.0,144.3442,20.208188000000003,"[[1. 0. 0.]
 [2. 0. 2.]
 [0. 1. 0.]]","[[0. 0. 0.]
 [0. 0. 0.]
 [0. 0. 0.]]",3.0,0.0,4.0,4.0,3.0,0.9085458844900132,0.9957662894010545,15.0,1.2204662241136135,0.0
167244.0,40.101600000000005,5.614224000000001,"[[0. 0. 0.]
 [1. 0. 0.]
 [1. 0. 1.]]","[[0. 0. 0.]
 [0. 0. 0.]
 [0. 0. 0.]]",3.0,0.0,1.0,1.0,3.0,1.0518750734627247,2.691958688005805,17.0,0.9776662153614842,0.0
167245.0,0.0,0.0,"[[0. 0. 0.]
 [0. 0. 0.]
 [0. 0. 0.]]","[[0. 0. 0.]
 [0. 0. 0.]
 [0. 0. 0.]]",0.0,0.0,0.0,0.0,0.0,0.7098293136805296,-1.8069415009051562,12.0,0.7041620058820653,0.0
167246.0,25.009599999999992,3.501343999999999,"[[0. 0. 1.]
 [0. 0. 0.]
 [0. 0. 0.]]","[[0. 0. 1.]
 [0. 0. 0.]
 [0. 0. 0.]]",0.0,0.0,0.0,0.0,0.0,0.6484432734549046,0.5192733733826875,11.0,1.0,0.0
167247.0,150.5806,21.081284000000004,"[[1. 0. 0.]
 [2. 1. 0.]
 [0. 0. 1.]]","[[0. 0. 0.]
 [0. 0. 0.]
 [0. 0. 0.]]",4.0,0.0,2.0,3.0,4.0,0.5830001175403595,2.0391012111091618,11.0,1.2508593916222426,0.8564287912109717
167248.0,48.0788,6.731032000000001,"[[2. 0. 1.]
 [0. 0. 0.]
 [0. 0. 0.]]","[[0. 0. 0.]
 [0. 0. 0.]
 [0. 0. 0.]]",2.0,0.0,2.0,3.0,2.0,0.8305000439286232,11.029040583372115,12.0,1.513366650031904,0.0
167249.0,72.226,10.111640000000001,"[[0. 0. 0.]
 [0. 0. 0.]
 [2. 0. 0.]]","[[0. 0. 0.]
 [0. 0. 0.]
 [1. 0. 0.]]",1.0,0.0,0.0,0.0,1.0,0.4011313568800688,6.614495622409581,10.0,1.6404100721948622,0.0
167250.0,27.812400000000004,3.893736000000001,"[[1. 0. 0.]
 [0. 0. 0.]
 [0. 0. 0.]]","[[0. 0. 0.]
 [0. 0. 0.]
 [0. 0. 0.]]",1.0,0.0,1.0,1.0,1.0,0.6304459556937219,8.27245965223074,8.0,1.5206125320330361,0.8964288886611662
167251.0,0.0,0.0,"[[0. 0. 0.]
 [0. 0. 0.]
 [0. 0. 0.]]","[[0. 0. 0.]
 [0. 0. 0.]
 [0. 0. 0.]]",0.0,0.0,0.0,0.0,0.0,0.275,0.9321400000000001,5.0,1.4006125327266172,0.40535723402690543
167252.0,0.0,0.0,"[[0. 0. 0.]
 [0. 0. 0.]
 [0. 0. 0.]]","[[0. 0. 0.]
 [0. 0. 0.]
 [0. 0. 0.]]",0.0,0.0,0.0,0.0,0.0,0.21725003868341447,0.6001315068590641,5.0,1.2638125327266172,0.0
167253.0,0.0,0.0,"[[0. 0. 0.]
 [0. 0. 0.]
 [0. 0. 0.]]","[[0. 0. 0.]
 [0. 0. 0.]
 [0. 0. 0.]]",0.0,0.0,0.0,0.0,0.0,0.1375,0.4073300000000001,4.0,1.1438125327266173,0.0
167254.0,29.645000000000003,4.1503000000000005,"[[0. 0. 0.]
 [0. 0. 0.]
 [0. 1. 0.]]","[[0. 0. 0.]
 [0. 0. 0.]
 [0. 1. 0.]]",0.0,0.0,0.0,0.0,0.0,0.22018779516220094,0.7104139023113252,5.0,1.4178671640465301,0.0
167255.0,0.0,0.0,"[[0. 0. 0.]
 [0. 0. 0.]
 [0. 0. 0.]]","[[0. 0. 0.]
 [0. 0. 0.]
 [0. 0. 0.]]",0.0,0.0,0.0,0.0,0.0,0.22173551917076112,0.5733193583679199,5.0,1.2823720423507519,0.0
167256.0,0.0,0.0,"[[0. 0. 0.]
 [0. 0. 0.]
 [0. 0. 0.]]","[[0. 0. 0.]
 [0. 0. 0.]
 [0. 0. 0.]]",0.0,0.0,0.0,0.0,0.0,-0.07674100697040559,-0.20462222098588945,5.0,1.0583980729912037,0.0
167257.0,0.0,0.0,"[[0. 0. 0.]
 [0. 0. 0.]
 [0. 0. 0.]]","[[0. 0. 0.]
 [0. 0. 0.]
 [0. 0. 0.]]",0.0,0.0,0.0,0.0,0.0,0.16759060323238373,0.508805071413517,5.0,0.9071516941659926,0.0
167258.0,0.0,0.0,"[[0. 0. 0.]
 [0. 0. 0.]
 [0. 0. 0.]]","[[0. 0. 0.]
 [0. 0. 0.]
 [0. 0. 0.]]",0.0,0.0,0.0,0.0,0.0,0.1375,0.50776,5.0,0.7471516941659927,0.0
167259.0,0.0,0.0,"[[0. 0. 0.]
 [0. 0. 0.]
 [0. 0. 0.]]","[[0. 0. 0.]
 [0. 0. 0.]
 [0. 0. 0.]]",0.0,0.0,0.0,0.0,0.0,0.1375,0.51183,5.0,0.5871516941659928,0.0
167260.0,0.0,0.0,"[[0. 0. 0.]
 [0. 0. 0.]
 [0. 0. 0.]]","[[0. 0. 0.]
 [0. 0. 0.]
 [0. 0. 0.]]",0.0,0.0,0.0,0.0,0.0,0.275,0.9079400000000002,5.0,0.4671516941659928,0.0
167261.0,0.0,0.0,"[[0. 0. 0.]
 [0. 0. 0.]
 [0. 0. 0.]]","[[0. 0. 0.]
 [0. 0. 0.]
 [0. 0. 0.]]",0.0,0.0,0.0,0.0,0.0,0.26211208552122117,0.8779706416618824,5.0,0.34340247631072995,0.0
167262.0,0.0,0.0,"[[0. 0. 0.]
 [0. 0. 0.]
 [0. 0. 0.]]","[[0. 0. 0.]
 [0. 0. 0.]
 [0. 0. 0.]]",0.0,0.0,0.0,0.0,0.0,0.05705399066209793,0.21785495794415477,4.0,0.2,0.6053572115702046
167263.0,79.233,11.092620000000002,"[[0. 1. 0.]
 [1. 0. 0.]
 [0. 0. 0.]]","[[0. 1. 0.]
 [0. 0. 0.]
 [0. 0. 0.]]",1.0,0.0,0.0,0.0,1.0,0.275,0.9141,4.0,0.266,0.0
167264.0,38.48459999999999,5.387843999999999,"[[0. 1. 0.]
 [1. 0. 0.]
 [0. 0. 1.]]","[[0. 0. 0.]
 [0. 0. 0.]
 [0. 0. 0.]]",2.0,0.0,2.0,2.0,2.0,0.17737500537186862,3.1660728958857067,6.0,0.21410727687626405,0.3539287550364296
167265.0,20.697599999999994,2.8976639999999994,"[[0. 0. 1.]
 [0. 0. 0.]
 [0. 0. 0.]]","[[0. 0. 1.]
 [0. 0. 0.]
 [0. 0. 0.]]",0.0,0.0,0.0,0.0,0.0,0.275,1.0852600000000001,4.0,0.3373072768762641,0.0
167266.0,4.2042,0.5885880000000001,"[[0. 0. 0.]
 [0. 1. 0.]
 [0. 0. 0.]]","[[0. 0. 0.]
 [0. 0. 0.]
 [0. 0. 0.]]",1.0,0.0,1.0,1.0,1.0,-0.004125017672777176,-0.014958964088559151,5.0,0.15981455375252818,0.0
167267.0,121.5984,17.023776,"[[0. 0. 0.]
 [1. 0. 0.]
 [0. 0. 2.]]","[[0. 0. 0.]
 [0. 0. 0.]
 [0. 0. 0.]]",1.0,0.0,2.0,2.0,1.0,0.8250000000000001,2.8241400000000008,6.0,0.22861455375252826,0.4682144930556804
167268.0,15.091999999999999,2.11288,"[[1. 0. 0.]
 [0. 0. 0.]
 [0. 0. 0.]]","[[0. 0. 0.]
 [0. 0. 0.]
 [0. 0. 0.]]",1.0,0.0,1.0,1.0,1.0,0.5985546600840439,2.5431390397650855,7.0,0.14673954165016853,0.0
167269.0,11.9658,1.6752120000000001,"[[0. 0. 1.]
 [0. 0. 0.]
 [0. 0. 0.]]","[[0. 0. 0.]
 [0. 0. 0.]
 [0. 0. 0.]]",1.0,0.0,0.0,1.0,1.0,0.6879983999601951,5.895871088298889,7.0,0.10248451825370399,0.0
167270.0,0.0,0.0,"[[0. 0. 0.]
 [0. 0. 0.]
 [0. 0. 0.]]","[[0. 0. 0.]
 [0. 0. 0.]
 [0. 0. 0.]]",0.0,0.0,0.0,0.0,0.0,0.4767562992870808,14.698587409540416,5.0,0.041177240465845734,0.0
167271.0,40.74839999999999,5.704775999999999,"[[0. 0. 0.]
 [0. 1. 0.]
 [0. 1. 0.]]","[[0. 0. 0.]
 [0. 0. 0.]
 [0. 0. 0.]]",1.0,0.0,2.0,2.0,1.0,0.5157033070921898,3.077717336726189,6.0,7.9588456580737e-09,0.0
167272.0,72.87279999999998,10.202191999999998,"[[0. 1. 0.]
 [0. 0. 0.]
 [0. 0. 2.]]","[[0. 1. 0.]
 [0. 0. 0.]
 [0. 0. 1.]]",0.0,0.0,1.0,1.0,0.0,0.3066250361502171,1.442364170050621,5.0,1.1371507041370454,1.01071444559711
167273.0,19.7274,2.761836,"[[1. 0. 0.]
 [0. 0. 0.]
 [0. 0. 0.]]","[[0. 0. 0.]
 [0. 0. 0.]
 [0. 0. 0.]]",1.0,0.0,0.0,1.0,1.0,0.55,2.3342,5.0,1.143950697730088,0.0
167274.0,97.3434,13.628076000000002,"[[1. 1. 0.]
 [0. 0. 1.]
 [0. 0. 0.]]","[[0. 1. 0.]
 [0. 0. 0.]
 [0. 0. 0.]]",1.0,0.0,1.0,2.0,1.0,0.5376250207424165,2.0266312781906133,7.0,1.5784579814121187,0.0
167275.0,0.0,0.0,"[[0. 0. 0.]
 [0. 0. 0.]
 [0. 0. 0.]]","[[0. 0. 0.]
 [0. 0. 0.]
 [0. 0. 0.]]",0.0,0.0,0.0,0.0,0.0,0.7545062705874443,2.6075736711502078,6.0,1.557950696316916,0.0
167276.0,18.757199999999994,2.6260079999999992,"[[0. 0. 0.]
 [0. 1. 0.]
 [0. 0. 0.]]","[[0. 0. 0.]
 [0. 0. 0.]
 [0. 0. 0.]]",1.0,0.0,1.0,1.0,1.0,0.2875445492565632,0.7782105681079626,6.0,1.4120000025489117,0.0
167277.0,4.4198,0.6187720000000001,"[[0. 0. 0.]
 [1. 0. 0.]
 [0. 0. 0.]]","[[0. 0. 0.]
 [0. 0. 0.]
 [0. 0. 0.]]",1.0,0.0,0.0,0.0,1.0,0.19387504532933236,0.5169484208661318,5.0,1.2919999999999998,0.40535723402690543
167278.0,0.0,0.0,"[[0. 0. 0.]
 [0. 0. 0.]
 [0. 0. 0.]]","[[0. 0. 0.]
 [0. 0. 0.]
 [0. 0. 0.]]",0.0,0.0,0.0,0.0,0.0,0.1375,0.45463000000000003,3.0,1.212,0.0
167279.0,0.0,0.0,"[[0. 0. 0.]
 [0. 0. 0.]
 [0. 0. 0.]]","[[0. 0. 0.]
 [0. 0. 0.]
 [0. 0. 0.]]",0.0,0.0,0.0,0.0,0.0,0.0,0.0,3.0,1.092,0.0
167280.0,0.0,0.0,"[[0. 0. 0.]
 [0. 0. 0.]
 [0. 0. 0.]]","[[0. 0. 0.]
 [0. 0. 0.]
 [0. 0. 0.]]",0.0,0.0,0.0,0.0,0.0,0.1375,0.37895000000000006,3.0,1.012,0.0
167281.0,0.0,0.0,"[[0. 0. 0.]
 [0. 0. 0.]
 [0. 0. 0.]]","[[0. 0. 0.]
 [0. 0. 0.]
 [0. 0. 0.]]",0.0,0.0,0.0,0.0,0.0,0.1375,0.39798,3.0,0.932,0.0
167282.0,0.0,0.0,"[[0. 0. 0.]
 [0. 0. 0.]
 [0. 0. 0.]]","[[0. 0. 0.]
 [0. 0. 0.]
 [0. 0. 0.]]",0.0,0.0,0.0,0.0,0.0,0.0962500050663948,0.3247090170919895,3.0,0.84,0.0
167283.0,0.0,0.0,"[[0. 0. 0.]
 [0. 0. 0.]
 [0. 0. 0.]]","[[0. 0. 0.]
 [0. 0. 0.]
 [0. 0. 0.]]",0.0,0.0,0.0,0.0,0.0,0.0,0.0,3.0,0.72,0.0
167284.0,0.0,0.0,"[[0. 0. 0.]
 [0. 0. 0.]
 [0. 0. 0.]]","[[0. 0. 0.]
 [0. 0. 0.]
 [0. 0. 0.]]",0.0,0.0,0.0,0.0,0.0,0.0,0.0,3.0,0.6,0.0
167285.0,0.0,0.0,"[[0. 0. 0.]
 [0. 0. 0.]
 [0. 0. 0.]]","[[0. 0. 0.]
 [0. 0. 0.]
 [0. 0. 0.]]",0.0,0.0,0.0,0.0,0.0,0.0,0.0,3.0,0.48,0.0
167286.0,133.656,18.711840000000002,"[[0. 0. 0.]
 [0. 0. 0.]
 [2. 0. 0.]]","[[0. 0. 0.]
 [0. 0. 0.]
 [0. 0. 0.]]",2.0,0.0,0.0,0.0,2.0,0.1375,0.46254999999999996,4.0,0.5040593692022263,0.40535723402690543
167287.0,178.60859999999997,25.005204,"[[0. 0. 0.]
 [1. 0. 1.]
 [1. 1. 1.]]","[[0. 0. 0.]
 [0. 0. 1.]
 [0. 0. 0.]]",3.0,1.0,0.0,1.0,3.0,0.47800008170306685,7.133673219336569,9.0,0.6193447210728714,0.0
167288.0,67.2672,9.417408000000002,"[[0. 0. 1.]
 [0. 0. 0.]
 [1. 0. 0.]]","[[0. 0. 0.]
 [0. 0. 0.]
 [1. 0. 0.]]",0.0,0.0,1.0,1.0,0.0,0.9583750318605286,20.831239692520448,10.0,0.7285447218571979,0.0
167289.0,21.559999999999995,3.0183999999999997,"[[0. 1. 1.]
 [0. 0. 0.]
 [0. 0. 0.]]","[[0. 1. 0.]
 [0. 0. 0.]
 [0. 0. 0.]]",1.0,0.0,0.0,1.0,1.0,0.595374943315983,13.264477437125448,11.0,0.5794026703415431,0.0
167290.0,71.90259999999999,10.066364,"[[2. 0. 0.]
 [0. 0. 0.]
 [1. 0. 1.]]","[[0. 0. 0.]
 [0. 0. 0.]
 [0. 1. 0.]]",3.0,0.0,1.0,2.0,2.0,0.9827563725411893,21.963425618648532,15.0,0.4768461049660651,0.0
167291.0,0.0,0.0,"[[0. 0. 0.]
 [0. 0. 0.]
 [0. 0. 0.]]","[[0. 0. 0.]
 [0. 0. 0.]
 [0. 0. 0.]]",0.0,0.0,0.0,0.0,0.0,0.9882709801197054,18.188139118123058,11.0,0.32434308103075915,0.0
167292.0,47.53979999999999,6.655571999999999,"[[0. 0. 1.]
 [0. 0. 0.]
 [0. 1. 0.]]","[[0. 0. 0.]
 [0. 0. 0.]
 [0. 0. 0.]]",1.0,0.0,1.0,1.0,1.0,0.6022763740271331,17.90399022597939,9.0,0.16315073040236838,0.40535723402690543
167293.0,12.828199999999992,1.795947999999999,"[[1. 0. 0.]
 [0. 0. 0.]
 [1. 0. 0.]]","[[0. 0. 0.]
 [0. 0. 0.]
 [0. 0. 0.]]",2.0,0.0,1.0,1.0,2.0,0.7301250133663415,3.9701277726808186,9.0,0.08795071960850914,1.1364289636543277
167294.0,23.93159999999999,3.350423999999999,"[[0. 0. 0.]
 [1. 1. 1.]
 [0. 0. 0.]]","[[0. 0. 0.]
 [0. 0. 0.]
 [0. 0. 0.]]",2.0,0.0,2.0,2.0,2.0,0.8279196971096099,2.811615291384235,10.0,4.663955803785313e-08,0.0
167295.0,7.7616,1.086624,"[[0. 0. 0.]
 [0. 0. 1.]
 [0. 0. 0.]]","[[0. 0. 0.]
 [0. 0. 0.]
 [0. 0. 0.]]",0.0,0.0,1.0,1.0,0.0,0.7865000292658807,7.422672676199676,6.0,9.146603758836136e-09,0.6282143731485081
167296.0,6.036799999999998,0.8451519999999998,"[[0. 0. 1.]
 [0. 0. 0.]
 [0. 0. 0.]]","[[0. 0. 0.]
 [0. 0. 0.]
 [0. 0. 0.]]",0.0,0.0,1.0,1.0,0.0,0.2145000144839287,0.728442049187422,2.0,0.0,0.3539287550364296
167297.0,37.94559999999999,5.312384,"[[0. 1. 0.]
 [0. 1. 0.]
 [0. 0. 0.]]","[[0. 1. 0.]
 [0. 0. 0.]
 [0. 0. 0.]]",1.0,0.0,1.0,1.0,1.0,-0.005499999970197678,-0.018576799899339677,2.0,0.41690727687626405,0.0
167298.0,38.808,5.433120000000001,"[[1. 0. 0.]
 [0. 0. 0.]
 [0. 0. 0.]]","[[0. 0. 0.]
 [0. 0. 0.]
 [0. 0. 0.]]",1.0,0.0,0.0,1.0,1.0,0.275,4.37294,2.0,0.872907276876264,0.0
167299.0,284.1128,39.775792,"[[1. 0. 0.]
 [0. 2. 0.]
 [1. 0. 1.]]","[[0. 0. 0.]
 [0. 1. 0.]
 [0. 0. 0.]]",2.0,3.0,0.0,3.0,2.0,0.32674994170665744,1.3354923617434502,7.0,1.6727113408516252,0.0
167300.0,77.6,10.864,"[[1. 0. 0.]
 [0. 0. 0.]
 [0. 0. 0.]]","[[0. 0. 0.]
 [0. 0. 0.]
 [0. 0. 0.]]",1.0,1.0,0.0,1.0,1.0,0.6881873842198236,2.317815110052366,8.0,2.9049706612297737,0.0
167301.0,33.6336,4.708704000000001,"[[0. 1. 0.]
 [0. 0. 0.]
 [0. 0. 0.]]","[[0. 1. 0.]
 [0. 0. 0.]
 [0. 0. 0.]]",0.0,0.0,0.0,0.0,0.0,0.3547499611973763,1.1173204777872563,8.0,2.9226779381060375,0.0
167302.0,0.0,0.0,"[[0. 0. 0.]
 [0. 0. 0.]
 [0. 0. 0.]]","[[0. 0. 0.]
 [0. 0. 0.]
 [0. 0. 0.]]",0.0,0.0,0.0,0.0,0.0,0.5743812844924083,1.7474976199397032,8.0,2.76977066168557,0.0
167303.0,0.0,0.0,"[[0. 0. 0.]
 [0. 0. 0.]
 [0. 0. 0.]]","[[0. 0. 0.]
 [0. 0. 0.]
 [0. 0. 0.]]",0.0,0.0,0.0,0.0,0.0,0.534021607041359,0.0234969507098198,8.0,2.6051224019157844,0.0
167304.0,0.0,0.0,"[[0. 0. 0.]
 [0. 0. 0.]
 [0. 0. 0.]]","[[0. 0. 0.]
 [0. 0. 0.]
 [0. 0. 0.]]",0.0,0.0,0.0,0.0,0.0,0.1375,0.37169,8.0,2.325122401915784,0.0
167305.0,0.0,0.0,"[[0. 0. 0.]
 [0. 0. 0.]
 [0. 0. 0.]]","[[0. 0. 0.]
 [0. 0. 0.]
 [0. 0. 0.]]",0.0,0.0,0.0,0.0,0.0,0.275,0.8150999999999999,8.0,2.0851224019157844,0.0
167306.0,0.0,0.0,"[[0. 0. 0.]
 [0. 0. 0.]
 [0. 0. 0.]]","[[0. 0. 0.]
 [0. 0. 0.]
 [0. 0. 0.]]",0.0,0.0,0.0,0.0,0.0,0.43979594707489017,1.349293965625763,8.0,1.8930630410648432,0.0
167307.0,0.0,0.0,"[[0. 0. 0.]
 [0. 0. 0.]
 [0. 0. 0.]]","[[0. 0. 0.]
 [0. 0. 0.]
 [0. 0. 0.]]",0.0,0.0,0.0,0.0,0.0,0.41250000000000003,1.2355200000000002,8.0,1.6930630410648433,0.0
167308.0,0.0,0.0,"[[0. 0. 0.]
 [0. 0. 0.]
 [0. 0. 0.]]","[[0. 0. 0.]
 [0. 0. 0.]
 [0. 0. 0.]]",0.0,0.0,0.0,0.0,0.0,0.41819144375622275,1.2759857331889868,8.0,1.4947187182425847,0.0
167309.0,0.43120000000000047,0.060368000000000074,"[[1. 0. 0.]
 [0. 0. 0.]
 [0. 0. 0.]]","[[0. 0. 0.]
 [0. 0. 0.]
 [0. 0. 0.]]",1.0,0.0,0.0,1.0,1.0,0.44529599891975524,1.3586871519039572,8.0,1.342659355536905,0.42821439560548585
167310.0,108.77020000000002,15.227828000000004,"[[0. 0. 0.]
 [0. 0. 0.]
 [1. 0. 1.]]","[[0. 0. 0.]
 [0. 0. 1.]
 [1. 0. 0.]]",0.0,0.0,0.0,0.0,0.0,0.8249999582767488,3.299999833106995,8.0,1.619059343399232,0.40535723402690543
167311.0,55.1936,7.7271040000000015,"[[0. 1. 0.]
 [0. 1. 0.]
 [0. 0. 0.]]","[[0. 1. 0.]
 [0. 1. 0.]
 [0. 0. 0.]]",0.0,0.0,0.0,0.0,0.0,0.5454319298267365,4.975211891107559,10.0,1.931226321007413,0.0
167312.0,63.709799999999994,8.919372,"[[0. 0. 0.]
 [0. 1. 1.]
 [0. 0. 1.]]","[[0. 0. 0.]
 [0. 1. 1.]
 [0. 0. 0.]]",1.0,0.0,1.0,1.0,1.0,0.6345504775643349,12.519934742535352,9.0,2.118394247039541,0.40535723402690543
167313.0,27.488999999999997,3.8484599999999998,"[[0. 0. 0.]
 [0. 0. 0.]
 [0. 1. 0.]]","[[0. 0. 0.]
 [0. 0. 0.]
 [0. 0. 0.]]",0.0,0.0,1.0,1.0,0.0,0.7336055211722852,5.51788728804946,8.0,2.0298067509299664,0.0
167314.0,29.968399999999995,4.195576,"[[0. 0. 1.]
 [0. 0. 0.]
 [0. 0. 1.]]","[[0. 0. 0.]
 [0. 0. 0.]
 [0. 0. 0.]]",0.0,0.0,2.0,2.0,0.0,0.768625020980835,3.335832591056824,10.0,1.9022067509299663,0.0
167315.0,83.54499999999999,11.696299999999999,"[[0. 1. 1.]
 [0. 1. 0.]
 [1. 1. 0.]]","[[0. 1. 0.]
 [0. 0. 0.]
 [0. 0. 0.]]",2.0,0.0,2.0,2.0,2.0,0.8986607006313847,6.025340265593307,14.0,1.7326067394441325,0.0
167316.0,0.0,0.0,"[[0. 0. 0.]
 [0. 0. 0.]
 [0. 0. 0.]]","[[0. 0. 0.]
 [0. 0. 0.]
 [0. 0. 0.]]",0.0,0.0,0.0,0.0,0.0,0.6923787161577327,6.481772589182231,11.0,1.4940259763915988,0.0
167317.0,15.415400000000004,2.158156000000001,"[[0. 0. 0.]
 [0. 1. 0.]
 [1. 0. 0.]]","[[0. 0. 0.]
 [0. 0. 0.]
 [0. 0. 0.]]",2.0,0.0,1.0,1.0,1.0,0.6984108299016953,14.990690053009988,10.0,1.320000011328225,0.42821439560548585
167318.0,8.4084,1.1771760000000002,"[[0. 0. 0.]
 [0. 0. 0.]
 [0. 0. 1.]]","[[0. 0. 0.]
 [0. 0. 0.]
 [0. 0. 0.]]",1.0,0.0,1.0,1.0,1.0,0.38225004225969317,1.7932113982486726,8.0,1.12,0.40535723402690543
167319.0,0.0,0.0,"[[0. 0. 0.]
 [0. 0. 0.]
 [0. 0. 0.]]","[[0. 0. 0.]
 [0. 0. 0.]
 [0. 0. 0.]]",0.0,0.0,0.0,0.0,0.0,0.0,0.0,5.0,0.92,0.6282143731485081
167320.0,12.935999999999996,1.8110399999999998,"[[0. 0. 0.]
 [0. 1. 0.]
 [0. 0. 0.]]","[[0. 0. 0.]
 [0. 0. 0.]
 [0. 0. 0.]]",1.0,0.0,1.0,1.0,1.0,0.1375,0.4358200000000001,4.0,0.8320000000000001,0.7821431506419154
167321.0,180.65679999999998,25.291952,"[[0. 0. 1.]
 [1. 0. 1.]
 [0. 0. 0.]]","[[0. 0. 0.]
 [0. 0. 0.]
 [0. 0. 0.]]",1.0,1.0,1.0,2.0,1.0,0.44000000171363357,1.511840005888045,5.0,1.5696593692022265,1.0335716071754135
167322.0,96.04979999999999,13.446972,"[[1. 0. 0.]
 [0. 0. 0.]
 [1. 0. 1.]]","[[0. 0. 0.]
 [0. 0. 0.]
 [0. 0. 0.]]",2.0,1.0,1.0,2.0,2.0,0.723250012844801,2.492030244258046,7.0,1.9036593692022266,0.0
167323.0,103.7954,14.531356,"[[1. 0. 0.]
 [0. 0. 0.]
 [0. 0. 1.]]","[[0. 0. 0.]
 [0. 0. 0.]
 [0. 0. 0.]]",1.0,1.0,1.0,2.0,1.0,0.534141881018877,1.5327735417717694,8.0,2.8739054546142113,0.0
167324.0,0.0,0.0,"[[0. 0. 0.]
 [0. 0. 0.]
 [0. 0. 0.]]","[[0. 0. 0.]
 [0. 0. 0.]
 [0. 0. 0.]]",0.0,0.0,0.0,0.0,0.0,0.41250000000000003,1.23024,7.0,2.7139054546142116,0.0
167325.0,72.0104,10.081456000000001,"[[0. 0. 0.]
 [0. 1. 0.]
 [0. 0. 1.]]","[[0. 0. 0.]
 [0. 1. 0.]
 [0. 0. 1.]]",0.0,0.0,0.0,0.0,0.0,0.7616972401738168,2.271685849094391,9.0,3.427261515472653,0.0
167326.0,0.0,0.0,"[[0. 0. 0.]
 [0. 0. 0.]
 [0. 0. 0.]]","[[0. 0. 0.]
 [0. 0. 0.]
 [0. 0. 0.]]",0.0,0.0,0.0,0.0,0.0,0.3529877305030823,1.0459732430267334,7.0,3.249948855255368,0.0
167327.0,0.0,0.0,"[[0. 0. 0.]
 [0. 0. 0.]
 [0. 0. 0.]]","[[0. 0. 0.]
 [0. 0. 0.]
 [0. 0. 0.]]",0.0,0.0,0.0,0.0,0.0,,,,,0.0
167328.0,,,,,,,,,,,,,,
167329.0,,,,,,,,,,,,,,
167330.0,,,,,,,,,,,,,,
167331.0,,,,,,,,,,,,,,
167332.0,,,,,,,,,,,,,,
167333.0,,,,,,,,,,,,,,
167334.0,,,,,,,,,,,,,,
167335.0,,,,,,,,,,,,,,
167336.0,,,,,,,,,,,,,,
167337.0,,,,,,,,,,,,,,
167338.0,,,,,,,,,,,,,,
167339.0,,,,,,,,,,,,,,
167340.0,,,,,,,,,,,,,,
167341.0,,,,,,,,,,,,,,
167342.0,,,,,,,,,,,,,,
167343.0,,,,,,,,,,,,,,
167344.0,,,,,,,,,,,,,,
167345.0,,,,,,,,,,,,,,
167346.0,,,,,,,,,,,,,,
167347.0,,,,,,,,,,,,,,
167348.0,,,,,,,,,,,,,,
167349.0,,,,,,,,,,,,,,
167350.0,,,,,,,,,,,,,,
167351.0,,,,,,,,,,,,,,
167352.0,,,,,,,,,,,,,,
167353.0,,,,,,,,,,,,,,
167354.0,,,,,,,,,,,,,,
167355.0,,,,,,,,,,,,,,
167356.0,,,,,,,,,,,,,,
167357.0,,,,,,,,,,,,,,
167358.0,,,,,,,,,,,,,,
167359.0,,,,,,,,,,,,,,
167360.0,,,,,,,,,,,,,,
167361.0,,,,,,,,,,,,,,
167362.0,,,,,,,,,,,,,,
167363.0,,,,,,,,,,,,,,
167364.0,,,,,,,,,,,,,,
167365.0,,,,,,,,,,,,,,
167366.0,,,,,,,,,,,,,,
167367.0,,,,,,,,,,,,,,
167368.0,,,,,,,,,,,,,,
167369.0,,,,,,,,,,,,,,
167370.0,,,,,,,,,,,,,,
167371.0,,,,,,,,,,,,,,
167372.0,,,,,,,,,,,,,,
167373.0,,,,,,,,,,,,,,
167374.0,,,,,,,,,,,,,,
167375.0,,,,,,,,,,,,,,
167376.0,,,,,,,,,,,,,,
167377.0,,,,,,,,,,,,,,
167378.0,,,,,,,,,,,,,,
167379.0,,,,,,,,,,,,,,
167380.0,,,,,,,,,,,,,,
167381.0,,,,,,,,,,,,,,
167382.0,,,,,,,,,,,,,,
167383.0,,,,,,,,,,,,,,
167384.0,,,,,,,,,,,,,,
167385.0,,,,,,,,,,,,,,
167386.0,,,,,,,,,,,,,,
167387.0,,,,,,,,,,,,,,
167388.0,,,,,,,,,,,,,,
167389.0,,,,,,,,,,,,,,
167390.0,,,,,,,,,,,,,,
167391.0,,,,,,,,,,,,,,
167392.0,,,,,,,,,,,,,,
167393.0,,,,,,,,,,,,,,
167394.0,,,,,,,,,,,,,,
167395.0,,,,,,,,,,,,,,
167396.0,,,,,,,,,,,,,,
167397.0,,,,,,,,,,,,,,
167398.0,,,,,,,,,,,,,,
167399.0,,,,,,,,,,,,,,
167400.0,,,,,,,,,,,,,,
167401.0,,,,,,,,,,,,,,
167402.0,,,,,,,,,,,,,,
167403.0,,,,,,,,,,,,,,
167404.0,,,,,,,,,,,,,,
167405.0,,,,,,,,,,,,,,
167406.0,,,,,,,,,,,,,,
167407.0,,,,,,,,,,,,,,
167408.0,,,,,,,,,,,,,,
167409.0,,,,,,,,,,,,,,
167410.0,,,,,,,,,,,,,,
167411.0,,,,,,,,,,,,,,
167412.0,,,,,,,,,,,,,,
167413.0,,,,,,,,,,,,,,
167414.0,,,,,,,,,,,,,,
167415.0,,,,,,,,,,,,,,
167416.0,,,,,,,,,,,,,,
167417.0,,,,,,,,,,,,,,
167418.0,,,,,,,,,,,,,,
167419.0,,,,,,,,,,,,,,
167420.0,,,,,,,,,,,,,,
167421.0,,,,,,,,,,,,,,
167422.0,,,,,,,,,,,,,,
167423.0,,,,,,,,,,,,,,
167424.0,,,,,,,,,,,,,,
167425.0,,,,,,,,,,,,,,
167426.0,,,,,,,,,,,,,,
167427.0,,,,,,,,,,,,,,
167428.0,,,,,,,,,,,,,,
167429.0,,,,,,,,,,,,,,
167430.0,,,,,,,,,,,,,,
167431.0,,,,,,,,,,,,,,
167432.0,,,,,,,,,,,,,,
167433.0,,,,,,,,,,,,,,
167434.0,,,,,,,,,,,,,,
167435.0,,,,,,,,,,,,,,
167436.0,,,,,,,,,,,,,,
167437.0,,,,,,,,,,,,,,
167438.0,,,,,,,,,,,,,,
167439.0,,,,,,,,,,,,,,
167440.0,,,,,,,,,,,,,,
167441.0,,,,,,,,,,,,,,
167442.0,,,,,,,,,,,,,,
167443.0,,,,,,,,,,,,,,
167444.0,,,,,,,,,,,,,,
167445.0,,,,,,,,,,,,,,
167446.0,,,,,,,,,,,,,,
167447.0,,,,,,,,,,,,,,
167448.0,,,,,,,,,,,,,,
167449.0,,,,,,,,,,,,,,
167450.0,,,,,,,,,,,,,,
167451.0,,,,,,,,,,,,,,
167452.0,,,,,,,,,,,,,,
167453.0,,,,,,,,,,,,,,
167454.0,,,,,,,,,,,,,,
167455.0,,,,,,,,,,,,,,
167456.0,,,,,,,,,,,,,,
167457.0,,,,,,,,,,,,,,
167458.0,,,,,,,,,,,,,,
167459.0,,,,,,,,,,,,,,
167460.0,,,,,,,,,,,,,,
167461.0,,,,,,,,,,,,,,
167462.0,,,,,,,,,,,,,,
167463.0,,,,,,,,,,,,,,
167464.0,,,,,,,,,,,,,,
167465.0,,,,,,,,,,,,,,
167466.0,,,,,,,,,,,,,,
167467.0,,,,,,,,,,,,,,
167468.0,,,,,,,,,,,,,,
167469.0,,,,,,,,,,,,,,
167470.0,,,,,,,,,,,,,,
167471.0,,,,,,,,,,,,,,
167472.0,,,,,,,,,,,,,,
167473.0,,,,,,,,,,,,,,
167474.0,,,,,,,,,,,,,,
167475.0,,,,,,,,,,,,,,
167476.0,,,,,,,,,,,,,,
167477.0,,,,,,,,,,,,,,
167478.0,,,,,,,,,,,,,,
167479.0,,,,,,,,,,,,,,
167480.0,,,,,,,,,,,,,,
167481.0,,,,,,,,,,,,,,
167482.0,,,,,,,,,,,,,,
167483.0,,,,,,,,,,,,,,
167484.0,,,,,,,,,,,,,,
167485.0,,,,,,,,,,,,,,
167486.0,,,,,,,,,,,,,,
167487.0,,,,,,,,,,,,,,
167488.0,,,,,,,,,,,,,,
167489.0,,,,,,,,,,,,,,
167490.0,,,,,,,,,,,,,,
167491.0,,,,,,,,,,,,,,
167492.0,,,,,,,,,,,,,,
167493.0,,,,,,,,,,,,,,
167494.0,,,,,,,,,,,,,,
167495.0,,,,,,,,,,,,,,
167496.0,,,,,,,,,,,,,,
167497.0,,,,,,,,,,,,,,
167498.0,,,,,,,,,,,,,,
167499.0,,,,,,,,,,,,,,
167500.0,,,,,,,,,,,,,,
167501.0,,,,,,,,,,,,,,
167502.0,,,,,,,,,,,,,,
167503.0,,,,,,,,,,,,,,
167504.0,,,,,,,,,,,,,,
167505.0,,,,,,,,,,,,,,
167506.0,,,,,,,,,,,,,,
167507.0,,,,,,,,,,,,,,
167508.0,,,,,,,,,,,,,,
167509.0,,,,,,,,,,,,,,
167510.0,,,,,,,,,,,,,,
167511.0,,,,,,,,,,,,,,
167512.0,,,,,,,,,,,,,,
167513.0,,,,,,,,,,,,,,
167514.0,,,,,,,,,,,,,,
167515.0,,,,,,,,,,,,,,
167516.0,,,,,,,,,,,,,,
167517.0,,,,,,,,,,,,,,
167518.0,,,,,,,,,,,,,,
167519.0,,,,,,,,,,,,,,
167520.0,,,,,,,,,,,,,,
167521.0,,,,,,,,,,,,,,
167522.0,,,,,,,,,,,,,,
167523.0,,,,,,,,,,,,,,
167524.0,,,,,,,,,,,,,,
167525.0,,,,,,,,,,,,,,
167526.0,,,,,,,,,,,,,,
167527.0,,,,,,,,,,,,,,
167528.0,,,,,,,,,,,,,,
167529.0,,,,,,,,,,,,,,
167530.0,,,,,,,,,,,,,,
167531.0,,,,,,,,,,,,,,
167532.0,,,,,,,,,,,,,,
167533.0,,,,,,,,,,,,,,
167534.0,,,,,,,,,,,,,,
167535.0,,,,,,,,,,,,,,
167536.0,,,,,,,,,,,,,,
167537.0,,,,,,,,,,,,,,
167538.0,,,,,,,,,,,,,,
167539.0,,,,,,,,,,,,,,
167540.0,,,,,,,,,,,,,,
167541.0,,,,,,,,,,,,,,
167542.0,,,,,,,,,,,,,,
167543.0,,,,,,,,,,,,,,
167544.0,,,,,,,,,,,,,,
167545.0,,,,,,,,,,,,,,
167546.0,,,,,,,,,,,,,,
167547.0,,,,,,,,,,,,,,
167548.0,,,,,,,,,,,,,,
167549.0,,,,,,,,,,,,,,
167550.0,,,,,,,,,,,,,,
167551.0,,,,,,,,,,,,,,
167552.0,,,,,,,,,,,,,,
167553.0,,,,,,,,,,,,,,
167554.0,,,,,,,,,,,,,,
167555.0,,,,,,,,,,,,,,
167556.0,,,,,,,,,,,,,,
167557.0,,,,,,,,,,,,,,
167558.0,,,,,,,,,,,,,,
167559.0,,,,,,,,,,,,,,
167560.0,,,,,,,,,,,,,,
167561.0,,,,,,,,,,,,,,
167562.0,,,,,,,,,,,,,,
167563.0,,,,,,,,,,,,,,
167564.0,,,,,,,,,,,,,,
167565.0,,,,,,,,,,,,,,
167566.0,,,,,,,,,,,,,,
167567.0,,,,,,,,,,,,,,
167568.0,,,,,,,,,,,,,,
167569.0,,,,,,,,,,,,,,
167570.0,,,,,,,,,,,,,,
167571.0,,,,,,,,,,,,,,
167572.0,,,,,,,,,,,,,,
167573.0,,,,,,,,,,,,,,
167574.0,,,,,,,,,,,,,,
167575.0,,,,,,,,,,,,,,
167576.0,,,,,,,,,,,,,,
167577.0,,,,,,,,,,,,,,
167578.0,,,,,,,,,,,,,,
167579.0,,,,,,,,,,,,,,
167580.0,,,,,,,,,,,,,,
167581.0,,,,,,,,,,,,,,
167582.0,,,,,,,,,,,,,,
167583.0,,,,,,,,,,,,,,
167584.0,,,,,,,,,,,,,,
167585.0,,,,,,,,,,,,,,
167586.0,,,,,,,,,,,,,,
167587.0,,,,,,,,,,,,,,
167588.0,,,,,,,,,,,,,,
167589.0,,,,,,,,,,,,,,
167590.0,,,,,,,,,,,,,,
167591.0,,,,,,,,,,,,,,
167592.0,,,,,,,,,,,,,,
167593.0,,,,,,,,,,,,,,
167594.0,,,,,,,,,,,,,,
167595.0,,,,,,,,,,,,,,
167596.0,,,,,,,,,,,,,,
167597.0,,,,,,,,,,,,,,
167598.0,,,,,,,,,,,,,,
167599.0,,,,,,,,,,,,,,
167600.0,,,,,,,,,,,,,,
167601.0,,,,,,,,,,,,,,
167602.0,,,,,,,,,,,,,,
167603.0,,,,,,,,,,,,,,
167604.0,,,,,,,,,,,,,,
167605.0,,,,,,,,,,,,,,
167606.0,,,,,,,,,,,,,,
167607.0,,,,,,,,,,,,,,
167608.0,,,,,,,,,,,,,,
167609.0,,,,,,,,,,,,,,
167610.0,,,,,,,,,,,,,,
167611.0,,,,,,,,,,,,,,
167612.0,,,,,,,,,,,,,,
167613.0,,,,,,,,,,,,,,
167614.0,,,,,,,,,,,,,,
167615.0,,,,,,,,,,,,,,
167616.0,,,,,,,,,,,,,,
167617.0,,,,,,,,,,,,,,
167618.0,,,,,,,,,,,,,,
167619.0,,,,,,,,,,,,,,
167620.0,,,,,,,,,,,,,,
167621.0,,,,,,,,,,,,,,
167622.0,,,,,,,,,,,,,,
167623.0,,,,,,,,,,,,,,
167624.0,,,,,,,,,,,,,,
167625.0,,,,,,,,,,,,,,
167626.0,,,,,,,,,,,,,,
167627.0,,,,,,,,,,,,,,
167628.0,,,,,,,,,,,,,,
167629.0,,,,,,,,,,,,,,
167630.0,,,,,,,,,,,,,,
167631.0,,,,,,,,,,,,,,
167632.0,,,,,,,,,,,,,,
167633.0,,,,,,,,,,,,,,
167634.0,,,,,,,,,,,,,,
167635.0,,,,,,,,,,,,,,
167636.0,,,,,,,,,,,,,,
167637.0,,,,,,,,,,,,,,
167638.0,,,,,,,,,,,,,,
167639.0,,,,,,,,,,,,,,
167640.0,,,,,,,,,,,,,,
167641.0,,,,,,,,,,,,,,
167642.0,,,,,,,,,,,,,,
167643.0,,,,,,,,,,,,,,
167644.0,,,,,,,,,,,,,,
167645.0,,,,,,,,,,,,,,
167646.0,,,,,,,,,,,,,,
167647.0,,,,,,,,,,,,,,
167648.0,,,,,,,,,,,,,,
167649.0,,,,,,,,,,,,,,
167650.0,,,,,,,,,,,,,,
167651.0,,,,,,,,,,,,,,
167652.0,,,,,,,,,,,,,,
167653.0,,,,,,,,,,,,,,
167654.0,,,,,,,,,,,,,,
167655.0,,,,,,,,,,,,,,
167656.0,,,,,,,,,,,,,,
167657.0,,,,,,,,,,,,,,
167658.0,,,,,,,,,,,,,,
167659.0,,,,,,,,,,,,,,
167660.0,,,,,,,,,,,,,,
167661.0,,,,,,,,,,,,,,
167662.0,,,,,,,,,,,,,,
167663.0,,,,,,,,,,,,,,
167664.0,,,,,,,,,,,,,,
167665.0,,,,,,,,,,,,,,
167666.0,,,,,,,,,,,,,,
167667.0,,,,,,,,,,,,,,
167668.0,,,,,,,,,,,,,,
167669.0,,,,,,,,,,,,,,
167670.0,,,,,,,,,,,,,,
167671.0,,,,,,,,,,,,,,
167672.0,,,,,,,,,,,,,,
167673.0,,,,,,,,,,,,,,
167674.0,,,,,,,,,,,,,,
167675.0,,,,,,,,,,,,,,
167676.0,,,,,,,,,,,,,,
167677.0,,,,,,,,,,,,,,
167678.0,,,,,,,,,,,,,,
167679.0,,,,,,,,,,,,,,
167680.0,,,,,,,,,,,,,,
167681.0,,,,,,,,,,,,,,
167682.0,,,,,,,,,,,,,,
167683.0,,,,,,,,,,,,,,
167684.0,,,,,,,,,,,,,,
167685.0,,,,,,,,,,,,,,
167686.0,,,,,,,,,,,,,,
167687.0,,,,,,,,,,,,,,
167688.0,,,,,,,,,,,,,,
167689.0,,,,,,,,,,,,,,
167690.0,,,,,,,,,,,,,,
167691.0,,,,,,,,,,,,,,
167692.0,,,,,,,,,,,,,,
167693.0,,,,,,,,,,,,,,
167694.0,,,,,,,,,,,,,,
167695.0,,,,,,,,,,,,,,
167696.0,,,,,,,,,,,,,,
167697.0,,,,,,,,,,,,,,
167698.0,,,,,,,,,,,,,,
167699.0,,,,,,,,,,,,,,
167700.0,,,,,,,,,,,,,,
167701.0,,,,,,,,,,,,,,
167702.0,,,,,,,,,,,,,,
167703.0,,,,,,,,,,,,,,
167704.0,,,,,,,,,,,,,,
167705.0,,,,,,,,,,,,,,
167706.0,,,,,,,,,,,,,,
167707.0,,,,,,,,,,,,,,
167708.0,,,,,,,,,,,,,,
167709.0,,,,,,,,,,,,,,
167710.0,,,,,,,,,,,,,,
167711.0,,,,,,,,,,,,,,
167712.0,,,,,,,,,,,,,,
167713.0,,,,,,,,,,,,,,
167714.0,,,,,,,,,,,,,,
167715.0,,,,,,,,,,,,,,
167716.0,,,,,,,,,,,,,,
167717.0,,,,,,,,,,,,,,
167718.0,,,,,,,,,,,,,,
167719.0,,,,,,,,,,,,,,
167720.0,,,,,,,,,,,,,,
167721.0,,,,,,,,,,,,,,
167722.0,,,,,,,,,,,,,,
167723.0,,,,,,,,,,,,,,
167724.0,,,,,,,,,,,,,,
167725.0,,,,,,,,,,,,,,
167726.0,,,,,,,,,,,,,,
167727.0,,,,,,,,,,,,,,
167728.0,,,,,,,,,,,,,,
167729.0,,,,,,,,,,,,,,
167730.0,,,,,,,,,,,,,,
167731.0,,,,,,,,,,,,,,
167732.0,,,,,,,,,,,,,,
167733.0,,,,,,,,,,,,,,
167734.0,,,,,,,,,,,,,,
167735.0,,,,,,,,,,,,,,
167736.0,,,,,,,,,,,,,,
167737.0,,,,,,,,,,,,,,
167738.0,,,,,,,,,,,,,,
167739.0,,,,,,,,,,,,,,
167740.0,,,,,,,,,,,,,,
167741.0,,,,,,,,,,,,,,
167742.0,,,,,,,,,,,,,,
167743.0,,,,,,,,,,,,,,
167744.0,,,,,,,,,,,,,,
167745.0,,,,,,,,,,,,,,
167746.0,,,,,,,,,,,,,,
167747.0,,,,,,,,,,,,,,
167748.0,,,,,,,,,,,,,,
167749.0,,,,,,,,,,,,,,
167750.0,,,,,,,,,,,,,,
167751.0,,,,,,,,,,,,,,
167752.0,,,,,,,,,,,,,,
167753.0,,,,,,,,,,,,,,
167754.0,,,,,,,,,,,,,,
167755.0,,,,,,,,,,,,,,
167756.0,,,,,,,,,,,,,,
167757.0,,,,,,,,,,,,,,
167758.0,,,,,,,,,,,,,,
167759.0,,,,,,,,,,,,,,
167760.0,,,,,,,,,,,,,,
167761.0,,,,,,,,,,,,,,
167762.0,,,,,,,,,,,,,,
167763.0,,,,,,,,,,,,,,
167764.0,,,,,,,,,,,,,,
167765.0,,,,,,,,,,,,,,
167766.0,,,,,,,,,,,,,,
167767.0,,,,,,,,,,,,,,
167768.0,,,,,,,,,,,,,,
167769.0,,,,,,,,,,,,,,
167770.0,,,,,,,,,,,,,,
167771.0,,,,,,,,,,,,,,
167772.0,,,,,,,,,,,,,,
167773.0,,,,,,,,,,,,,,
167774.0,,,,,,,,,,,,,,
167775.0,,,,,,,,,,,,,,
167776.0,,,,,,,,,,,,,,
167777.0,,,,,,,,,,,,,,
167778.0,,,,,,,,,,,,,,
167779.0,,,,,,,,,,,,,,
167780.0,,,,,,,,,,,,,,
167781.0,,,,,,,,,,,,,,
167782.0,,,,,,,,,,,,,,
167783.0,,,,,,,,,,,,,,
167784.0,,,,,,,,,,,,,,
167785.0,,,,,,,,,,,,,,
167786.0,,,,,,,,,,,,,,
167787.0,,,,,,,,,,,,,,
167788.0,,,,,,,,,,,,,,
167789.0,,,,,,,,,,,,,,
167790.0,,,,,,,,,,,,,,
167791.0,,,,,,,,,,,,,,
167792.0,,,,,,,,,,,,,,
167793.0,,,,,,,,,,,,,,
167794.0,,,,,,,,,,,,,,
167795.0,,,,,,,,,,,,,,
167796.0,,,,,,,,,,,,,,
167797.0,,,,,,,,,,,,,,
167798.0,,,,,,,,,,,,,,
167799.0,,,,,,,,,,,,,,
167800.0,,,,,,,,,,,,,,
167801.0,,,,,,,,,,,,,,
167802.0,,,,,,,,,,,,,,
167803.0,,,,,,,,,,,,,,
167804.0,,,,,,,,,,,,,,
167805.0,,,,,,,,,,,,,,
167806.0,,,,,,,,,,,,,,
167807.0,,,,,,,,,,,,,,
167808.0,,,,,,,,,,,,,,
167809.0,,,,,,,,,,,,,,
167810.0,,,,,,,,,,,,,,
167811.0,,,,,,,,,,,,,,
167812.0,,,,,,,,,,,,,,
167813.0,,,,,,,,,,,,,,
167814.0,,,,,,,,,,,,,,
167815.0,,,,,,,,,,,,,,
167816.0,,,,,,,,,,,,,,
167817.0,,,,,,,,,,,,,,
167818.0,,,,,,,,,,,,,,
167819.0,,,,,,,,,,,,,,
167820.0,,,,,,,,,,,,,,
167821.0,,,,,,,,,,,,,,
167822.0,,,,,,,,,,,,,,
167823.0,,,,,,,,,,,,,,
167824.0,,,,,,,,,,,,,,
167825.0,,,,,,,,,,,,,,
167826.0,,,,,,,,,,,,,,
167827.0,,,,,,,,,,,,,,
167828.0,,,,,,,,,,,,,,
167829.0,,,,,,,,,,,,,,
167830.0,,,,,,,,,,,,,,
167831.0,,,,,,,,,,,,,,
167832.0,,,,,,,,,,,,,,
167833.0,,,,,,,,,,,,,,
167834.0,,,,,,,,,,,,,,
167835.0,,,,,,,,,,,,,,
167836.0,,,,,,,,,,,,,,
167837.0,,,,,,,,,,,,,,
167838.0,,,,,,,,,,,,,,
167839.0,,,,,,,,,,,,,,
167840.0,,,,,,,,,,,,,,
167841.0,,,,,,,,,,,,,,
167842.0,,,,,,,,,,,,,,
167843.0,,,,,,,,,,,,,,
167844.0,,,,,,,,,,,,,,
167845.0,,,,,,,,,,,,,,
167846.0,,,,,,,,,,,,,,
167847.0,,,,,,,,,,,,,,
167848.0,,,,,,,,,,,,,,
167849.0,,,,,,,,,,,,,,
167850.0,,,,,,,,,,,,,,
167851.0,,,,,,,,,,,,,,
167852.0,,,,,,,,,,,,,,
167853.0,,,,,,,,,,,,,,
167854.0,,,,,,,,,,,,,,
167855.0,,,,,,,,,,,,,,
167856.0,,,,,,,,,,,,,,
167857.0,,,,,,,,,,,,,,
167858.0,,,,,,,,,,,,,,
167859.0,,,,,,,,,,,,,,
167860.0,,,,,,,,,,,,,,
167861.0,,,,,,,,,,,,,,
167862.0,,,,,,,,,,,,,,
167863.0,,,,,,,,,,,,,,
167864.0,,,,,,,,,,,,,,
167865.0,,,,,,,,,,,,,,
167866.0,,,,,,,,,,,,,,
167867.0,,,,,,,,,,,,,,
167868.0,,,,,,,,,,,,,,
167869.0,,,,,,,,,,,,,,
167870.0,,,,,,,,,,,,,,
167871.0,,,,,,,,,,,,,,
167872.0,,,,,,,,,,,,,,
167873.0,,,,,,,,,,,,,,
167874.0,,,,,,,,,,,,,,
167875.0,,,,,,,,,,,,,,
167876.0,,,,,,,,,,,,,,
167877.0,,,,,,,,,,,,,,
167878.0,,,,,,,,,,,,,,
167879.0,,,,,,,,,,,,,,
167880.0,,,,,,,,,,,,,,
167881.0,,,,,,,,,,,,,,
167882.0,,,,,,,,,,,,,,
167883.0,,,,,,,,,,,,,,
167884.0,,,,,,,,,,,,,,
167885.0,,,,,,,,,,,,,,
167886.0,,,,,,,,,,,,,,
167887.0,,,,,,,,,,,,,,
167888.0,,,,,,,,,,,,,,
167889.0,,,,,,,,,,,,,,
167890.0,,,,,,,,,,,,,,
167891.0,,,,,,,,,,,,,,
167892.0,,,,,,,,,,,,,,
167893.0,,,,,,,,,,,,,,
167894.0,,,,,,,,,,,,,,
167895.0,,,,,,,,,,,,,,
167896.0,,,,,,,,,,,,,,
167897.0,,,,,,,,,,,,,,
167898.0,,,,,,,,,,,,,,
167899.0,,,,,,,,,,,,,,
167900.0,,,,,,,,,,,,,,
167901.0,,,,,,,,,,,,,,
167902.0,,,,,,,,,,,,,,
167903.0,,,,,,,,,,,,,,
167904.0,,,,,,,,,,,,,,
167905.0,,,,,,,,,,,,,,
167906.0,,,,,,,,,,,,,,
167907.0,,,,,,,,,,,,,,
167908.0,,,,,,,,,,,,,,
167909.0,,,,,,,,,,,,,,
167910.0,,,,,,,,,,,,,,
167911.0,,,,,,,,,,,,,,
167912.0,,,,,,,,,,,,,,
167913.0,,,,,,,,,,,,,,
167914.0,,,,,,,,,,,,,,
167915.0,,,,,,,,,,,,,,
167916.0,,,,,,,,,,,,,,
167917.0,,,,,,,,,,,,,,
167918.0,,,,,,,,,,,,,,
167919.0,,,,,,,,,,,,,,
167920.0,,,,,,,,,,,,,,
167921.0,,,,,,,,,,,,,,
167922.0,,,,,,,,,,,,,,
167923.0,,,,,,,,,,,,,,
167924.0,,,,,,,,,,,,,,
167925.0,,,,,,,,,,,,,,
167926.0,,,,,,,,,,,,,,
167927.0,,,,,,,,,,,,,,
167928.0,,,,,,,,,,,,,,
167929.0,,,,,,,,,,,,,,
167930.0,,,,,,,,,,,,,,
167931.0,,,,,,,,,,,,,,
167932.0,,,,,,,,,,,,,,
167933.0,,,,,,,,,,,,,,
167934.0,,,,,,,,,,,,,,
167935.0,,,,,,,,,,,,,,
167936.0,,,,,,,,,,,,,,
167937.0,,,,,,,,,,,,,,
167938.0,,,,,,,,,,,,,,
167939.0,,,,,,,,,,,,,,
167940.0,,,,,,,,,,,,,,
167941.0,,,,,,,,,,,,,,
167942.0,,,,,,,,,,,,,,
167943.0,,,,,,,,,,,,,,
167944.0,,,,,,,,,,,,,,
167945.0,,,,,,,,,,,,,,
167946.0,,,,,,,,,,,,,,
167947.0,,,,,,,,,,,,,,
167948.0,,,,,,,,,,,,,,
167949.0,,,,,,,,,,,,,,
167950.0,,,,,,,,,,,,,,
167951.0,,,,,,,,,,,,,,
167952.0,,,,,,,,,,,,,,
167953.0,,,,,,,,,,,,,,
167954.0,,,,,,,,,,,,,,
167955.0,,,,,,,,,,,,,,
167956.0,,,,,,,,,,,,,,
167957.0,,,,,,,,,,,,,,
167958.0,,,,,,,,,,,,,,
167959.0,,,,,,,,,,,,,,
167960.0,,,,,,,,,,,,,,
167961.0,,,,,,,,,,,,,,
167962.0,,,,,,,,,,,,,,
167963.0,,,,,,,,,,,,,,
167964.0,,,,,,,,,,,,,,
167965.0,,,,,,,,,,,,,,
167966.0,,,,,,,,,,,,,,
167967.0,,,,,,,,,,,,,,
167968.0,,,,,,,,,,,,,,
167969.0,,,,,,,,,,,,,,
167970.0,,,,,,,,,,,,,,
167971.0,,,,,,,,,,,,,,
167972.0,,,,,,,,,,,,,,
167973.0,,,,,,,,,,,,,,
167974.0,,,,,,,,,,,,,,
167975.0,,,,,,,,,,,,,,
167976.0,,,,,,,,,,,,,,
167977.0,,,,,,,,,,,,,,
167978.0,,,,,,,,,,,,,,
167979.0,,,,,,,,,,,,,,
167980.0,,,,,,,,,,,,,,
167981.0,,,,,,,,,,,,,,
167982.0,,,,,,,,,,,,,,
167983.0,,,,,,,,,,,,,,
167984.0,,,,,,,,,,,,,,
167985.0,,,,,,,,,,,,,,
167986.0,,,,,,,,,,,,,,
167987.0,,,,,,,,,,,,,,
167988.0,,,,,,,,,,,,,,
167989.0,,,,,,,,,,,,,,
167990.0,,,,,,,,,,,,,,
167991.0,,,,,,,,,,,,,,
167992.0,,,,,,,,,,,,,,
167993.0,,,,,,,,,,,,,,
167994.0,,,,,,,,,,,,,,
167995.0,,,,,,,,,,,,,,
167996.0,,,,,,,,,,,,,,
167997.0,,,,,,,,,,,,,,
167998.0,,,,,,,,,,,,,,
167999.0,,,,,,,,,,,,,,
168000.0,,,,,,,,,,,,,,
168001.0,,,,,,,,,,,,,,
168002.0,,,,,,,,,,,,,,
168003.0,,,,,,,,,,,,,,
168004.0,,,,,,,,,,,,,,
168005.0,,,,,,,,,,,,,,
168006.0,,,,,,,,,,,,,,
168007.0,,,,,,,,,,,,,,
168008.0,,,,,,,,,,,,,,
168009.0,,,,,,,,,,,,,,
168010.0,,,,,,,,,,,,,,
168011.0,,,,,,,,,,,,,,
168012.0,,,,,,,,,,,,,,
168013.0,,,,,,,,,,,,,,
168014.0,,,,,,,,,,,,,,
168015.0,,,,,,,,,,,,,,
168016.0,,,,,,,,,,,,,,
168017.0,,,,,,,,,,,,,,
168018.0,,,,,,,,,,,,,,
168019.0,,,,,,,,,,,,,,
168020.0,,,,,,,,,,,,,,
168021.0,,,,,,,,,,,,,,
168022.0,,,,,,,,,,,,,,
168023.0,,,,,,,,,,,,,,
168024.0,,,,,,,,,,,,,,
168025.0,,,,,,,,,,,,,,
168026.0,,,,,,,,,,,,,,
168027.0,,,,,,,,,,,,,,
168028.0,,,,,,,,,,,,,,
168029.0,,,,,,,,,,,,,,
168030.0,,,,,,,,,,,,,,
168031.0,,,,,,,,,,,,,,
168032.0,,,,,,,,,,,,,,
168033.0,,,,,,,,,,,,,,
168034.0,,,,,,,,,,,,,,
168035.0,,,,,,,,,,,,,,
168036.0,,,,,,,,,,,,,,
168037.0,,,,,,,,,,,,,,
168038.0,,,,,,,,,,,,,,
168039.0,,,,,,,,,,,,,,
168040.0,,,,,,,,,,,,,,
168041.0,,,,,,,,,,,,,,
168042.0,,,,,,,,,,,,,,
168043.0,,,,,,,,,,,,,,
168044.0,,,,,,,,,,,,,,
168045.0,,,,,,,,,,,,,,
168046.0,,,,,,,,,,,,,,
168047.0,,,,,,,,,,,,,,
168048.0,,,,,,,,,,,,,,
168049.0,,,,,,,,,,,,,,
168050.0,,,,,,,,,,,,,,
168051.0,,,,,,,,,,,,,,
168052.0,,,,,,,,,,,,,,
168053.0,,,,,,,,,,,,,,
168054.0,,,,,,,,,,,,,,
168055.0,,,,,,,,,,,,,,
168056.0,,,,,,,,,,,,,,
168057.0,,,,,,,,,,,,,,
168058.0,,,,,,,,,,,,,,
168059.0,,,,,,,,,,,,,,
168060.0,,,,,,,,,,,,,,
168061.0,,,,,,,,,,,,,,
168062.0,,,,,,,,,,,,,,
168063.0,,,,,,,,,,,,,,
168064.0,,,,,,,,,,,,,,
168065.0,,,,,,,,,,,,,,
168066.0,,,,,,,,,,,,,,
168067.0,,,,,,,,,,,,,,
168068.0,,,,,,,,,,,,,,
168069.0,,,,,,,,,,,,,,
168070.0,,,,,,,,,,,,,,
168071.0,,,,,,,,,,,,,,
168072.0,,,,,,,,,,,,,,
168073.0,,,,,,,,,,,,,,
168074.0,,,,,,,,,,,,,,
168075.0,,,,,,,,,,,,,,
168076.0,,,,,,,,,,,,,,
168077.0,,,,,,,,,,,,,,
168078.0,,,,,,,,,,,,,,
168079.0,,,,,,,,,,,,,,
168080.0,,,,,,,,,,,,,,
168081.0,,,,,,,,,,,,,,
168082.0,,,,,,,,,,,,,,
168083.0,,,,,,,,,,,,,,
168084.0,,,,,,,,,,,,,,
168085.0,,,,,,,,,,,,,,
168086.0,,,,,,,,,,,,,,
168087.0,,,,,,,,,,,,,,
168088.0,,,,,,,,,,,,,,
168089.0,,,,,,,,,,,,,,
168090.0,,,,,,,,,,,,,,
168091.0,,,,,,,,,,,,,,
168092.0,,,,,,,,,,,,,,
168093.0,,,,,,,,,,,,,,
168094.0,,,,,,,,,,,,,,
168095.0,,,,,,,,,,,,,,
168096.0,,,,,,,,,,,,,,
168097.0,,,,,,,,,,,,,,
168098.0,,,,,,,,,,,,,,
168099.0,,,,,,,,,,,,,,
168100.0,,,,,,,,,,,,,,
168101.0,,,,,,,,,,,,,,
168102.0,,,,,,,,,,,,,,
168103.0,,,,,,,,,,,,,,
168104.0,,,,,,,,,,,,,,
168105.0,,,,,,,,,,,,,,
168106.0,,,,,,,,,,,,,,
168107.0,,,,,,,,,,,,,,
168108.0,,,,,,,,,,,,,,
168109.0,,,,,,,,,,,,,,
168110.0,,,,,,,,,,,,,,
168111.0,,,,,,,,,,,,,,
168112.0,,,,,,,,,,,,,,
168113.0,,,,,,,,,,,,,,
168114.0,,,,,,,,,,,,,,
168115.0,,,,,,,,,,,,,,
168116.0,,,,,,,,,,,,,,
168117.0,,,,,,,,,,,,,,
168118.0,,,,,,,,,,,,,,
168119.0,,,,,,,,,,,,,,
168120.0,,,,,,,,,,,,,,
168121.0,,,,,,,,,,,,,,
168122.0,,,,,,,,,,,,,,
168123.0,,,,,,,,,,,,,,
168124.0,,,,,,,,,,,,,,
168125.0,,,,,,,,,,,,,,
168126.0,,,,,,,,,,,,,,
168127.0,,,,,,,,,,,,,,
168128.0,,,,,,,,,,,,,,
168129.0,,,,,,,,,,,,,,
168130.0,,,,,,,,,,,,,,
168131.0,,,,,,,,,,,,,,
168132.0,,,,,,,,,,,,,,
168133.0,,,,,,,,,,,,,,
168134.0,,,,,,,,,,,,,,
168135.0,,,,,,,,,,,,,,
168136.0,,,,,,,,,,,,,,
168137.0,,,,,,,,,,,,,,
168138.0,,,,,,,,,,,,,,
168139.0,,,,,,,,,,,,,,
168140.0,,,,,,,,,,,,,,
168141.0,,,,,,,,,,,,,,
168142.0,,,,,,,,,,,,,,
168143.0,,,,,,,,,,,,,,
168144.0,,,,,,,,,,,,,,
168145.0,,,,,,,,,,,,,,
168146.0,,,,,,,,,,,,,,
168147.0,,,,,,,,,,,,,,
168148.0,,,,,,,,,,,,,,
168149.0,,,,,,,,,,,,,,
168150.0,,,,,,,,,,,,,,
168151.0,,,,,,,,,,,,,,
168152.0,,,,,,,,,,,,,,
168153.0,,,,,,,,,,,,,,
168154.0,,,,,,,,,,,,,,
168155.0,,,,,,,,,,,,,,
168156.0,,,,,,,,,,,,,,
168157.0,,,,,,,,,,,,,,
168158.0,,,,,,,,,,,,,,
168159.0,,,,,,,,,,,,,,
168160.0,,,,,,,,,,,,,,
168161.0,,,,,,,,,,,,,,
168162.0,,,,,,,,,,,,,,
168163.0,,,,,,,,,,,,,,
168164.0,,,,,,,,,,,,,,
168165.0,,,,,,,,,,,,,,
168166.0,,,,,,,,,,,,,,
168167.0,,,,,,,,,,,,,,
168168.0,,,,,,,,,,,,,,
168169.0,,,,,,,,,,,,,,
168170.0,,,,,,,,,,,,,,
168171.0,,,,,,,,,,,,,,
168172.0,,,,,,,,,,,,,,
168173.0,,,,,,,,,,,,,,
168174.0,,,,,,,,,,,,,,
168175.0,,,,,,,,,,,,,,
168176.0,,,,,,,,,,,,,,
168177.0,,,,,,,,,,,,,,
168178.0,,,,,,,,,,,,,,
168179.0,,,,,,,,,,,,,,
168180.0,,,,,,,,,,,,,,
168181.0,,,,,,,,,,,,,,
168182.0,,,,,,,,,,,,,,
168183.0,,,,,,,,,,,,,,
168184.0,,,,,,,,,,,,,,
168185.0,,,,,,,,,,,,,,
168186.0,,,,,,,,,,,,,,
168187.0,,,,,,,,,,,,,,
168188.0,,,,,,,,,,,,,,
168189.0,,,,,,,,,,,,,,
168190.0,,,,,,,,,,,,,,
168191.0,,,,,,,,,,,,,,
168192.0,,,,,,,,,,,,,,
168193.0,,,,,,,,,,,,,,
168194.0,,,,,,,,,,,,,,
168195.0,,,,,,,,,,,,,,
168196.0,,,,,,,,,,,,,,
168197.0,,,,,,,,,,,,,,
168198.0,,,,,,,,,,,,,,
168199.0,,,,,,,,,,,,,,
168200.0,,,,,,,,,,,,,,
168201.0,,,,,,,,,,,,,,
168202.0,,,,,,,,,,,,,,
168203.0,,,,,,,,,,,,,,
168204.0,,,,,,,,,,,,,,
168205.0,,,,,,,,,,,,,,
168206.0,,,,,,,,,,,,,,
168207.0,,,,,,,,,,,,,,
168208.0,,,,,,,,,,,,,,
168209.0,,,,,,,,,,,,,,
168210.0,,,,,,,,,,,,,,
168211.0,,,,,,,,,,,,,,
168212.0,,,,,,,,,,,,,,
168213.0,,,,,,,,,,,,,,
168214.0,,,,,,,,,,,,,,
168215.0,,,,,,,,,,,,,,
168216.0,,,,,,,,,,,,,,
168217.0,,,,,,,,,,,,,,
168218.0,,,,,,,,,,,,,,
168219.0,,,,,,,,,,,,,,
168220.0,,,,,,,,,,,,,,
168221.0,,,,,,,,,,,,,,
168222.0,,,,,,,,,,,,,,
168223.0,,,,,,,,,,,,,,
168224.0,,,,,,,,,,,,,,
168225.0,,,,,,,,,,,,,,
168226.0,,,,,,,,,,,,,,
168227.0,,,,,,,,,,,,,,
168228.0,,,,,,,,,,,,,,
168229.0,,,,,,,,,,,,,,
168230.0,,,,,,,,,,,,,,
168231.0,,,,,,,,,,,,,,
168232.0,,,,,,,,,,,,,,
168233.0,,,,,,,,,,,,,,
168234.0,,,,,,,,,,,,,,
168235.0,,,,,,,,,,,,,,
168236.0,,,,,,,,,,,,,,
168237.0,,,,,,,,,,,,,,
168238.0,,,,,,,,,,,,,,
168239.0,,,,,,,,,,,,,,
168240.0,,,,,,,,,,,,,,
168241.0,,,,,,,,,,,,,,
168242.0,,,,,,,,,,,,,,
168243.0,,,,,,,,,,,,,,
168244.0,,,,,,,,,,,,,,
168245.0,,,,,,,,,,,,,,
168246.0,,,,,,,,,,,,,,
168247.0,,,,,,,,,,,,,,
168248.0,,,,,,,,,,,,,,
168249.0,,,,,,,,,,,,,,
168250.0,,,,,,,,,,,,,,
168251.0,,,,,,,,,,,,,,
168252.0,,,,,,,,,,,,,,
168253.0,,,,,,,,,,,,,,
168254.0,,,,,,,,,,,,,,
168255.0,,,,,,,,,,,,,,
168256.0,,,,,,,,,,,,,,
168257.0,,,,,,,,,,,,,,
168258.0,,,,,,,,,,,,,,
168259.0,,,,,,,,,,,,,,
168260.0,,,,,,,,,,,,,,
168261.0,,,,,,,,,,,,,,
168262.0,,,,,,,,,,,,,,
168263.0,,,,,,,,,,,,,,
168264.0,,,,,,,,,,,,,,
168265.0,,,,,,,,,,,,,,
168266.0,,,,,,,,,,,,,,
168267.0,,,,,,,,,,,,,,
168268.0,,,,,,,,,,,,,,
168269.0,,,,,,,,,,,,,,
168270.0,,,,,,,,,,,,,,
168271.0,,,,,,,,,,,,,,
168272.0,,,,,,,,,,,,,,
168273.0,,,,,,,,,,,,,,
168274.0,,,,,,,,,,,,,,
168275.0,,,,,,,,,,,,,,
168276.0,,,,,,,,,,,,,,
168277.0,,,,,,,,,,,,,,
168278.0,,,,,,,,,,,,,,
168279.0,,,,,,,,,,,,,,
168280.0,,,,,,,,,,,,,,
168281.0,,,,,,,,,,,,,,
168282.0,,,,,,,,,,,,,,
168283.0,,,,,,,,,,,,,,
168284.0,,,,,,,,,,,,,,
168285.0,,,,,,,,,,,,,,
168286.0,,,,,,,,,,,,,,
168287.0,,,,,,,,,,,,,,
168288.0,,,,,,,,,,,,,,
168289.0,,,,,,,,,,,,,,
168290.0,,,,,,,,,,,,,,
168291.0,,,,,,,,,,,,,,
168292.0,,,,,,,,,,,,,,
168293.0,,,,,,,,,,,,,,
168294.0,,,,,,,,,,,,,,
168295.0,,,,,,,,,,,,,,
168296.0,,,,,,,,,,,,,,
168297.0,,,,,,,,,,,,,,
168298.0,,,,,,,,,,,,,,
168299.0,,,,,,,,,,,,,,
168300.0,,,,,,,,,,,,,,
168301.0,,,,,,,,,,,,,,
168302.0,,,,,,,,,,,,,,
168303.0,,,,,,,,,,,,,,
168304.0,,,,,,,,,,,,,,
168305.0,,,,,,,,,,,,,,
168306.0,,,,,,,,,,,,,,
168307.0,,,,,,,,,,,,,,
168308.0,,,,,,,,,,,,,,
168309.0,,,,,,,,,,,,,,
168310.0,,,,,,,,,,,,,,
168311.0,,,,,,,,,,,,,,
168312.0,,,,,,,,,,,,,,
168313.0,,,,,,,,,,,,,,
168314.0,,,,,,,,,,,,,,
168315.0,,,,,,,,,,,,,,
168316.0,,,,,,,,,,,,,,
168317.0,,,,,,,,,,,,,,
168318.0,,,,,,,,,,,,,,
168319.0,,,,,,,,,,,,,,
168320.0,,,,,,,,,,,,,,
168321.0,,,,,,,,,,,,,,
168322.0,,,,,,,,,,,,,,
168323.0,,,,,,,,,,,,,,
168324.0,,,,,,,,,,,,,,
168325.0,,,,,,,,,,,,,,
168326.0,,,,,,,,,,,,,,
168327.0,,,,,,,,,,,,,,
168328.0,,,,,,,,,,,,,,
168329.0,,,,,,,,,,,,,,
168330.0,,,,,,,,,,,,,,
168331.0,,,,,,,,,,,,,,
168332.0,,,,,,,,,,,,,,
168333.0,,,,,,,,,,,,,,
168334.0,,,,,,,,,,,,,,
168335.0,,,,,,,,,,,,,,
168336.0,,,,,,,,,,,,,,
168337.0,,,,,,,,,,,,,,
168338.0,,,,,,,,,,,,,,
168339.0,,,,,,,,,,,,,,
168340.0,,,,,,,,,,,,,,
168341.0,,,,,,,,,,,,,,
168342.0,,,,,,,,,,,,,,
168343.0,,,,,,,,,,,,,,
168344.0,,,,,,,,,,,,,,
168345.0,,,,,,,,,,,,,,
168346.0,,,,,,,,,,,,,,
168347.0,,,,,,,,,,,,,,
168348.0,,,,,,,,,,,,,,
168349.0,,,,,,,,,,,,,,
168350.0,,,,,,,,,,,,,,
168351.0,,,,,,,,,,,,,,
168352.0,,,,,,,,,,,,,,
168353.0,,,,,,,,,,,,,,
168354.0,,,,,,,,,,,,,,
168355.0,,,,,,,,,,,,,,
168356.0,,,,,,,,,,,,,,
168357.0,,,,,,,,,,,,,,
168358.0,,,,,,,,,,,,,,
168359.0,,,,,,,,,,,,,,
168360.0,,,,,,,,,,,,,,
168361.0,,,,,,,,,,,,,,
168362.0,,,,,,,,,,,,,,
168363.0,,,,,,,,,,,,,,
168364.0,,,,,,,,,,,,,,
168365.0,,,,,,,,,,,,,,
168366.0,,,,,,,,,,,,,,
168367.0,,,,,,,,,,,,,,
168368.0,,,,,,,,,,,,,,
168369.0,,,,,,,,,,,,,,
168370.0,,,,,,,,,,,,,,
168371.0,,,,,,,,,,,,,,
168372.0,,,,,,,,,,,,,,
168373.0,,,,,,,,,,,,,,
168374.0,,,,,,,,,,,,,,
168375.0,,,,,,,,,,,,,,
168376.0,,,,,,,,,,,,,,
168377.0,,,,,,,,,,,,,,
168378.0,,,,,,,,,,,,,,
168379.0,,,,,,,,,,,,,,
168380.0,,,,,,,,,,,,,,
168381.0,,,,,,,,,,,,,,
168382.0,,,,,,,,,,,,,,
168383.0,,,,,,,,,,,,,,
168384.0,,,,,,,,,,,,,,
168385.0,,,,,,,,,,,,,,
168386.0,,,,,,,,,,,,,,
168387.0,,,,,,,,,,,,,,
168388.0,,,,,,,,,,,,,,
168389.0,,,,,,,,,,,,,,
168390.0,,,,,,,,,,,,,,
168391.0,,,,,,,,,,,,,,
168392.0,,,,,,,,,,,,,,
168393.0,,,,,,,,,,,,,,
168394.0,,,,,,,,,,,,,,
168395.0,,,,,,,,,,,,,,
168396.0,,,,,,,,,,,,,,
168397.0,,,,,,,,,,,,,,
168398.0,,,,,,,,,,,,,,
168399.0,,,,,,,,,,,,,,
168400.0,,,,,,,,,,,,,,
168401.0,,,,,,,,,,,,,,
168402.0,,,,,,,,,,,,,,
168403.0,,,,,,,,,,,,,,
168404.0,,,,,,,,,,,,,,
168405.0,,,,,,,,,,,,,,
168406.0,,,,,,,,,,,,,,
168407.0,,,,,,,,,,,,,,
168408.0,,,,,,,,,,,,,,
168409.0,,,,,,,,,,,,,,
168410.0,,,,,,,,,,,,,,
168411.0,,,,,,,,,,,,,,
168412.0,,,,,,,,,,,,,,
168413.0,,,,,,,,,,,,,,
168414.0,,,,,,,,,,,,,,
168415.0,,,,,,,,,,,,,,
168416.0,,,,,,,,,,,,,,
168417.0,,,,,,,,,,,,,,
168418.0,,,,,,,,,,,,,,
168419.0,,,,,,,,,,,,,,
168420.0,,,,,,,,,,,,,,
168421.0,,,,,,,,,,,,,,
168422.0,,,,,,,,,,,,,,
168423.0,,,,,,,,,,,,,,
168424.0,,,,,,,,,,,,,,
168425.0,,,,,,,,,,,,,,
168426.0,,,,,,,,,,,,,,
168427.0,,,,,,,,,,,,,,
168428.0,,,,,,,,,,,,,,
168429.0,,,,,,,,,,,,,,
168430.0,,,,,,,,,,,,,,
168431.0,,,,,,,,,,,,,,
168432.0,,,,,,,,,,,,,,
168433.0,,,,,,,,,,,,,,
168434.0,,,,,,,,,,,,,,
168435.0,,,,,,,,,,,,,,
168436.0,,,,,,,,,,,,,,
168437.0,,,,,,,,,,,,,,
168438.0,,,,,,,,,,,,,,
168439.0,,,,,,,,,,,,,,
168440.0,,,,,,,,,,,,,,
168441.0,,,,,,,,,,,,,,
168442.0,,,,,,,,,,,,,,
168443.0,,,,,,,,,,,,,,
168444.0,,,,,,,,,,,,,,
168445.0,,,,,,,,,,,,,,
168446.0,,,,,,,,,,,,,,
168447.0,,,,,,,,,,,,,,
168448.0,,,,,,,,,,,,,,
168449.0,,,,,,,,,,,,,,
168450.0,,,,,,,,,,,,,,
168451.0,,,,,,,,,,,,,,
168452.0,,,,,,,,,,,,,,
168453.0,,,,,,,,,,,,,,
168454.0,,,,,,,,,,,,,,
168455.0,,,,,,,,,,,,,,
168456.0,,,,,,,,,,,,,,
168457.0,,,,,,,,,,,,,,
168458.0,,,,,,,,,,,,,,
168459.0,,,,,,,,,,,,,,
168460.0,,,,,,,,,,,,,,
168461.0,,,,,,,,,,,,,,
168462.0,,,,,,,,,,,,,,
168463.0,,,,,,,,,,,,,,
168464.0,,,,,,,,,,,,,,
168465.0,,,,,,,,,,,,,,
168466.0,,,,,,,,,,,,,,
168467.0,,,,,,,,,,,,,,
168468.0,,,,,,,,,,,,,,
168469.0,,,,,,,,,,,,,,
168470.0,,,,,,,,,,,,,,
168471.0,,,,,,,,,,,,,,
168472.0,,,,,,,,,,,,,,
168473.0,,,,,,,,,,,,,,
168474.0,,,,,,,,,,,,,,
168475.0,,,,,,,,,,,,,,
168476.0,,,,,,,,,,,,,,
168477.0,,,,,,,,,,,,,,
168478.0,,,,,,,,,,,,,,
168479.0,,,,,,,,,,,,,,
168480.0,,,,,,,,,,,,,,
168481.0,,,,,,,,,,,,,,
168482.0,,,,,,,,,,,,,,
168483.0,,,,,,,,,,,,,,
168484.0,,,,,,,,,,,,,,
168485.0,,,,,,,,,,,,,,
168486.0,,,,,,,,,,,,,,
168487.0,,,,,,,,,,,,,,
168488.0,,,,,,,,,,,,,,
168489.0,,,,,,,,,,,,,,
168490.0,,,,,,,,,,,,,,
168491.0,,,,,,,,,,,,,,
168492.0,,,,,,,,,,,,,,
168493.0,,,,,,,,,,,,,,
168494.0,,,,,,,,,,,,,,
168495.0,,,,,,,,,,,,,,
168496.0,,,,,,,,,,,,,,
168497.0,,,,,,,,,,,,,,
168498.0,,,,,,,,,,,,,,
168499.0,,,,,,,,,,,,,,
168500.0,,,,,,,,,,,,,,
168501.0,,,,,,,,,,,,,,
168502.0,,,,,,,,,,,,,,
168503.0,,,,,,,,,,,,,,
168504.0,,,,,,,,,,,,,,
168505.0,,,,,,,,,,,,,,
168506.0,,,,,,,,,,,,,,
168507.0,,,,,,,,,,,,,,
168508.0,,,,,,,,,,,,,,
168509.0,,,,,,,,,,,,,,
168510.0,,,,,,,,,,,,,,
168511.0,,,,,,,,,,,,,,
168512.0,,,,,,,,,,,,,,
168513.0,,,,,,,,,,,,,,
168514.0,,,,,,,,,,,,,,
168515.0,,,,,,,,,,,,,,
168516.0,,,,,,,,,,,,,,
168517.0,,,,,,,,,,,,,,
168518.0,,,,,,,,,,,,,,
168519.0,,,,,,,,,,,,,,
168520.0,,,,,,,,,,,,,,
168521.0,,,,,,,,,,,,,,
168522.0,,,,,,,,,,,,,,
168523.0,,,,,,,,,,,,,,
168524.0,,,,,,,,,,,,,,
168525.0,,,,,,,,,,,,,,
168526.0,,,,,,,,,,,,,,
168527.0,,,,,,,,,,,,,,
168528.0,,,,,,,,,,,,,,
168529.0,,,,,,,,,,,,,,
168530.0,,,,,,,,,,,,,,
168531.0,,,,,,,,,,,,,,
168532.0,,,,,,,,,,,,,,
168533.0,,,,,,,,,,,,,,
168534.0,,,,,,,,,,,,,,
168535.0,,,,,,,,,,,,,,
168536.0,,,,,,,,,,,,,,
168537.0,,,,,,,,,,,,,,
168538.0,,,,,,,,,,,,,,
168539.0,,,,,,,,,,,,,,
168540.0,,,,,,,,,,,,,,
168541.0,,,,,,,,,,,,,,
168542.0,,,,,,,,,,,,,,
168543.0,,,,,,,,,,,,,,
168544.0,,,,,,,,,,,,,,
168545.0,,,,,,,,,,,,,,
168546.0,,,,,,,,,,,,,,
168547.0,,,,,,,,,,,,,,
168548.0,,,,,,,,,,,,,,
168549.0,,,,,,,,,,,,,,
168550.0,,,,,,,,,,,,,,
168551.0,,,,,,,,,,,,,,
168552.0,,,,,,,,,,,,,,
168553.0,,,,,,,,,,,,,,
168554.0,,,,,,,,,,,,,,
168555.0,,,,,,,,,,,,,,
168556.0,,,,,,,,,,,,,,
168557.0,,,,,,,,,,,,,,
168558.0,,,,,,,,,,,,,,
168559.0,,,,,,,,,,,,,,
168560.0,,,,,,,,,,,,,,
168561.0,,,,,,,,,,,,,,
168562.0,,,,,,,,,,,,,,
168563.0,,,,,,,,,,,,,,
168564.0,,,,,,,,,,,,,,
168565.0,,,,,,,,,,,,,,
168566.0,,,,,,,,,,,,,,
168567.0,,,,,,,,,,,,,,
168568.0,,,,,,,,,,,,,,
168569.0,,,,,,,,,,,,,,
168570.0,,,,,,,,,,,,,,
168571.0,,,,,,,,,,,,,,
168572.0,,,,,,,,,,,,,,
168573.0,,,,,,,,,,,,,,
168574.0,,,,,,,,,,,,,,
168575.0,,,,,,,,,,,,,,
168576.0,,,,,,,,,,,,,,
168577.0,,,,,,,,,,,,,,
168578.0,,,,,,,,,,,,,,
168579.0,,,,,,,,,,,,,,
168580.0,,,,,,,,,,,,,,
168581.0,,,,,,,,,,,,,,
168582.0,,,,,,,,,,,,,,
168583.0,,,,,,,,,,,,,,
168584.0,,,,,,,,,,,,,,
168585.0,,,,,,,,,,,,,,
168586.0,,,,,,,,,,,,,,
168587.0,,,,,,,,,,,,,,
168588.0,,,,,,,,,,,,,,
168589.0,,,,,,,,,,,,,,
168590.0,,,,,,,,,,,,,,
168591.0,,,,,,,,,,,,,,
168592.0,,,,,,,,,,,,,,
168593.0,,,,,,,,,,,,,,
168594.0,,,,,,,,,,,,,,
168595.0,,,,,,,,,,,,,,
168596.0,,,,,,,,,,,,,,
168597.0,,,,,,,,,,,,,,
168598.0,,,,,,,,,,,,,,
168599.0,,,,,,,,,,,,,,
168600.0,,,,,,,,,,,,,,
168601.0,,,,,,,,,,,,,,
168602.0,,,,,,,,,,,,,,
168603.0,,,,,,,,,,,,,,
168604.0,,,,,,,,,,,,,,
168605.0,,,,,,,,,,,,,,
168606.0,,,,,,,,,,,,,,
168607.0,,,,,,,,,,,,,,
168608.0,,,,,,,,,,,,,,
168609.0,,,,,,,,,,,,,,
168610.0,,,,,,,,,,,,,,
168611.0,,,,,,,,,,,,,,
168612.0,,,,,,,,,,,,,,
168613.0,,,,,,,,,,,,,,
168614.0,,,,,,,,,,,,,,
168615.0,,,,,,,,,,,,,,
168616.0,,,,,,,,,,,,,,
168617.0,,,,,,,,,,,,,,
168618.0,,,,,,,,,,,,,,
168619.0,,,,,,,,,,,,,,
168620.0,,,,,,,,,,,,,,
168621.0,,,,,,,,,,,,,,
168622.0,,,,,,,,,,,,,,
168623.0,,,,,,,,,,,,,,
168624.0,,,,,,,,,,,,,,
168625.0,,,,,,,,,,,,,,
168626.0,,,,,,,,,,,,,,
168627.0,,,,,,,,,,,,,,
168628.0,,,,,,,,,,,,,,
168629.0,,,,,,,,,,,,,,
168630.0,,,,,,,,,,,,,,
168631.0,,,,,,,,,,,,,,
168632.0,,,,,,,,,,,,,,
168633.0,,,,,,,,,,,,,,
168634.0,,,,,,,,,,,,,,
168635.0,,,,,,,,,,,,,,
168636.0,,,,,,,,,,,,,,
168637.0,,,,,,,,,,,,,,
168638.0,,,,,,,,,,,,,,
168639.0,,,,,,,,,,,,,,
168640.0,,,,,,,,,,,,,,
168641.0,,,,,,,,,,,,,,
168642.0,,,,,,,,,,,,,,
168643.0,,,,,,,,,,,,,,
168644.0,,,,,,,,,,,,,,
168645.0,,,,,,,,,,,,,,
168646.0,,,,,,,,,,,,,,
168647.0,,,,,,,,,,,,,,
168648.0,,,,,,,,,,,,,,
168649.0,,,,,,,,,,,,,,
168650.0,,,,,,,,,,,,,,
168651.0,,,,,,,,,,,,,,
168652.0,,,,,,,,,,,,,,
168653.0,,,,,,,,,,,,,,
168654.0,,,,,,,,,,,,,,
168655.0,,,,,,,,,,,,,,
168656.0,,,,,,,,,,,,,,
168657.0,,,,,,,,,,,,,,
168658.0,,,,,,,,,,,,,,
168659.0,,,,,,,,,,,,,,
168660.0,,,,,,,,,,,,,,
168661.0,,,,,,,,,,,,,,
168662.0,,,,,,,,,,,,,,
168663.0,,,,,,,,,,,,,,
168664.0,,,,,,,,,,,,,,
168665.0,,,,,,,,,,,,,,
168666.0,,,,,,,,,,,,,,
168667.0,,,,,,,,,,,,,,
168668.0,,,,,,,,,,,,,,
168669.0,,,,,,,,,,,,,,
168670.0,,,,,,,,,,,,,,
168671.0,,,,,,,,,,,,,,
168672.0,,,,,,,,,,,,,,
168673.0,,,,,,,,,,,,,,
168674.0,,,,,,,,,,,,,,
168675.0,,,,,,,,,,,,,,
168676.0,,,,,,,,,,,,,,
168677.0,,,,,,,,,,,,,,
168678.0,,,,,,,,,,,,,,
168679.0,,,,,,,,,,,,,,
168680.0,,,,,,,,,,,,,,
168681.0,,,,,,,,,,,,,,
168682.0,,,,,,,,,,,,,,
168683.0,,,,,,,,,,,,,,
168684.0,,,,,,,,,,,,,,
168685.0,,,,,,,,,,,,,,
168686.0,,,,,,,,,,,,,,
168687.0,,,,,,,,,,,,,,
168688.0,,,,,,,,,,,,,,
168689.0,,,,,,,,,,,,,,
168690.0,,,,,,,,,,,,,,
168691.0,,,,,,,,,,,,,,
168692.0,,,,,,,,,,,,,,
168693.0,,,,,,,,,,,,,,
168694.0,,,,,,,,,,,,,,
168695.0,,,,,,,,,,,,,,
168696.0,,,,,,,,,,,,,,
168697.0,,,,,,,,,,,,,,
168698.0,,,,,,,,,,,,,,
168699.0,,,,,,,,,,,,,,
168700.0,,,,,,,,,,,,,,
168701.0,,,,,,,,,,,,,,
168702.0,,,,,,,,,,,,,,
168703.0,,,,,,,,,,,,,,
168704.0,,,,,,,,,,,,,,
168705.0,,,,,,,,,,,,,,
168706.0,,,,,,,,,,,,,,
168707.0,,,,,,,,,,,,,,
168708.0,,,,,,,,,,,,,,
168709.0,,,,,,,,,,,,,,
168710.0,,,,,,,,,,,,,,
168711.0,,,,,,,,,,,,,,
168712.0,,,,,,,,,,,,,,
168713.0,,,,,,,,,,,,,,
168714.0,,,,,,,,,,,,,,
168715.0,,,,,,,,,,,,,,
168716.0,,,,,,,,,,,,,,
168717.0,,,,,,,,,,,,,,
168718.0,,,,,,,,,,,,,,
168719.0,,,,,,,,,,,,,,
168720.0,,,,,,,,,,,,,,
168721.0,,,,,,,,,,,,,,
168722.0,,,,,,,,,,,,,,
168723.0,,,,,,,,,,,,,,
168724.0,,,,,,,,,,,,,,
168725.0,,,,,,,,,,,,,,
168726.0,,,,,,,,,,,,,,
168727.0,,,,,,,,,,,,,,
168728.0,,,,,,,,,,,,,,
168729.0,,,,,,,,,,,,,,
168730.0,,,,,,,,,,,,,,
168731.0,,,,,,,,,,,,,,
168732.0,,,,,,,,,,,,,,
168733.0,,,,,,,,,,,,,,
168734.0,,,,,,,,,,,,,,
168735.0,,,,,,,,,,,,,,
168736.0,,,,,,,,,,,,,,
168737.0,,,,,,,,,,,,,,
168738.0,,,,,,,,,,,,,,
168739.0,,,,,,,,,,,,,,
168740.0,,,,,,,,,,,,,,
168741.0,,,,,,,,,,,,,,
168742.0,,,,,,,,,,,,,,
168743.0,,,,,,,,,,,,,,
168744.0,,,,,,,,,,,,,,
168745.0,,,,,,,,,,,,,,
168746.0,,,,,,,,,,,,,,
168747.0,,,,,,,,,,,,,,
168748.0,,,,,,,,,,,,,,
168749.0,,,,,,,,,,,,,,
168750.0,,,,,,,,,,,,,,
168751.0,,,,,,,,,,,,,,
168752.0,,,,,,,,,,,,,,
168753.0,,,,,,,,,,,,,,
168754.0,,,,,,,,,,,,,,
168755.0,,,,,,,,,,,,,,
168756.0,,,,,,,,,,,,,,
168757.0,,,,,,,,,,,,,,
168758.0,,,,,,,,,,,,,,
168759.0,,,,,,,,,,,,,,
168760.0,,,,,,,,,,,,,,
168761.0,,,,,,,,,,,,,,
168762.0,,,,,,,,,,,,,,
168763.0,,,,,,,,,,,,,,
168764.0,,,,,,,,,,,,,,
168765.0,,,,,,,,,,,,,,
168766.0,,,,,,,,,,,,,,
168767.0,,,,,,,,,,,,,,
168768.0,,,,,,,,,,,,,,
168769.0,,,,,,,,,,,,,,
168770.0,,,,,,,,,,,,,,
168771.0,,,,,,,,,,,,,,
168772.0,,,,,,,,,,,,,,
168773.0,,,,,,,,,,,,,,
168774.0,,,,,,,,,,,,,,
168775.0,,,,,,,,,,,,,,
168776.0,,,,,,,,,,,,,,
168777.0,,,,,,,,,,,,,,
168778.0,,,,,,,,,,,,,,
168779.0,,,,,,,,,,,,,,
168780.0,,,,,,,,,,,,,,
168781.0,,,,,,,,,,,,,,
168782.0,,,,,,,,,,,,,,
168783.0,,,,,,,,,,,,,,
168784.0,,,,,,,,,,,,,,
168785.0,,,,,,,,,,,,,,
168786.0,,,,,,,,,,,,,,
168787.0,,,,,,,,,,,,,,
168788.0,,,,,,,,,,,,,,
168789.0,,,,,,,,,,,,,,
168790.0,,,,,,,,,,,,,,
168791.0,,,,,,,,,,,,,,
168792.0,,,,,,,,,,,,,,
168793.0,,,,,,,,,,,,,,
168794.0,,,,,,,,,,,,,,
168795.0,,,,,,,,,,,,,,
168796.0,,,,,,,,,,,,,,
168797.0,,,,,,,,,,,,,,
168798.0,,,,,,,,,,,,,,
168799.0,,,,,,,,,,,,,,
168800.0,,,,,,,,,,,,,,
168801.0,,,,,,,,,,,,,,
168802.0,,,,,,,,,,,,,,
168803.0,,,,,,,,,,,,,,
168804.0,,,,,,,,,,,,,,
168805.0,,,,,,,,,,,,,,
168806.0,,,,,,,,,,,,,,
168807.0,,,,,,,,,,,,,,
168808.0,,,,,,,,,,,,,,
168809.0,,,,,,,,,,,,,,
168810.0,,,,,,,,,,,,,,
168811.0,,,,,,,,,,,,,,
168812.0,,,,,,,,,,,,,,
168813.0,,,,,,,,,,,,,,
168814.0,,,,,,,,,,,,,,
168815.0,,,,,,,,,,,,,,
168816.0,,,,,,,,,,,,,,
168817.0,,,,,,,,,,,,,,
168818.0,,,,,,,,,,,,,,
168819.0,,,,,,,,,,,,,,
168820.0,,,,,,,,,,,,,,
168821.0,,,,,,,,,,,,,,
168822.0,,,,,,,,,,,,,,
168823.0,,,,,,,,,,,,,,
168824.0,,,,,,,,,,,,,,
168825.0,,,,,,,,,,,,,,
168826.0,,,,,,,,,,,,,,
168827.0,,,,,,,,,,,,,,
168828.0,,,,,,,,,,,,,,
168829.0,,,,,,,,,,,,,,
168830.0,,,,,,,,,,,,,,
168831.0,,,,,,,,,,,,,,
168832.0,,,,,,,,,,,,,,
168833.0,,,,,,,,,,,,,,
168834.0,,,,,,,,,,,,,,
168835.0,,,,,,,,,,,,,,
168836.0,,,,,,,,,,,,,,
168837.0,,,,,,,,,,,,,,
168838.0,,,,,,,,,,,,,,
168839.0,,,,,,,,,,,,,,
168840.0,,,,,,,,,,,,,,
168841.0,,,,,,,,,,,,,,
168842.0,,,,,,,,,,,,,,
168843.0,,,,,,,,,,,,,,
168844.0,,,,,,,,,,,,,,
168845.0,,,,,,,,,,,,,,
168846.0,,,,,,,,,,,,,,
168847.0,,,,,,,,,,,,,,
168848.0,,,,,,,,,,,,,,
168849.0,,,,,,,,,,,,,,
168850.0,,,,,,,,,,,,,,
168851.0,,,,,,,,,,,,,,
168852.0,,,,,,,,,,,,,,
168853.0,,,,,,,,,,,,,,
168854.0,,,,,,,,,,,,,,
168855.0,,,,,,,,,,,,,,
168856.0,,,,,,,,,,,,,,
168857.0,,,,,,,,,,,,,,
168858.0,,,,,,,,,,,,,,
168859.0,,,,,,,,,,,,,,
168860.0,,,,,,,,,,,,,,
168861.0,,,,,,,,,,,,,,
168862.0,,,,,,,,,,,,,,
168863.0,,,,,,,,,,,,,,
168864.0,,,,,,,,,,,,,,
168865.0,,,,,,,,,,,,,,
168866.0,,,,,,,,,,,,,,
168867.0,,,,,,,,,,,,,,
168868.0,,,,,,,,,,,,,,
168869.0,,,,,,,,,,,,,,
168870.0,,,,,,,,,,,,,,
168871.0,,,,,,,,,,,,,,
168872.0,,,,,,,,,,,,,,
168873.0,,,,,,,,,,,,,,
168874.0,,,,,,,,,,,,,,
168875.0,,,,,,,,,,,,,,
168876.0,,,,,,,,,,,,,,
168877.0,,,,,,,,,,,,,,
168878.0,,,,,,,,,,,,,,
168879.0,,,,,,,,,,,,,,
168880.0,,,,,,,,,,,,,,
168881.0,,,,,,,,,,,,,,
168882.0,,,,,,,,,,,,,,
168883.0,,,,,,,,,,,,,,
168884.0,,,,,,,,,,,,,,
168885.0,,,,,,,,,,,,,,
168886.0,,,,,,,,,,,,,,
168887.0,,,,,,,,,,,,,,
168888.0,,,,,,,,,,,,,,
168889.0,,,,,,,,,,,,,,
168890.0,,,,,,,,,,,,,,
168891.0,,,,,,,,,,,,,,
168892.0,,,,,,,,,,,,,,
168893.0,,,,,,,,,,,,,,
168894.0,,,,,,,,,,,,,,
168895.0,,,,,,,,,,,,,,
168896.0,,,,,,,,,,,,,,
168897.0,,,,,,,,,,,,,,
168898.0,,,,,,,,,,,,,,
168899.0,,,,,,,,,,,,,,
168900.0,,,,,,,,,,,,,,
168901.0,,,,,,,,,,,,,,
168902.0,,,,,,,,,,,,,,
168903.0,,,,,,,,,,,,,,
168904.0,,,,,,,,,,,,,,
168905.0,,,,,,,,,,,,,,
168906.0,,,,,,,,,,,,,,
168907.0,,,,,,,,,,,,,,
168908.0,,,,,,,,,,,,,,
168909.0,,,,,,,,,,,,,,
168910.0,,,,,,,,,,,,,,
168911.0,,,,,,,,,,,,,,
168912.0,,,,,,,,,,,,,,
168913.0,,,,,,,,,,,,,,
168914.0,,,,,,,,,,,,,,
168915.0,,,,,,,,,,,,,,
168916.0,,,,,,,,,,,,,,
168917.0,,,,,,,,,,,,,,
168918.0,,,,,,,,,,,,,,
168919.0,,,,,,,,,,,,,,
168920.0,,,,,,,,,,,,,,
168921.0,,,,,,,,,,,,,,
168922.0,,,,,,,,,,,,,,
168923.0,,,,,,,,,,,,,,
168924.0,,,,,,,,,,,,,,
168925.0,,,,,,,,,,,,,,
168926.0,,,,,,,,,,,,,,
168927.0,,,,,,,,,,,,,,
168928.0,,,,,,,,,,,,,,
168929.0,,,,,,,,,,,,,,
168930.0,,,,,,,,,,,,,,
168931.0,,,,,,,,,,,,,,
168932.0,,,,,,,,,,,,,,
168933.0,,,,,,,,,,,,,,
168934.0,,,,,,,,,,,,,,
168935.0,,,,,,,,,,,,,,
168936.0,,,,,,,,,,,,,,
168937.0,,,,,,,,,,,,,,
168938.0,,,,,,,,,,,,,,
168939.0,,,,,,,,,,,,,,
168940.0,,,,,,,,,,,,,,
168941.0,,,,,,,,,,,,,,
168942.0,,,,,,,,,,,,,,
168943.0,,,,,,,,,,,,,,
168944.0,,,,,,,,,,,,,,
168945.0,,,,,,,,,,,,,,
168946.0,,,,,,,,,,,,,,
168947.0,,,,,,,,,,,,,,
168948.0,,,,,,,,,,,,,,
168949.0,,,,,,,,,,,,,,
168950.0,,,,,,,,,,,,,,
168951.0,,,,,,,,,,,,,,
168952.0,,,,,,,,,,,,,,
168953.0,,,,,,,,,,,,,,
168954.0,,,,,,,,,,,,,,
168955.0,,,,,,,,,,,,,,
168956.0,,,,,,,,,,,,,,
168957.0,,,,,,,,,,,,,,
168958.0,,,,,,,,,,,,,,
168959.0,,,,,,,,,,,,,,
168960.0,,,,,,,,,,,,,,
168961.0,,,,,,,,,,,,,,
168962.0,,,,,,,,,,,,,,
168963.0,,,,,,,,,,,,,,
168964.0,,,,,,,,,,,,,,
168965.0,,,,,,,,,,,,,,
168966.0,,,,,,,,,,,,,,
168967.0,,,,,,,,,,,,,,
168968.0,,,,,,,,,,,,,,
168969.0,,,,,,,,,,,,,,
168970.0,,,,,,,,,,,,,,
168971.0,,,,,,,,,,,,,,
168972.0,,,,,,,,,,,,,,
168973.0,,,,,,,,,,,,,,
168974.0,,,,,,,,,,,,,,
168975.0,,,,,,,,,,,,,,
168976.0,,,,,,,,,,,,,,
168977.0,,,,,,,,,,,,,,
168978.0,,,,,,,,,,,,,,
168979.0,,,,,,,,,,,,,,
168980.0,,,,,,,,,,,,,,
168981.0,,,,,,,,,,,,,,
168982.0,,,,,,,,,,,,,,
168983.0,,,,,,,,,,,,,,
168984.0,,,,,,,,,,,,,,
168985.0,,,,,,,,,,,,,,
168986.0,,,,,,,,,,,,,,
168987.0,,,,,,,,,,,,,,
168988.0,,,,,,,,,,,,,,
168989.0,,,,,,,,,,,,,,
168990.0,,,,,,,,,,,,,,
168991.0,,,,,,,,,,,,,,
168992.0,,,,,,,,,,,,,,
168993.0,,,,,,,,,,,,,,
168994.0,,,,,,,,,,,,,,
168995.0,,,,,,,,,,,,,,
168996.0,,,,,,,,,,,,,,
168997.0,,,,,,,,,,,,,,
168998.0,,,,,,,,,,,,,,
168999.0,,,,,,,,,,,,,,
169000.0,,,,,,,,,,,,,,
169001.0,,,,,,,,,,,,,,
169002.0,,,,,,,,,,,,,,
169003.0,,,,,,,,,,,,,,
169004.0,,,,,,,,,,,,,,
169005.0,,,,,,,,,,,,,,
169006.0,,,,,,,,,,,,,,
169007.0,,,,,,,,,,,,,,
169008.0,,,,,,,,,,,,,,
169009.0,,,,,,,,,,,,,,
169010.0,,,,,,,,,,,,,,
169011.0,,,,,,,,,,,,,,
169012.0,,,,,,,,,,,,,,
169013.0,,,,,,,,,,,,,,
169014.0,,,,,,,,,,,,,,
169015.0,,,,,,,,,,,,,,
169016.0,,,,,,,,,,,,,,
169017.0,,,,,,,,,,,,,,
169018.0,,,,,,,,,,,,,,
169019.0,,,,,,,,,,,,,,
169020.0,,,,,,,,,,,,,,
169021.0,,,,,,,,,,,,,,
169022.0,,,,,,,,,,,,,,
169023.0,,,,,,,,,,,,,,
169024.0,,,,,,,,,,,,,,
169025.0,,,,,,,,,,,,,,
169026.0,,,,,,,,,,,,,,
169027.0,,,,,,,,,,,,,,
169028.0,,,,,,,,,,,,,,
169029.0,,,,,,,,,,,,,,
169030.0,,,,,,,,,,,,,,
169031.0,,,,,,,,,,,,,,
169032.0,,,,,,,,,,,,,,
169033.0,,,,,,,,,,,,,,
169034.0,,,,,,,,,,,,,,
169035.0,,,,,,,,,,,,,,
169036.0,,,,,,,,,,,,,,
169037.0,,,,,,,,,,,,,,
169038.0,,,,,,,,,,,,,,
169039.0,,,,,,,,,,,,,,
169040.0,,,,,,,,,,,,,,
169041.0,,,,,,,,,,,,,,
169042.0,,,,,,,,,,,,,,
169043.0,,,,,,,,,,,,,,
169044.0,,,,,,,,,,,,,,
169045.0,,,,,,,,,,,,,,
169046.0,,,,,,,,,,,,,,
169047.0,,,,,,,,,,,,,,
169048.0,,,,,,,,,,,,,,
169049.0,,,,,,,,,,,,,,
169050.0,,,,,,,,,,,,,,
169051.0,,,,,,,,,,,,,,
169052.0,,,,,,,,,,,,,,
169053.0,,,,,,,,,,,,,,
169054.0,,,,,,,,,,,,,,
169055.0,,,,,,,,,,,,,,
169056.0,,,,,,,,,,,,,,
169057.0,,,,,,,,,,,,,,
169058.0,,,,,,,,,,,,,,
169059.0,,,,,,,,,,,,,,
169060.0,,,,,,,,,,,,,,
169061.0,,,,,,,,,,,,,,
169062.0,,,,,,,,,,,,,,
169063.0,,,,,,,,,,,,,,
169064.0,,,,,,,,,,,,,,
169065.0,,,,,,,,,,,,,,
169066.0,,,,,,,,,,,,,,
169067.0,,,,,,,,,,,,,,
169068.0,,,,,,,,,,,,,,
169069.0,,,,,,,,,,,,,,
169070.0,,,,,,,,,,,,,,
169071.0,,,,,,,,,,,,,,
169072.0,,,,,,,,,,,,,,
169073.0,,,,,,,,,,,,,,
169074.0,,,,,,,,,,,,,,
169075.0,,,,,,,,,,,,,,
169076.0,,,,,,,,,,,,,,
169077.0,,,,,,,,,,,,,,
169078.0,,,,,,,,,,,,,,
169079.0,,,,,,,,,,,,,,
169080.0,,,,,,,,,,,,,,
169081.0,,,,,,,,,,,,,,
169082.0,,,,,,,,,,,,,,
169083.0,,,,,,,,,,,,,,
169084.0,,,,,,,,,,,,,,
169085.0,,,,,,,,,,,,,,
169086.0,,,,,,,,,,,,,,
169087.0,,,,,,,,,,,,,,
169088.0,,,,,,,,,,,,,,
169089.0,,,,,,,,,,,,,,
169090.0,,,,,,,,,,,,,,
169091.0,,,,,,,,,,,,,,
169092.0,,,,,,,,,,,,,,
169093.0,,,,,,,,,,,,,,
169094.0,,,,,,,,,,,,,,
169095.0,,,,,,,,,,,,,,
169096.0,,,,,,,,,,,,,,
169097.0,,,,,,,,,,,,,,
169098.0,,,,,,,,,,,,,,
169099.0,,,,,,,,,,,,,,
169100.0,,,,,,,,,,,,,,
169101.0,,,,,,,,,,,,,,
169102.0,,,,,,,,,,,,,,
169103.0,,,,,,,,,,,,,,
169104.0,,,,,,,,,,,,,,
169105.0,,,,,,,,,,,,,,
169106.0,,,,,,,,,,,,,,
169107.0,,,,,,,,,,,,,,
169108.0,,,,,,,,,,,,,,
169109.0,,,,,,,,,,,,,,
169110.0,,,,,,,,,,,,,,
169111.0,,,,,,,,,,,,,,
169112.0,,,,,,,,,,,,,,
169113.0,,,,,,,,,,,,,,
169114.0,,,,,,,,,,,,,,
169115.0,,,,,,,,,,,,,,
169116.0,,,,,,,,,,,,,,
169117.0,,,,,,,,,,,,,,
169118.0,,,,,,,,,,,,,,
169119.0,,,,,,,,,,,,,,
169120.0,,,,,,,,,,,,,,
169121.0,,,,,,,,,,,,,,
169122.0,,,,,,,,,,,,,,
169123.0,,,,,,,,,,,,,,
169124.0,,,,,,,,,,,,,,
169125.0,,,,,,,,,,,,,,
169126.0,,,,,,,,,,,,,,
169127.0,,,,,,,,,,,,,,
169128.0,,,,,,,,,,,,,,
169129.0,,,,,,,,,,,,,,
169130.0,,,,,,,,,,,,,,
169131.0,,,,,,,,,,,,,,
169132.0,,,,,,,,,,,,,,
169133.0,,,,,,,,,,,,,,
169134.0,,,,,,,,,,,,,,
169135.0,,,,,,,,,,,,,,
169136.0,,,,,,,,,,,,,,
169137.0,,,,,,,,,,,,,,
169138.0,,,,,,,,,,,,,,
169139.0,,,,,,,,,,,,,,
169140.0,,,,,,,,,,,,,,
169141.0,,,,,,,,,,,,,,
169142.0,,,,,,,,,,,,,,
169143.0,,,,,,,,,,,,,,
169144.0,,,,,,,,,,,,,,
169145.0,,,,,,,,,,,,,,
169146.0,,,,,,,,,,,,,,
169147.0,,,,,,,,,,,,,,
169148.0,,,,,,,,,,,,,,
169149.0,,,,,,,,,,,,,,
169150.0,,,,,,,,,,,,,,
169151.0,,,,,,,,,,,,,,
169152.0,,,,,,,,,,,,,,
169153.0,,,,,,,,,,,,,,
169154.0,,,,,,,,,,,,,,
169155.0,,,,,,,,,,,,,,
169156.0,,,,,,,,,,,,,,
169157.0,,,,,,,,,,,,,,
169158.0,,,,,,,,,,,,,,
169159.0,,,,,,,,,,,,,,
169160.0,,,,,,,,,,,,,,
169161.0,,,,,,,,,,,,,,
169162.0,,,,,,,,,,,,,,
169163.0,,,,,,,,,,,,,,
169164.0,,,,,,,,,,,,,,
169165.0,,,,,,,,,,,,,,
169166.0,,,,,,,,,,,,,,
169167.0,,,,,,,,,,,,,,
169168.0,,,,,,,,,,,,,,
169169.0,,,,,,,,,,,,,,
169170.0,,,,,,,,,,,,,,
169171.0,,,,,,,,,,,,,,
169172.0,,,,,,,,,,,,,,
169173.0,,,,,,,,,,,,,,
169174.0,,,,,,,,,,,,,,
169175.0,,,,,,,,,,,,,,
169176.0,,,,,,,,,,,,,,
169177.0,,,,,,,,,,,,,,
169178.0,,,,,,,,,,,,,,
169179.0,,,,,,,,,,,,,,
169180.0,,,,,,,,,,,,,,
169181.0,,,,,,,,,,,,,,
169182.0,,,,,,,,,,,,,,
169183.0,,,,,,,,,,,,,,
169184.0,,,,,,,,,,,,,,
169185.0,,,,,,,,,,,,,,
169186.0,,,,,,,,,,,,,,
169187.0,,,,,,,,,,,,,,
169188.0,,,,,,,,,,,,,,
169189.0,,,,,,,,,,,,,,
169190.0,,,,,,,,,,,,,,
169191.0,,,,,,,,,,,,,,
169192.0,,,,,,,,,,,,,,
169193.0,,,,,,,,,,,,,,
169194.0,,,,,,,,,,,,,,
169195.0,,,,,,,,,,,,,,
169196.0,,,,,,,,,,,,,,
169197.0,,,,,,,,,,,,,,
169198.0,,,,,,,,,,,,,,
169199.0,,,,,,,,,,,,,,
169200.0,,,,,,,,,,,,,,
169201.0,,,,,,,,,,,,,,
169202.0,,,,,,,,,,,,,,
169203.0,,,,,,,,,,,,,,
169204.0,,,,,,,,,,,,,,
169205.0,,,,,,,,,,,,,,
169206.0,,,,,,,,,,,,,,
169207.0,,,,,,,,,,,,,,
169208.0,,,,,,,,,,,,,,
169209.0,,,,,,,,,,,,,,
169210.0,,,,,,,,,,,,,,
169211.0,,,,,,,,,,,,,,
169212.0,,,,,,,,,,,,,,
169213.0,,,,,,,,,,,,,,
169214.0,,,,,,,,,,,,,,
169215.0,,,,,,,,,,,,,,
169216.0,,,,,,,,,,,,,,
169217.0,,,,,,,,,,,,,,
169218.0,,,,,,,,,,,,,,
169219.0,,,,,,,,,,,,,,
169220.0,,,,,,,,,,,,,,
169221.0,,,,,,,,,,,,,,
169222.0,,,,,,,,,,,,,,
169223.0,,,,,,,,,,,,,,
169224.0,,,,,,,,,,,,,,
169225.0,,,,,,,,,,,,,,
169226.0,,,,,,,,,,,,,,
169227.0,,,,,,,,,,,,,,
169228.0,,,,,,,,,,,,,,
169229.0,,,,,,,,,,,,,,
169230.0,,,,,,,,,,,,,,
169231.0,,,,,,,,,,,,,,
169232.0,,,,,,,,,,,,,,
169233.0,,,,,,,,,,,,,,
169234.0,,,,,,,,,,,,,,
169235.0,,,,,,,,,,,,,,
169236.0,,,,,,,,,,,,,,
169237.0,,,,,,,,,,,,,,
169238.0,,,,,,,,,,,,,,
169239.0,,,,,,,,,,,,,,
169240.0,,,,,,,,,,,,,,
169241.0,,,,,,,,,,,,,,
169242.0,,,,,,,,,,,,,,
169243.0,,,,,,,,,,,,,,
169244.0,,,,,,,,,,,,,,
169245.0,,,,,,,,,,,,,,
169246.0,,,,,,,,,,,,,,
169247.0,,,,,,,,,,,,,,
169248.0,,,,,,,,,,,,,,
169249.0,,,,,,,,,,,,,,
169250.0,,,,,,,,,,,,,,
169251.0,,,,,,,,,,,,,,
169252.0,,,,,,,,,,,,,,
169253.0,,,,,,,,,,,,,,
169254.0,,,,,,,,,,,,,,
169255.0,,,,,,,,,,,,,,
169256.0,,,,,,,,,,,,,,
169257.0,,,,,,,,,,,,,,
169258.0,,,,,,,,,,,,,,
169259.0,,,,,,,,,,,,,,
169260.0,,,,,,,,,,,,,,
169261.0,,,,,,,,,,,,,,
169262.0,,,,,,,,,,,,,,
169263.0,,,,,,,,,,,,,,
169264.0,,,,,,,,,,,,,,
169265.0,,,,,,,,,,,,,,
169266.0,,,,,,,,,,,,,,
169267.0,,,,,,,,,,,,,,
169268.0,,,,,,,,,,,,,,
169269.0,,,,,,,,,,,,,,
169270.0,,,,,,,,,,,,,,
169271.0,,,,,,,,,,,,,,
169272.0,,,,,,,,,,,,,,
169273.0,,,,,,,,,,,,,,
169274.0,,,,,,,,,,,,,,
169275.0,,,,,,,,,,,,,,
169276.0,,,,,,,,,,,,,,
169277.0,,,,,,,,,,,,,,
169278.0,,,,,,,,,,,,,,
169279.0,,,,,,,,,,,,,,
169280.0,,,,,,,,,,,,,,
169281.0,,,,,,,,,,,,,,
169282.0,,,,,,,,,,,,,,
169283.0,,,,,,,,,,,,,,
169284.0,,,,,,,,,,,,,,
169285.0,,,,,,,,,,,,,,
169286.0,,,,,,,,,,,,,,
169287.0,,,,,,,,,,,,,,
169288.0,,,,,,,,,,,,,,
169289.0,,,,,,,,,,,,,,
169290.0,,,,,,,,,,,,,,
169291.0,,,,,,,,,,,,,,
169292.0,,,,,,,,,,,,,,
169293.0,,,,,,,,,,,,,,
169294.0,,,,,,,,,,,,,,
169295.0,,,,,,,,,,,,,,
169296.0,,,,,,,,,,,,,,
169297.0,,,,,,,,,,,,,,
169298.0,,,,,,,,,,,,,,
169299.0,,,,,,,,,,,,,,
169300.0,,,,,,,,,,,,,,
169301.0,,,,,,,,,,,,,,
169302.0,,,,,,,,,,,,,,
169303.0,,,,,,,,,,,,,,
169304.0,,,,,,,,,,,,,,
169305.0,,,,,,,,,,,,,,
169306.0,,,,,,,,,,,,,,
169307.0,,,,,,,,,,,,,,
169308.0,,,,,,,,,,,,,,
169309.0,,,,,,,,,,,,,,
169310.0,,,,,,,,,,,,,,
169311.0,,,,,,,,,,,,,,
169312.0,,,,,,,,,,,,,,
169313.0,,,,,,,,,,,,,,
169314.0,,,,,,,,,,,,,,
169315.0,,,,,,,,,,,,,,
169316.0,,,,,,,,,,,,,,
169317.0,,,,,,,,,,,,,,
169318.0,,,,,,,,,,,,,,
169319.0,,,,,,,,,,,,,,
169320.0,,,,,,,,,,,,,,
169321.0,,,,,,,,,,,,,,
169322.0,,,,,,,,,,,,,,
169323.0,,,,,,,,,,,,,,
169324.0,,,,,,,,,,,,,,
169325.0,,,,,,,,,,,,,,
169326.0,,,,,,,,,,,,,,
169327.0,,,,,,,,,,,,,,
169328.0,,,,,,,,,,,,,,
169329.0,,,,,,,,,,,,,,
169330.0,,,,,,,,,,,,,,
169331.0,,,,,,,,,,,,,,
169332.0,,,,,,,,,,,,,,
169333.0,,,,,,,,,,,,,,
169334.0,,,,,,,,,,,,,,
169335.0,,,,,,,,,,,,,,
169336.0,,,,,,,,,,,,,,
169337.0,,,,,,,,,,,,,,
169338.0,,,,,,,,,,,,,,
169339.0,,,,,,,,,,,,,,
169340.0,,,,,,,,,,,,,,
169341.0,,,,,,,,,,,,,,
169342.0,,,,,,,,,,,,,,
169343.0,,,,,,,,,,,,,,
169344.0,,,,,,,,,,,,,,
169345.0,,,,,,,,,,,,,,
169346.0,,,,,,,,,,,,,,
169347.0,,,,,,,,,,,,,,
169348.0,,,,,,,,,,,,,,
169349.0,,,,,,,,,,,,,,
169350.0,,,,,,,,,,,,,,
169351.0,,,,,,,,,,,,,,
169352.0,,,,,,,,,,,,,,
169353.0,,,,,,,,,,,,,,
169354.0,,,,,,,,,,,,,,
169355.0,,,,,,,,,,,,,,
169356.0,,,,,,,,,,,,,,
169357.0,,,,,,,,,,,,,,
169358.0,,,,,,,,,,,,,,
169359.0,,,,,,,,,,,,,,
169360.0,,,,,,,,,,,,,,
169361.0,,,,,,,,,,,,,,
169362.0,,,,,,,,,,,,,,
169363.0,,,,,,,,,,,,,,
169364.0,,,,,,,,,,,,,,
169365.0,,,,,,,,,,,,,,
169366.0,,,,,,,,,,,,,,
169367.0,,,,,,,,,,,,,,
169368.0,,,,,,,,,,,,,,
169369.0,,,,,,,,,,,,,,
169370.0,,,,,,,,,,,,,,
169371.0,,,,,,,,,,,,,,
169372.0,,,,,,,,,,,,,,
169373.0,,,,,,,,,,,,,,
169374.0,,,,,,,,,,,,,,
169375.0,,,,,,,,,,,,,,
169376.0,,,,,,,,,,,,,,
169377.0,,,,,,,,,,,,,,
169378.0,,,,,,,,,,,,,,
169379.0,,,,,,,,,,,,,,
169380.0,,,,,,,,,,,,,,
169381.0,,,,,,,,,,,,,,
169382.0,,,,,,,,,,,,,,
169383.0,,,,,,,,,,,,,,
169384.0,,,,,,,,,,,,,,
169385.0,,,,,,,,,,,,,,
169386.0,,,,,,,,,,,,,,
169387.0,,,,,,,,,,,,,,
169388.0,,,,,,,,,,,,,,
169389.0,,,,,,,,,,,,,,
169390.0,,,,,,,,,,,,,,
169391.0,,,,,,,,,,,,,,
169392.0,,,,,,,,,,,,,,
169393.0,,,,,,,,,,,,,,
169394.0,,,,,,,,,,,,,,
169395.0,,,,,,,,,,,,,,
169396.0,,,,,,,,,,,,,,
169397.0,,,,,,,,,,,,,,
169398.0,,,,,,,,,,,,,,
169399.0,,,,,,,,,,,,,,
169400.0,,,,,,,,,,,,,,
169401.0,,,,,,,,,,,,,,
169402.0,,,,,,,,,,,,,,
169403.0,,,,,,,,,,,,,,
169404.0,,,,,,,,,,,,,,
169405.0,,,,,,,,,,,,,,
169406.0,,,,,,,,,,,,,,
169407.0,,,,,,,,,,,,,,
169408.0,,,,,,,,,,,,,,
169409.0,,,,,,,,,,,,,,
169410.0,,,,,,,,,,,,,,
169411.0,,,,,,,,,,,,,,
169412.0,,,,,,,,,,,,,,
169413.0,,,,,,,,,,,,,,
169414.0,,,,,,,,,,,,,,
169415.0,,,,,,,,,,,,,,
169416.0,,,,,,,,,,,,,,
169417.0,,,,,,,,,,,,,,
169418.0,,,,,,,,,,,,,,
169419.0,,,,,,,,,,,,,,
169420.0,,,,,,,,,,,,,,
169421.0,,,,,,,,,,,,,,
169422.0,,,,,,,,,,,,,,
169423.0,,,,,,,,,,,,,,
169424.0,,,,,,,,,,,,,,
169425.0,,,,,,,,,,,,,,
169426.0,,,,,,,,,,,,,,
169427.0,,,,,,,,,,,,,,
169428.0,,,,,,,,,,,,,,
169429.0,,,,,,,,,,,,,,
169430.0,,,,,,,,,,,,,,
169431.0,,,,,,,,,,,,,,
169432.0,,,,,,,,,,,,,,
169433.0,,,,,,,,,,,,,,
169434.0,,,,,,,,,,,,,,
169435.0,,,,,,,,,,,,,,
169436.0,,,,,,,,,,,,,,
169437.0,,,,,,,,,,,,,,
169438.0,,,,,,,,,,,,,,
169439.0,,,,,,,,,,,,,,
169440.0,,,,,,,,,,,,,,
169441.0,,,,,,,,,,,,,,
169442.0,,,,,,,,,,,,,,
169443.0,,,,,,,,,,,,,,
169444.0,,,,,,,,,,,,,,
169445.0,,,,,,,,,,,,,,
169446.0,,,,,,,,,,,,,,
169447.0,,,,,,,,,,,,,,
169448.0,,,,,,,,,,,,,,
169449.0,,,,,,,,,,,,,,
169450.0,,,,,,,,,,,,,,
169451.0,,,,,,,,,,,,,,
169452.0,,,,,,,,,,,,,,
169453.0,,,,,,,,,,,,,,
169454.0,,,,,,,,,,,,,,
169455.0,,,,,,,,,,,,,,
169456.0,,,,,,,,,,,,,,
169457.0,,,,,,,,,,,,,,
169458.0,,,,,,,,,,,,,,
169459.0,,,,,,,,,,,,,,
169460.0,,,,,,,,,,,,,,
169461.0,,,,,,,,,,,,,,
169462.0,,,,,,,,,,,,,,
169463.0,,,,,,,,,,,,,,
169464.0,,,,,,,,,,,,,,
169465.0,,,,,,,,,,,,,,
169466.0,,,,,,,,,,,,,,
169467.0,,,,,,,,,,,,,,
169468.0,,,,,,,,,,,,,,
169469.0,,,,,,,,,,,,,,
169470.0,,,,,,,,,,,,,,
169471.0,,,,,,,,,,,,,,
169472.0,,,,,,,,,,,,,,
169473.0,,,,,,,,,,,,,,
169474.0,,,,,,,,,,,,,,
169475.0,,,,,,,,,,,,,,
169476.0,,,,,,,,,,,,,,
169477.0,,,,,,,,,,,,,,
169478.0,,,,,,,,,,,,,,
169479.0,,,,,,,,,,,,,,
169480.0,,,,,,,,,,,,,,
169481.0,,,,,,,,,,,,,,
169482.0,,,,,,,,,,,,,,
169483.0,,,,,,,,,,,,,,
169484.0,,,,,,,,,,,,,,
169485.0,,,,,,,,,,,,,,
169486.0,,,,,,,,,,,,,,
169487.0,,,,,,,,,,,,,,
169488.0,,,,,,,,,,,,,,
169489.0,,,,,,,,,,,,,,
169490.0,,,,,,,,,,,,,,
169491.0,,,,,,,,,,,,,,
169492.0,,,,,,,,,,,,,,
169493.0,,,,,,,,,,,,,,
169494.0,,,,,,,,,,,,,,
169495.0,,,,,,,,,,,,,,
169496.0,,,,,,,,,,,,,,
169497.0,,,,,,,,,,,,,,
169498.0,,,,,,,,,,,,,,
169499.0,,,,,,,,,,,,,,
169500.0,,,,,,,,,,,,,,
169501.0,,,,,,,,,,,,,,
169502.0,,,,,,,,,,,,,,
169503.0,,,,,,,,,,,,,,
169504.0,,,,,,,,,,,,,,
169505.0,,,,,,,,,,,,,,
169506.0,,,,,,,,,,,,,,
169507.0,,,,,,,,,,,,,,
169508.0,,,,,,,,,,,,,,
169509.0,,,,,,,,,,,,,,
169510.0,,,,,,,,,,,,,,
169511.0,,,,,,,,,,,,,,
169512.0,,,,,,,,,,,,,,
169513.0,,,,,,,,,,,,,,
169514.0,,,,,,,,,,,,,,
169515.0,,,,,,,,,,,,,,
169516.0,,,,,,,,,,,,,,
169517.0,,,,,,,,,,,,,,
169518.0,,,,,,,,,,,,,,
169519.0,,,,,,,,,,,,,,
169520.0,,,,,,,,,,,,,,
169521.0,,,,,,,,,,,,,,
169522.0,,,,,,,,,,,,,,
169523.0,,,,,,,,,,,,,,
169524.0,,,,,,,,,,,,,,
169525.0,,,,,,,,,,,,,,
169526.0,,,,,,,,,,,,,,
169527.0,,,,,,,,,,,,,,
169528.0,,,,,,,,,,,,,,
169529.0,,,,,,,,,,,,,,
169530.0,,,,,,,,,,,,,,
169531.0,,,,,,,,,,,,,,
169532.0,,,,,,,,,,,,,,
169533.0,,,,,,,,,,,,,,
169534.0,,,,,,,,,,,,,,
169535.0,,,,,,,,,,,,,,
169536.0,,,,,,,,,,,,,,
169537.0,,,,,,,,,,,,,,
169538.0,,,,,,,,,,,,,,
169539.0,,,,,,,,,,,,,,
169540.0,,,,,,,,,,,,,,
169541.0,,,,,,,,,,,,,,
169542.0,,,,,,,,,,,,,,
169543.0,,,,,,,,,,,,,,
169544.0,,,,,,,,,,,,,,
169545.0,,,,,,,,,,,,,,
169546.0,,,,,,,,,,,,,,
169547.0,,,,,,,,,,,,,,
169548.0,,,,,,,,,,,,,,
169549.0,,,,,,,,,,,,,,
169550.0,,,,,,,,,,,,,,
169551.0,,,,,,,,,,,,,,
169552.0,,,,,,,,,,,,,,
169553.0,,,,,,,,,,,,,,
169554.0,,,,,,,,,,,,,,
169555.0,,,,,,,,,,,,,,
169556.0,,,,,,,,,,,,,,
169557.0,,,,,,,,,,,,,,
169558.0,,,,,,,,,,,,,,
169559.0,,,,,,,,,,,,,,
169560.0,,,,,,,,,,,,,,
169561.0,,,,,,,,,,,,,,
169562.0,,,,,,,,,,,,,,
169563.0,,,,,,,,,,,,,,
169564.0,,,,,,,,,,,,,,
169565.0,,,,,,,,,,,,,,
169566.0,,,,,,,,,,,,,,
169567.0,,,,,,,,,,,,,,
169568.0,,,,,,,,,,,,,,
169569.0,,,,,,,,,,,,,,
169570.0,,,,,,,,,,,,,,
169571.0,,,,,,,,,,,,,,
169572.0,,,,,,,,,,,,,,
169573.0,,,,,,,,,,,,,,
169574.0,,,,,,,,,,,,,,
169575.0,,,,,,,,,,,,,,
169576.0,,,,,,,,,,,,,,
169577.0,,,,,,,,,,,,,,
169578.0,,,,,,,,,,,,,,
169579.0,,,,,,,,,,,,,,
169580.0,,,,,,,,,,,,,,
169581.0,,,,,,,,,,,,,,
169582.0,,,,,,,,,,,,,,
169583.0,,,,,,,,,,,,,,
169584.0,,,,,,,,,,,,,,
169585.0,,,,,,,,,,,,,,
169586.0,,,,,,,,,,,,,,
169587.0,,,,,,,,,,,,,,
169588.0,,,,,,,,,,,,,,
169589.0,,,,,,,,,,,,,,
169590.0,,,,,,,,,,,,,,
169591.0,,,,,,,,,,,,,,
169592.0,,,,,,,,,,,,,,
169593.0,,,,,,,,,,,,,,
169594.0,,,,,,,,,,,,,,
169595.0,,,,,,,,,,,,,,
169596.0,,,,,,,,,,,,,,
169597.0,,,,,,,,,,,,,,
169598.0,,,,,,,,,,,,,,
169599.0,,,,,,,,,,,,,,
169600.0,,,,,,,,,,,,,,
169601.0,,,,,,,,,,,,,,
169602.0,,,,,,,,,,,,,,
169603.0,,,,,,,,,,,,,,
169604.0,,,,,,,,,,,,,,
169605.0,,,,,,,,,,,,,,
169606.0,,,,,,,,,,,,,,
169607.0,,,,,,,,,,,,,,
169608.0,,,,,,,,,,,,,,
169609.0,,,,,,,,,,,,,,
169610.0,,,,,,,,,,,,,,
169611.0,,,,,,,,,,,,,,
169612.0,,,,,,,,,,,,,,
169613.0,,,,,,,,,,,,,,
169614.0,,,,,,,,,,,,,,
169615.0,,,,,,,,,,,,,,
169616.0,,,,,,,,,,,,,,
169617.0,,,,,,,,,,,,,,
169618.0,,,,,,,,,,,,,,
169619.0,,,,,,,,,,,,,,
169620.0,,,,,,,,,,,,,,
169621.0,,,,,,,,,,,,,,
169622.0,,,,,,,,,,,,,,
169623.0,,,,,,,,,,,,,,
169624.0,,,,,,,,,,,,,,
169625.0,,,,,,,,,,,,,,
169626.0,,,,,,,,,,,,,,
169627.0,,,,,,,,,,,,,,
169628.0,,,,,,,,,,,,,,
169629.0,,,,,,,,,,,,,,
169630.0,,,,,,,,,,,,,,
169631.0,,,,,,,,,,,,,,
169632.0,,,,,,,,,,,,,,
169633.0,,,,,,,,,,,,,,
169634.0,,,,,,,,,,,,,,
169635.0,,,,,,,,,,,,,,
169636.0,,,,,,,,,,,,,,
169637.0,,,,,,,,,,,,,,
169638.0,,,,,,,,,,,,,,
169639.0,,,,,,,,,,,,,,
169640.0,,,,,,,,,,,,,,
169641.0,,,,,,,,,,,,,,
169642.0,,,,,,,,,,,,,,
169643.0,,,,,,,,,,,,,,
169644.0,,,,,,,,,,,,,,
169645.0,,,,,,,,,,,,,,
169646.0,,,,,,,,,,,,,,
169647.0,,,,,,,,,,,,,,
169648.0,,,,,,,,,,,,,,
169649.0,,,,,,,,,,,,,,
169650.0,,,,,,,,,,,,,,
169651.0,,,,,,,,,,,,,,
169652.0,,,,,,,,,,,,,,
169653.0,,,,,,,,,,,,,,
169654.0,,,,,,,,,,,,,,
169655.0,,,,,,,,,,,,,,
169656.0,,,,,,,,,,,,,,
169657.0,,,,,,,,,,,,,,
169658.0,,,,,,,,,,,,,,
169659.0,,,,,,,,,,,,,,
169660.0,,,,,,,,,,,,,,
169661.0,,,,,,,,,,,,,,
169662.0,,,,,,,,,,,,,,
169663.0,,,,,,,,,,,,,,
169664.0,,,,,,,,,,,,,,
169665.0,,,,,,,,,,,,,,
169666.0,,,,,,,,,,,,,,
169667.0,,,,,,,,,,,,,,
169668.0,,,,,,,,,,,,,,
169669.0,,,,,,,,,,,,,,
169670.0,,,,,,,,,,,,,,
169671.0,,,,,,,,,,,,,,
169672.0,,,,,,,,,,,,,,
169673.0,,,,,,,,,,,,,,
169674.0,,,,,,,,,,,,,,
169675.0,,,,,,,,,,,,,,
169676.0,,,,,,,,,,,,,,
169677.0,,,,,,,,,,,,,,
169678.0,,,,,,,,,,,,,,
169679.0,,,,,,,,,,,,,,
169680.0,,,,,,,,,,,,,,
169681.0,,,,,,,,,,,,,,
169682.0,,,,,,,,,,,,,,
169683.0,,,,,,,,,,,,,,
169684.0,,,,,,,,,,,,,,
169685.0,,,,,,,,,,,,,,
169686.0,,,,,,,,,,,,,,
169687.0,,,,,,,,,,,,,,
169688.0,,,,,,,,,,,,,,
169689.0,,,,,,,,,,,,,,
169690.0,,,,,,,,,,,,,,
169691.0,,,,,,,,,,,,,,
169692.0,,,,,,,,,,,,,,
169693.0,,,,,,,,,,,,,,
169694.0,,,,,,,,,,,,,,
169695.0,,,,,,,,,,,,,,
169696.0,,,,,,,,,,,,,,
169697.0,,,,,,,,,,,,,,
169698.0,,,,,,,,,,,,,,
169699.0,,,,,,,,,,,,,,
169700.0,,,,,,,,,,,,,,
169701.0,,,,,,,,,,,,,,
169702.0,,,,,,,,,,,,,,
169703.0,,,,,,,,,,,,,,
169704.0,,,,,,,,,,,,,,
169705.0,,,,,,,,,,,,,,
169706.0,,,,,,,,,,,,,,
169707.0,,,,,,,,,,,,,,
169708.0,,,,,,,,,,,,,,
169709.0,,,,,,,,,,,,,,
169710.0,,,,,,,,,,,,,,
169711.0,,,,,,,,,,,,,,
169712.0,,,,,,,,,,,,,,
169713.0,,,,,,,,,,,,,,
169714.0,,,,,,,,,,,,,,
169715.0,,,,,,,,,,,,,,
169716.0,,,,,,,,,,,,,,
169717.0,,,,,,,,,,,,,,
169718.0,,,,,,,,,,,,,,
169719.0,,,,,,,,,,,,,,
169720.0,,,,,,,,,,,,,,
169721.0,,,,,,,,,,,,,,
169722.0,,,,,,,,,,,,,,
169723.0,,,,,,,,,,,,,,
169724.0,,,,,,,,,,,,,,
169725.0,,,,,,,,,,,,,,
169726.0,,,,,,,,,,,,,,
169727.0,,,,,,,,,,,,,,
169728.0,,,,,,,,,,,,,,
169729.0,,,,,,,,,,,,,,
169730.0,,,,,,,,,,,,,,
169731.0,,,,,,,,,,,,,,
169732.0,,,,,,,,,,,,,,
169733.0,,,,,,,,,,,,,,
169734.0,,,,,,,,,,,,,,
169735.0,,,,,,,,,,,,,,
169736.0,,,,,,,,,,,,,,
169737.0,,,,,,,,,,,,,,
169738.0,,,,,,,,,,,,,,
169739.0,,,,,,,,,,,,,,
169740.0,,,,,,,,,,,,,,
169741.0,,,,,,,,,,,,,,
169742.0,,,,,,,,,,,,,,
169743.0,,,,,,,,,,,,,,
169744.0,,,,,,,,,,,,,,
169745.0,,,,,,,,,,,,,,
169746.0,,,,,,,,,,,,,,
169747.0,,,,,,,,,,,,,,
169748.0,,,,,,,,,,,,,,
169749.0,,,,,,,,,,,,,,
169750.0,,,,,,,,,,,,,,
169751.0,,,,,,,,,,,,,,
169752.0,,,,,,,,,,,,,,
169753.0,,,,,,,,,,,,,,
169754.0,,,,,,,,,,,,,,
169755.0,,,,,,,,,,,,,,
169756.0,,,,,,,,,,,,,,
169757.0,,,,,,,,,,,,,,
169758.0,,,,,,,,,,,,,,
169759.0,,,,,,,,,,,,,,
169760.0,,,,,,,,,,,,,,
169761.0,,,,,,,,,,,,,,
169762.0,,,,,,,,,,,,,,
169763.0,,,,,,,,,,,,,,
169764.0,,,,,,,,,,,,,,
169765.0,,,,,,,,,,,,,,
169766.0,,,,,,,,,,,,,,
169767.0,,,,,,,,,,,,,,
169768.0,,,,,,,,,,,,,,
169769.0,,,,,,,,,,,,,,
169770.0,,,,,,,,,,,,,,
169771.0,,,,,,,,,,,,,,
169772.0,,,,,,,,,,,,,,
169773.0,,,,,,,,,,,,,,
169774.0,,,,,,,,,,,,,,
169775.0,,,,,,,,,,,,,,
169776.0,,,,,,,,,,,,,,
169777.0,,,,,,,,,,,,,,
169778.0,,,,,,,,,,,,,,
169779.0,,,,,,,,,,,,,,
169780.0,,,,,,,,,,,,,,
169781.0,,,,,,,,,,,,,,
169782.0,,,,,,,,,,,,,,
169783.0,,,,,,,,,,,,,,
169784.0,,,,,,,,,,,,,,
169785.0,,,,,,,,,,,,,,
169786.0,,,,,,,,,,,,,,
169787.0,,,,,,,,,,,,,,
169788.0,,,,,,,,,,,,,,
169789.0,,,,,,,,,,,,,,
169790.0,,,,,,,,,,,,,,
169791.0,,,,,,,,,,,,,,
169792.0,,,,,,,,,,,,,,
169793.0,,,,,,,,,,,,,,
169794.0,,,,,,,,,,,,,,
169795.0,,,,,,,,,,,,,,
169796.0,,,,,,,,,,,,,,
169797.0,,,,,,,,,,,,,,
169798.0,,,,,,,,,,,,,,
169799.0,,,,,,,,,,,,,,
169800.0,,,,,,,,,,,,,,
169801.0,,,,,,,,,,,,,,
169802.0,,,,,,,,,,,,,,
169803.0,,,,,,,,,,,,,,
169804.0,,,,,,,,,,,,,,
169805.0,,,,,,,,,,,,,,
169806.0,,,,,,,,,,,,,,
169807.0,,,,,,,,,,,,,,
169808.0,,,,,,,,,,,,,,
169809.0,,,,,,,,,,,,,,
169810.0,,,,,,,,,,,,,,
169811.0,,,,,,,,,,,,,,
169812.0,,,,,,,,,,,,,,
169813.0,,,,,,,,,,,,,,
169814.0,,,,,,,,,,,,,,
169815.0,,,,,,,,,,,,,,
169816.0,,,,,,,,,,,,,,
169817.0,,,,,,,,,,,,,,
169818.0,,,,,,,,,,,,,,
169819.0,,,,,,,,,,,,,,
169820.0,,,,,,,,,,,,,,
169821.0,,,,,,,,,,,,,,
169822.0,,,,,,,,,,,,,,
169823.0,,,,,,,,,,,,,,
169824.0,,,,,,,,,,,,,,
169825.0,,,,,,,,,,,,,,
169826.0,,,,,,,,,,,,,,
169827.0,,,,,,,,,,,,,,
169828.0,,,,,,,,,,,,,,
169829.0,,,,,,,,,,,,,,
169830.0,,,,,,,,,,,,,,
169831.0,,,,,,,,,,,,,,
169832.0,,,,,,,,,,,,,,
169833.0,,,,,,,,,,,,,,
169834.0,,,,,,,,,,,,,,
169835.0,,,,,,,,,,,,,,
169836.0,,,,,,,,,,,,,,
169837.0,,,,,,,,,,,,,,
169838.0,,,,,,,,,,,,,,
169839.0,,,,,,,,,,,,,,
169840.0,,,,,,,,,,,,,,
169841.0,,,,,,,,,,,,,,
169842.0,,,,,,,,,,,,,,
169843.0,,,,,,,,,,,,,,
169844.0,,,,,,,,,,,,,,
169845.0,,,,,,,,,,,,,,
169846.0,,,,,,,,,,,,,,
169847.0,,,,,,,,,,,,,,
169848.0,,,,,,,,,,,,,,
169849.0,,,,,,,,,,,,,,
169850.0,,,,,,,,,,,,,,
169851.0,,,,,,,,,,,,,,
169852.0,,,,,,,,,,,,,,
169853.0,,,,,,,,,,,,,,
169854.0,,,,,,,,,,,,,,
169855.0,,,,,,,,,,,,,,
169856.0,,,,,,,,,,,,,,
169857.0,,,,,,,,,,,,,,
169858.0,,,,,,,,,,,,,,
169859.0,,,,,,,,,,,,,,
169860.0,,,,,,,,,,,,,,
169861.0,,,,,,,,,,,,,,
169862.0,,,,,,,,,,,,,,
169863.0,,,,,,,,,,,,,,
169864.0,,,,,,,,,,,,,,
169865.0,,,,,,,,,,,,,,
169866.0,,,,,,,,,,,,,,
169867.0,,,,,,,,,,,,,,
169868.0,,,,,,,,,,,,,,
169869.0,,,,,,,,,,,,,,
169870.0,,,,,,,,,,,,,,
169871.0,,,,,,,,,,,,,,
169872.0,,,,,,,,,,,,,,
169873.0,,,,,,,,,,,,,,
169874.0,,,,,,,,,,,,,,
169875.0,,,,,,,,,,,,,,
169876.0,,,,,,,,,,,,,,
169877.0,,,,,,,,,,,,,,
169878.0,,,,,,,,,,,,,,
169879.0,,,,,,,,,,,,,,
169880.0,,,,,,,,,,,,,,
169881.0,,,,,,,,,,,,,,
169882.0,,,,,,,,,,,,,,
169883.0,,,,,,,,,,,,,,
169884.0,,,,,,,,,,,,,,
169885.0,,,,,,,,,,,,,,
169886.0,,,,,,,,,,,,,,
169887.0,,,,,,,,,,,,,,
169888.0,,,,,,,,,,,,,,
169889.0,,,,,,,,,,,,,,
169890.0,,,,,,,,,,,,,,
169891.0,,,,,,,,,,,,,,
169892.0,,,,,,,,,,,,,,
169893.0,,,,,,,,,,,,,,
169894.0,,,,,,,,,,,,,,
169895.0,,,,,,,,,,,,,,
169896.0,,,,,,,,,,,,,,
169897.0,,,,,,,,,,,,,,
169898.0,,,,,,,,,,,,,,
169899.0,,,,,,,,,,,,,,
169900.0,,,,,,,,,,,,,,
169901.0,,,,,,,,,,,,,,
169902.0,,,,,,,,,,,,,,
169903.0,,,,,,,,,,,,,,
169904.0,,,,,,,,,,,,,,
169905.0,,,,,,,,,,,,,,
169906.0,,,,,,,,,,,,,,
169907.0,,,,,,,,,,,,,,
169908.0,,,,,,,,,,,,,,
169909.0,,,,,,,,,,,,,,
169910.0,,,,,,,,,,,,,,
169911.0,,,,,,,,,,,,,,
169912.0,,,,,,,,,,,,,,
169913.0,,,,,,,,,,,,,,
169914.0,,,,,,,,,,,,,,
169915.0,,,,,,,,,,,,,,
169916.0,,,,,,,,,,,,,,
169917.0,,,,,,,,,,,,,,
169918.0,,,,,,,,,,,,,,
169919.0,,,,,,,,,,,,,,
169920.0,,,,,,,,,,,,,,
169921.0,,,,,,,,,,,,,,
169922.0,,,,,,,,,,,,,,
169923.0,,,,,,,,,,,,,,
169924.0,,,,,,,,,,,,,,
169925.0,,,,,,,,,,,,,,
169926.0,,,,,,,,,,,,,,
169927.0,,,,,,,,,,,,,,
169928.0,,,,,,,,,,,,,,
169929.0,,,,,,,,,,,,,,
169930.0,,,,,,,,,,,,,,
169931.0,,,,,,,,,,,,,,
169932.0,,,,,,,,,,,,,,
169933.0,,,,,,,,,,,,,,
169934.0,,,,,,,,,,,,,,
169935.0,,,,,,,,,,,,,,
169936.0,,,,,,,,,,,,,,
169937.0,,,,,,,,,,,,,,
169938.0,,,,,,,,,,,,,,
169939.0,,,,,,,,,,,,,,
169940.0,,,,,,,,,,,,,,
169941.0,,,,,,,,,,,,,,
169942.0,,,,,,,,,,,,,,
169943.0,,,,,,,,,,,,,,
169944.0,,,,,,,,,,,,,,
169945.0,,,,,,,,,,,,,,
169946.0,,,,,,,,,,,,,,
169947.0,,,,,,,,,,,,,,
169948.0,,,,,,,,,,,,,,
169949.0,,,,,,,,,,,,,,
169950.0,,,,,,,,,,,,,,
169951.0,,,,,,,,,,,,,,
169952.0,,,,,,,,,,,,,,
169953.0,,,,,,,,,,,,,,
169954.0,,,,,,,,,,,,,,
169955.0,,,,,,,,,,,,,,
169956.0,,,,,,,,,,,,,,
169957.0,,,,,,,,,,,,,,
169958.0,,,,,,,,,,,,,,
169959.0,,,,,,,,,,,,,,
169960.0,,,,,,,,,,,,,,
169961.0,,,,,,,,,,,,,,
169962.0,,,,,,,,,,,,,,
169963.0,,,,,,,,,,,,,,
169964.0,,,,,,,,,,,,,,
169965.0,,,,,,,,,,,,,,
169966.0,,,,,,,,,,,,,,
169967.0,,,,,,,,,,,,,,
169968.0,,,,,,,,,,,,,,
169969.0,,,,,,,,,,,,,,
169970.0,,,,,,,,,,,,,,
169971.0,,,,,,,,,,,,,,
169972.0,,,,,,,,,,,,,,
169973.0,,,,,,,,,,,,,,
169974.0,,,,,,,,,,,,,,
169975.0,,,,,,,,,,,,,,
169976.0,,,,,,,,,,,,,,
169977.0,,,,,,,,,,,,,,
169978.0,,,,,,,,,,,,,,
169979.0,,,,,,,,,,,,,,
169980.0,,,,,,,,,,,,,,
169981.0,,,,,,,,,,,,,,
169982.0,,,,,,,,,,,,,,
169983.0,,,,,,,,,,,,,,
169984.0,,,,,,,,,,,,,,
169985.0,,,,,,,,,,,,,,
169986.0,,,,,,,,,,,,,,
169987.0,,,,,,,,,,,,,,
169988.0,,,,,,,,,,,,,,
169989.0,,,,,,,,,,,,,,
169990.0,,,,,,,,,,,,,,
169991.0,,,,,,,,,,,,,,
169992.0,,,,,,,,,,,,,,
169993.0,,,,,,,,,,,,,,
169994.0,,,,,,,,,,,,,,
169995.0,,,,,,,,,,,,,,
169996.0,,,,,,,,,,,,,,
169997.0,,,,,,,,,,,,,,
169998.0,,,,,,,,,,,,,,
169999.0,,,,,,,,,,,,,,
170000.0,,,,,,,,,,,,,,
170001.0,,,,,,,,,,,,,,
170002.0,,,,,,,,,,,,,,
170003.0,,,,,,,,,,,,,,
170004.0,,,,,,,,,,,,,,
170005.0,,,,,,,,,,,,,,
170006.0,,,,,,,,,,,,,,
170007.0,,,,,,,,,,,,,,
170008.0,,,,,,,,,,,,,,
170009.0,,,,,,,,,,,,,,
170010.0,,,,,,,,,,,,,,
170011.0,,,,,,,,,,,,,,
170012.0,,,,,,,,,,,,,,
170013.0,,,,,,,,,,,,,,
170014.0,,,,,,,,,,,,,,
170015.0,,,,,,,,,,,,,,
170016.0,,,,,,,,,,,,,,
170017.0,,,,,,,,,,,,,,
170018.0,,,,,,,,,,,,,,
170019.0,,,,,,,,,,,,,,
170020.0,,,,,,,,,,,,,,
170021.0,,,,,,,,,,,,,,
170022.0,,,,,,,,,,,,,,
170023.0,,,,,,,,,,,,,,
170024.0,,,,,,,,,,,,,,
170025.0,,,,,,,,,,,,,,
170026.0,,,,,,,,,,,,,,
170027.0,,,,,,,,,,,,,,
170028.0,,,,,,,,,,,,,,
170029.0,,,,,,,,,,,,,,
170030.0,,,,,,,,,,,,,,
170031.0,,,,,,,,,,,,,,
170032.0,,,,,,,,,,,,,,
170033.0,,,,,,,,,,,,,,
170034.0,,,,,,,,,,,,,,
170035.0,,,,,,,,,,,,,,
170036.0,,,,,,,,,,,,,,
170037.0,,,,,,,,,,,,,,
170038.0,,,,,,,,,,,,,,
170039.0,,,,,,,,,,,,,,
170040.0,,,,,,,,,,,,,,
170041.0,,,,,,,,,,,,,,
170042.0,,,,,,,,,,,,,,
170043.0,,,,,,,,,,,,,,
170044.0,,,,,,,,,,,,,,
170045.0,,,,,,,,,,,,,,
170046.0,,,,,,,,,,,,,,
170047.0,,,,,,,,,,,,,,
170048.0,,,,,,,,,,,,,,
170049.0,,,,,,,,,,,,,,
170050.0,,,,,,,,,,,,,,
170051.0,,,,,,,,,,,,,,
170052.0,,,,,,,,,,,,,,
170053.0,,,,,,,,,,,,,,
170054.0,,,,,,,,,,,,,,
170055.0,,,,,,,,,,,,,,
170056.0,,,,,,,,,,,,,,
170057.0,,,,,,,,,,,,,,
170058.0,,,,,,,,,,,,,,
170059.0,,,,,,,,,,,,,,
170060.0,,,,,,,,,,,,,,
170061.0,,,,,,,,,,,,,,
170062.0,,,,,,,,,,,,,,
170063.0,,,,,,,,,,,,,,
170064.0,,,,,,,,,,,,,,
170065.0,,,,,,,,,,,,,,
170066.0,,,,,,,,,,,,,,
170067.0,,,,,,,,,,,,,,
170068.0,,,,,,,,,,,,,,
170069.0,,,,,,,,,,,,,,
170070.0,,,,,,,,,,,,,,
170071.0,,,,,,,,,,,,,,
170072.0,,,,,,,,,,,,,,
170073.0,,,,,,,,,,,,,,
170074.0,,,,,,,,,,,,,,
170075.0,,,,,,,,,,,,,,
170076.0,,,,,,,,,,,,,,
170077.0,,,,,,,,,,,,,,
170078.0,,,,,,,,,,,,,,
170079.0,,,,,,,,,,,,,,
170080.0,,,,,,,,,,,,,,
170081.0,,,,,,,,,,,,,,
170082.0,,,,,,,,,,,,,,
170083.0,,,,,,,,,,,,,,
170084.0,,,,,,,,,,,,,,
170085.0,,,,,,,,,,,,,,
170086.0,,,,,,,,,,,,,,
170087.0,,,,,,,,,,,,,,
170088.0,,,,,,,,,,,,,,
170089.0,,,,,,,,,,,,,,
170090.0,,,,,,,,,,,,,,
170091.0,,,,,,,,,,,,,,
170092.0,,,,,,,,,,,,,,
170093.0,,,,,,,,,,,,,,
170094.0,,,,,,,,,,,,,,
170095.0,,,,,,,,,,,,,,
170096.0,,,,,,,,,,,,,,
170097.0,,,,,,,,,,,,,,
170098.0,,,,,,,,,,,,,,
170099.0,,,,,,,,,,,,,,
170100.0,,,,,,,,,,,,,,
170101.0,,,,,,,,,,,,,,
170102.0,,,,,,,,,,,,,,
170103.0,,,,,,,,,,,,,,
170104.0,,,,,,,,,,,,,,
170105.0,,,,,,,,,,,,,,
170106.0,,,,,,,,,,,,,,
170107.0,,,,,,,,,,,,,,
170108.0,,,,,,,,,,,,,,
170109.0,,,,,,,,,,,,,,
170110.0,,,,,,,,,,,,,,
170111.0,,,,,,,,,,,,,,
170112.0,,,,,,,,,,,,,,
170113.0,,,,,,,,,,,,,,
170114.0,,,,,,,,,,,,,,
170115.0,,,,,,,,,,,,,,
170116.0,,,,,,,,,,,,,,
170117.0,,,,,,,,,,,,,,
170118.0,,,,,,,,,,,,,,
170119.0,,,,,,,,,,,,,,
170120.0,,,,,,,,,,,,,,
170121.0,,,,,,,,,,,,,,
170122.0,,,,,,,,,,,,,,
170123.0,,,,,,,,,,,,,,
170124.0,,,,,,,,,,,,,,
170125.0,,,,,,,,,,,,,,
170126.0,,,,,,,,,,,,,,
170127.0,,,,,,,,,,,,,,
170128.0,,,,,,,,,,,,,,
170129.0,,,,,,,,,,,,,,
170130.0,,,,,,,,,,,,,,
170131.0,,,,,,,,,,,,,,
170132.0,,,,,,,,,,,,,,
170133.0,,,,,,,,,,,,,,
170134.0,,,,,,,,,,,,,,
170135.0,,,,,,,,,,,,,,
170136.0,,,,,,,,,,,,,,
170137.0,,,,,,,,,,,,,,
170138.0,,,,,,,,,,,,,,
170139.0,,,,,,,,,,,,,,
170140.0,,,,,,,,,,,,,,
170141.0,,,,,,,,,,,,,,
170142.0,,,,,,,,,,,,,,
170143.0,,,,,,,,,,,,,,
170144.0,,,,,,,,,,,,,,
170145.0,,,,,,,,,,,,,,
170146.0,,,,,,,,,,,,,,
170147.0,,,,,,,,,,,,,,
170148.0,,,,,,,,,,,,,,
170149.0,,,,,,,,,,,,,,
170150.0,,,,,,,,,,,,,,
170151.0,,,,,,,,,,,,,,
170152.0,,,,,,,,,,,,,,
170153.0,,,,,,,,,,,,,,
170154.0,,,,,,,,,,,,,,
170155.0,,,,,,,,,,,,,,
170156.0,,,,,,,,,,,,,,
170157.0,,,,,,,,,,,,,,
170158.0,,,,,,,,,,,,,,
170159.0,,,,,,,,,,,,,,
170160.0,,,,,,,,,,,,,,
170161.0,,,,,,,,,,,,,,
170162.0,,,,,,,,,,,,,,
170163.0,,,,,,,,,,,,,,
170164.0,,,,,,,,,,,,,,
170165.0,,,,,,,,,,,,,,
170166.0,,,,,,,,,,,,,,
170167.0,,,,,,,,,,,,,,
170168.0,,,,,,,,,,,,,,
170169.0,,,,,,,,,,,,,,
170170.0,,,,,,,,,,,,,,
170171.0,,,,,,,,,,,,,,
170172.0,,,,,,,,,,,,,,
170173.0,,,,,,,,,,,,,,
170174.0,,,,,,,,,,,,,,
170175.0,,,,,,,,,,,,,,
170176.0,,,,,,,,,,,,,,
170177.0,,,,,,,,,,,,,,
170178.0,,,,,,,,,,,,,,
170179.0,,,,,,,,,,,,,,
170180.0,,,,,,,,,,,,,,
170181.0,,,,,,,,,,,,,,
170182.0,,,,,,,,,,,,,,
170183.0,,,,,,,,,,,,,,
170184.0,,,,,,,,,,,,,,
170185.0,,,,,,,,,,,,,,
170186.0,,,,,,,,,,,,,,
170187.0,,,,,,,,,,,,,,
170188.0,,,,,,,,,,,,,,
170189.0,,,,,,,,,,,,,,
170190.0,,,,,,,,,,,,,,
170191.0,,,,,,,,,,,,,,
170192.0,,,,,,,,,,,,,,
170193.0,,,,,,,,,,,,,,
170194.0,,,,,,,,,,,,,,
170195.0,,,,,,,,,,,,,,
170196.0,,,,,,,,,,,,,,
170197.0,,,,,,,,,,,,,,
170198.0,,,,,,,,,,,,,,
170199.0,,,,,,,,,,,,,,
170200.0,,,,,,,,,,,,,,
170201.0,,,,,,,,,,,,,,
170202.0,,,,,,,,,,,,,,
170203.0,,,,,,,,,,,,,,
170204.0,,,,,,,,,,,,,,
170205.0,,,,,,,,,,,,,,
170206.0,,,,,,,,,,,,,,
170207.0,,,,,,,,,,,,,,
170208.0,,,,,,,,,,,,,,
170209.0,,,,,,,,,,,,,,
170210.0,,,,,,,,,,,,,,
170211.0,,,,,,,,,,,,,,
170212.0,,,,,,,,,,,,,,
170213.0,,,,,,,,,,,,,,
170214.0,,,,,,,,,,,,,,
170215.0,,,,,,,,,,,,,,
170216.0,,,,,,,,,,,,,,
170217.0,,,,,,,,,,,,,,
170218.0,,,,,,,,,,,,,,
170219.0,,,,,,,,,,,,,,
170220.0,,,,,,,,,,,,,,
170221.0,,,,,,,,,,,,,,
170222.0,,,,,,,,,,,,,,
170223.0,,,,,,,,,,,,,,
170224.0,,,,,,,,,,,,,,
170225.0,,,,,,,,,,,,,,
170226.0,,,,,,,,,,,,,,
170227.0,,,,,,,,,,,,,,
170228.0,,,,,,,,,,,,,,
170229.0,,,,,,,,,,,,,,
170230.0,,,,,,,,,,,,,,
170231.0,,,,,,,,,,,,,,
170232.0,,,,,,,,,,,,,,
170233.0,,,,,,,,,,,,,,
170234.0,,,,,,,,,,,,,,
170235.0,,,,,,,,,,,,,,
170236.0,,,,,,,,,,,,,,
170237.0,,,,,,,,,,,,,,
170238.0,,,,,,,,,,,,,,
170239.0,,,,,,,,,,,,,,
170240.0,,,,,,,,,,,,,,
170241.0,,,,,,,,,,,,,,
170242.0,,,,,,,,,,,,,,
170243.0,,,,,,,,,,,,,,
170244.0,,,,,,,,,,,,,,
170245.0,,,,,,,,,,,,,,
170246.0,,,,,,,,,,,,,,
170247.0,,,,,,,,,,,,,,
170248.0,,,,,,,,,,,,,,
170249.0,,,,,,,,,,,,,,
170250.0,,,,,,,,,,,,,,
170251.0,,,,,,,,,,,,,,
170252.0,,,,,,,,,,,,,,
170253.0,,,,,,,,,,,,,,
170254.0,,,,,,,,,,,,,,
170255.0,,,,,,,,,,,,,,
170256.0,,,,,,,,,,,,,,
170257.0,,,,,,,,,,,,,,
170258.0,,,,,,,,,,,,,,
170259.0,,,,,,,,,,,,,,
170260.0,,,,,,,,,,,,,,
170261.0,,,,,,,,,,,,,,
170262.0,,,,,,,,,,,,,,
170263.0,,,,,,,,,,,,,,
170264.0,,,,,,,,,,,,,,
170265.0,,,,,,,,,,,,,,
170266.0,,,,,,,,,,,,,,
170267.0,,,,,,,,,,,,,,
170268.0,,,,,,,,,,,,,,
170269.0,,,,,,,,,,,,,,
170270.0,,,,,,,,,,,,,,
170271.0,,,,,,,,,,,,,,
170272.0,,,,,,,,,,,,,,
170273.0,,,,,,,,,,,,,,
170274.0,,,,,,,,,,,,,,
170275.0,,,,,,,,,,,,,,
170276.0,,,,,,,,,,,,,,
170277.0,,,,,,,,,,,,,,
170278.0,,,,,,,,,,,,,,
170279.0,,,,,,,,,,,,,,
170280.0,,,,,,,,,,,,,,
170281.0,,,,,,,,,,,,,,
170282.0,,,,,,,,,,,,,,
170283.0,,,,,,,,,,,,,,
170284.0,,,,,,,,,,,,,,
170285.0,,,,,,,,,,,,,,
170286.0,,,,,,,,,,,,,,
170287.0,,,,,,,,,,,,,,
170288.0,,,,,,,,,,,,,,
170289.0,,,,,,,,,,,,,,
170290.0,,,,,,,,,,,,,,
170291.0,,,,,,,,,,,,,,
170292.0,,,,,,,,,,,,,,
170293.0,,,,,,,,,,,,,,
170294.0,,,,,,,,,,,,,,
170295.0,,,,,,,,,,,,,,
170296.0,,,,,,,,,,,,,,
170297.0,,,,,,,,,,,,,,
170298.0,,,,,,,,,,,,,,
170299.0,,,,,,,,,,,,,,
170300.0,,,,,,,,,,,,,,
170301.0,,,,,,,,,,,,,,
170302.0,,,,,,,,,,,,,,
170303.0,,,,,,,,,,,,,,
170304.0,,,,,,,,,,,,,,
170305.0,,,,,,,,,,,,,,
170306.0,,,,,,,,,,,,,,
170307.0,,,,,,,,,,,,,,
170308.0,,,,,,,,,,,,,,
170309.0,,,,,,,,,,,,,,
170310.0,,,,,,,,,,,,,,
170311.0,,,,,,,,,,,,,,
170312.0,,,,,,,,,,,,,,
170313.0,,,,,,,,,,,,,,
170314.0,,,,,,,,,,,,,,
170315.0,,,,,,,,,,,,,,
170316.0,,,,,,,,,,,,,,
170317.0,,,,,,,,,,,,,,
170318.0,,,,,,,,,,,,,,
170319.0,,,,,,,,,,,,,,
170320.0,,,,,,,,,,,,,,
170321.0,,,,,,,,,,,,,,
170322.0,,,,,,,,,,,,,,
170323.0,,,,,,,,,,,,,,
170324.0,,,,,,,,,,,,,,
170325.0,,,,,,,,,,,,,,
170326.0,,,,,,,,,,,,,,
170327.0,,,,,,,,,,,,,,
170328.0,,,,,,,,,,,,,,
170329.0,,,,,,,,,,,,,,
170330.0,,,,,,,,,,,,,,
170331.0,,,,,,,,,,,,,,
170332.0,,,,,,,,,,,,,,
170333.0,,,,,,,,,,,,,,
170334.0,,,,,,,,,,,,,,
170335.0,,,,,,,,,,,,,,
170336.0,,,,,,,,,,,,,,
170337.0,,,,,,,,,,,,,,
170338.0,,,,,,,,,,,,,,
170339.0,,,,,,,,,,,,,,
170340.0,,,,,,,,,,,,,,
170341.0,,,,,,,,,,,,,,
170342.0,,,,,,,,,,,,,,
170343.0,,,,,,,,,,,,,,
170344.0,,,,,,,,,,,,,,
170345.0,,,,,,,,,,,,,,
170346.0,,,,,,,,,,,,,,
170347.0,,,,,,,,,,,,,,
170348.0,,,,,,,,,,,,,,
170349.0,,,,,,,,,,,,,,
170350.0,,,,,,,,,,,,,,
170351.0,,,,,,,,,,,,,,
170352.0,,,,,,,,,,,,,,
170353.0,,,,,,,,,,,,,,
170354.0,,,,,,,,,,,,,,
170355.0,,,,,,,,,,,,,,
170356.0,,,,,,,,,,,,,,
170357.0,,,,,,,,,,,,,,
170358.0,,,,,,,,,,,,,,
170359.0,,,,,,,,,,,,,,
170360.0,,,,,,,,,,,,,,
170361.0,,,,,,,,,,,,,,
170362.0,,,,,,,,,,,,,,
170363.0,,,,,,,,,,,,,,
170364.0,,,,,,,,,,,,,,
170365.0,,,,,,,,,,,,,,
170366.0,,,,,,,,,,,,,,
170367.0,,,,,,,,,,,,,,
170368.0,,,,,,,,,,,,,,
170369.0,,,,,,,,,,,,,,
170370.0,,,,,,,,,,,,,,
170371.0,,,,,,,,,,,,,,
170372.0,,,,,,,,,,,,,,
170373.0,,,,,,,,,,,,,,
170374.0,,,,,,,,,,,,,,
170375.0,,,,,,,,,,,,,,
170376.0,,,,,,,,,,,,,,
170377.0,,,,,,,,,,,,,,
170378.0,,,,,,,,,,,,,,
170379.0,,,,,,,,,,,,,,
170380.0,,,,,,,,,,,,,,
170381.0,,,,,,,,,,,,,,
170382.0,,,,,,,,,,,,,,
170383.0,,,,,,,,,,,,,,
170384.0,,,,,,,,,,,,,,
170385.0,,,,,,,,,,,,,,
170386.0,,,,,,,,,,,,,,
170387.0,,,,,,,,,,,,,,
170388.0,,,,,,,,,,,,,,
170389.0,,,,,,,,,,,,,,
170390.0,,,,,,,,,,,,,,
170391.0,,,,,,,,,,,,,,
170392.0,,,,,,,,,,,,,,
170393.0,,,,,,,,,,,,,,
170394.0,,,,,,,,,,,,,,
170395.0,,,,,,,,,,,,,,
170396.0,,,,,,,,,,,,,,
170397.0,,,,,,,,,,,,,,
170398.0,,,,,,,,,,,,,,
170399.0,,,,,,,,,,,,,,
170400.0,,,,,,,,,,,,,,
170401.0,,,,,,,,,,,,,,
170402.0,,,,,,,,,,,,,,
170403.0,,,,,,,,,,,,,,
170404.0,,,,,,,,,,,,,,
170405.0,,,,,,,,,,,,,,
170406.0,,,,,,,,,,,,,,
170407.0,,,,,,,,,,,,,,
170408.0,,,,,,,,,,,,,,
170409.0,,,,,,,,,,,,,,
170410.0,,,,,,,,,,,,,,
170411.0,,,,,,,,,,,,,,
170412.0,,,,,,,,,,,,,,
170413.0,,,,,,,,,,,,,,
170414.0,,,,,,,,,,,,,,
170415.0,,,,,,,,,,,,,,
170416.0,,,,,,,,,,,,,,
170417.0,,,,,,,,,,,,,,
170418.0,,,,,,,,,,,,,,
170419.0,,,,,,,,,,,,,,
170420.0,,,,,,,,,,,,,,
170421.0,,,,,,,,,,,,,,
170422.0,,,,,,,,,,,,,,
170423.0,,,,,,,,,,,,,,
170424.0,,,,,,,,,,,,,,
170425.0,,,,,,,,,,,,,,
170426.0,,,,,,,,,,,,,,
170427.0,,,,,,,,,,,,,,
170428.0,,,,,,,,,,,,,,
170429.0,,,,,,,,,,,,,,
170430.0,,,,,,,,,,,,,,
170431.0,,,,,,,,,,,,,,
170432.0,,,,,,,,,,,,,,
170433.0,,,,,,,,,,,,,,
170434.0,,,,,,,,,,,,,,
170435.0,,,,,,,,,,,,,,
170436.0,,,,,,,,,,,,,,
170437.0,,,,,,,,,,,,,,
170438.0,,,,,,,,,,,,,,
170439.0,,,,,,,,,,,,,,
170440.0,,,,,,,,,,,,,,
170441.0,,,,,,,,,,,,,,
170442.0,,,,,,,,,,,,,,
170443.0,,,,,,,,,,,,,,
170444.0,,,,,,,,,,,,,,
170445.0,,,,,,,,,,,,,,
170446.0,,,,,,,,,,,,,,
170447.0,,,,,,,,,,,,,,
170448.0,,,,,,,,,,,,,,
170449.0,,,,,,,,,,,,,,
170450.0,,,,,,,,,,,,,,
170451.0,,,,,,,,,,,,,,
170452.0,,,,,,,,,,,,,,
170453.0,,,,,,,,,,,,,,
170454.0,,,,,,,,,,,,,,
170455.0,,,,,,,,,,,,,,
170456.0,,,,,,,,,,,,,,
170457.0,,,,,,,,,,,,,,
170458.0,,,,,,,,,,,,,,
170459.0,,,,,,,,,,,,,,
170460.0,,,,,,,,,,,,,,
170461.0,,,,,,,,,,,,,,
170462.0,,,,,,,,,,,,,,
170463.0,,,,,,,,,,,,,,
170464.0,,,,,,,,,,,,,,
170465.0,,,,,,,,,,,,,,
170466.0,,,,,,,,,,,,,,
170467.0,,,,,,,,,,,,,,
170468.0,,,,,,,,,,,,,,
170469.0,,,,,,,,,,,,,,
170470.0,,,,,,,,,,,,,,
170471.0,,,,,,,,,,,,,,
170472.0,,,,,,,,,,,,,,
170473.0,,,,,,,,,,,,,,
170474.0,,,,,,,,,,,,,,
170475.0,,,,,,,,,,,,,,
170476.0,,,,,,,,,,,,,,
170477.0,,,,,,,,,,,,,,
170478.0,,,,,,,,,,,,,,
170479.0,,,,,,,,,,,,,,
170480.0,,,,,,,,,,,,,,
170481.0,,,,,,,,,,,,,,
170482.0,,,,,,,,,,,,,,
170483.0,,,,,,,,,,,,,,
170484.0,,,,,,,,,,,,,,
170485.0,,,,,,,,,,,,,,
170486.0,,,,,,,,,,,,,,
170487.0,,,,,,,,,,,,,,
170488.0,,,,,,,,,,,,,,
170489.0,,,,,,,,,,,,,,
170490.0,,,,,,,,,,,,,,
170491.0,,,,,,,,,,,,,,
170492.0,,,,,,,,,,,,,,
170493.0,,,,,,,,,,,,,,
170494.0,,,,,,,,,,,,,,
170495.0,,,,,,,,,,,,,,
170496.0,,,,,,,,,,,,,,
170497.0,,,,,,,,,,,,,,
170498.0,,,,,,,,,,,,,,
170499.0,,,,,,,,,,,,,,
170500.0,,,,,,,,,,,,,,
170501.0,,,,,,,,,,,,,,
170502.0,,,,,,,,,,,,,,
170503.0,,,,,,,,,,,,,,
170504.0,,,,,,,,,,,,,,
170505.0,,,,,,,,,,,,,,
170506.0,,,,,,,,,,,,,,
170507.0,,,,,,,,,,,,,,
170508.0,,,,,,,,,,,,,,
170509.0,,,,,,,,,,,,,,
170510.0,,,,,,,,,,,,,,
170511.0,,,,,,,,,,,,,,
170512.0,,,,,,,,,,,,,,
170513.0,,,,,,,,,,,,,,
170514.0,,,,,,,,,,,,,,
170515.0,,,,,,,,,,,,,,
170516.0,,,,,,,,,,,,,,
170517.0,,,,,,,,,,,,,,
170518.0,,,,,,,,,,,,,,
170519.0,,,,,,,,,,,,,,
170520.0,,,,,,,,,,,,,,
170521.0,,,,,,,,,,,,,,
170522.0,,,,,,,,,,,,,,
170523.0,,,,,,,,,,,,,,
170524.0,,,,,,,,,,,,,,
170525.0,,,,,,,,,,,,,,
170526.0,,,,,,,,,,,,,,
170527.0,,,,,,,,,,,,,,
170528.0,,,,,,,,,,,,,,
170529.0,,,,,,,,,,,,,,
170530.0,,,,,,,,,,,,,,
170531.0,,,,,,,,,,,,,,
170532.0,,,,,,,,,,,,,,
170533.0,,,,,,,,,,,,,,
170534.0,,,,,,,,,,,,,,
170535.0,,,,,,,,,,,,,,
170536.0,,,,,,,,,,,,,,
170537.0,,,,,,,,,,,,,,
170538.0,,,,,,,,,,,,,,
170539.0,,,,,,,,,,,,,,
170540.0,,,,,,,,,,,,,,
170541.0,,,,,,,,,,,,,,
170542.0,,,,,,,,,,,,,,
170543.0,,,,,,,,,,,,,,
170544.0,,,,,,,,,,,,,,
170545.0,,,,,,,,,,,,,,
170546.0,,,,,,,,,,,,,,
170547.0,,,,,,,,,,,,,,
170548.0,,,,,,,,,,,,,,
170549.0,,,,,,,,,,,,,,
170550.0,,,,,,,,,,,,,,
170551.0,,,,,,,,,,,,,,
170552.0,,,,,,,,,,,,,,
170553.0,,,,,,,,,,,,,,
170554.0,,,,,,,,,,,,,,
170555.0,,,,,,,,,,,,,,
170556.0,,,,,,,,,,,,,,
170557.0,,,,,,,,,,,,,,
170558.0,,,,,,,,,,,,,,
170559.0,,,,,,,,,,,,,,
170560.0,,,,,,,,,,,,,,
170561.0,,,,,,,,,,,,,,
170562.0,,,,,,,,,,,,,,
170563.0,,,,,,,,,,,,,,
170564.0,,,,,,,,,,,,,,
170565.0,,,,,,,,,,,,,,
170566.0,,,,,,,,,,,,,,
170567.0,,,,,,,,,,,,,,
170568.0,,,,,,,,,,,,,,
170569.0,,,,,,,,,,,,,,
170570.0,,,,,,,,,,,,,,
170571.0,,,,,,,,,,,,,,
170572.0,,,,,,,,,,,,,,
170573.0,,,,,,,,,,,,,,
170574.0,,,,,,,,,,,,,,
170575.0,,,,,,,,,,,,,,
170576.0,,,,,,,,,,,,,,
170577.0,,,,,,,,,,,,,,
170578.0,,,,,,,,,,,,,,
170579.0,,,,,,,,,,,,,,
170580.0,,,,,,,,,,,,,,
170581.0,,,,,,,,,,,,,,
170582.0,,,,,,,,,,,,,,
170583.0,,,,,,,,,,,,,,
170584.0,,,,,,,,,,,,,,
170585.0,,,,,,,,,,,,,,
170586.0,,,,,,,,,,,,,,
170587.0,,,,,,,,,,,,,,
170588.0,,,,,,,,,,,,,,
170589.0,,,,,,,,,,,,,,
170590.0,,,,,,,,,,,,,,
170591.0,,,,,,,,,,,,,,
170592.0,,,,,,,,,,,,,,
170593.0,,,,,,,,,,,,,,
170594.0,,,,,,,,,,,,,,
170595.0,,,,,,,,,,,,,,
170596.0,,,,,,,,,,,,,,
170597.0,,,,,,,,,,,,,,
170598.0,,,,,,,,,,,,,,
170599.0,,,,,,,,,,,,,,
170600.0,,,,,,,,,,,,,,
170601.0,,,,,,,,,,,,,,
170602.0,,,,,,,,,,,,,,
170603.0,,,,,,,,,,,,,,
170604.0,,,,,,,,,,,,,,
170605.0,,,,,,,,,,,,,,
170606.0,,,,,,,,,,,,,,
170607.0,,,,,,,,,,,,,,
170608.0,,,,,,,,,,,,,,
170609.0,,,,,,,,,,,,,,
170610.0,,,,,,,,,,,,,,
170611.0,,,,,,,,,,,,,,
170612.0,,,,,,,,,,,,,,
170613.0,,,,,,,,,,,,,,
170614.0,,,,,,,,,,,,,,
170615.0,,,,,,,,,,,,,,
170616.0,,,,,,,,,,,,,,
170617.0,,,,,,,,,,,,,,
170618.0,,,,,,,,,,,,,,
170619.0,,,,,,,,,,,,,,
170620.0,,,,,,,,,,,,,,
170621.0,,,,,,,,,,,,,,
170622.0,,,,,,,,,,,,,,
170623.0,,,,,,,,,,,,,,
170624.0,,,,,,,,,,,,,,
170625.0,,,,,,,,,,,,,,
170626.0,,,,,,,,,,,,,,
170627.0,,,,,,,,,,,,,,
170628.0,,,,,,,,,,,,,,
170629.0,,,,,,,,,,,,,,
170630.0,,,,,,,,,,,,,,
170631.0,,,,,,,,,,,,,,
170632.0,,,,,,,,,,,,,,
170633.0,,,,,,,,,,,,,,
170634.0,,,,,,,,,,,,,,
170635.0,,,,,,,,,,,,,,
170636.0,,,,,,,,,,,,,,
170637.0,,,,,,,,,,,,,,
170638.0,,,,,,,,,,,,,,
170639.0,,,,,,,,,,,,,,
170640.0,,,,,,,,,,,,,,
170641.0,,,,,,,,,,,,,,
170642.0,,,,,,,,,,,,,,
170643.0,,,,,,,,,,,,,,
170644.0,,,,,,,,,,,,,,
170645.0,,,,,,,,,,,,,,
170646.0,,,,,,,,,,,,,,
170647.0,,,,,,,,,,,,,,
170648.0,,,,,,,,,,,,,,
170649.0,,,,,,,,,,,,,,
170650.0,,,,,,,,,,,,,,
170651.0,,,,,,,,,,,,,,
170652.0,,,,,,,,,,,,,,
170653.0,,,,,,,,,,,,,,
170654.0,,,,,,,,,,,,,,
170655.0,,,,,,,,,,,,,,
170656.0,,,,,,,,,,,,,,
170657.0,,,,,,,,,,,,,,
170658.0,,,,,,,,,,,,,,
170659.0,,,,,,,,,,,,,,
170660.0,,,,,,,,,,,,,,
170661.0,,,,,,,,,,,,,,
170662.0,,,,,,,,,,,,,,
170663.0,,,,,,,,,,,,,,
170664.0,,,,,,,,,,,,,,
170665.0,,,,,,,,,,,,,,
170666.0,,,,,,,,,,,,,,
170667.0,,,,,,,,,,,,,,
170668.0,,,,,,,,,,,,,,
170669.0,,,,,,,,,,,,,,
170670.0,,,,,,,,,,,,,,
170671.0,,,,,,,,,,,,,,
170672.0,,,,,,,,,,,,,,
170673.0,,,,,,,,,,,,,,
170674.0,,,,,,,,,,,,,,
170675.0,,,,,,,,,,,,,,
170676.0,,,,,,,,,,,,,,
170677.0,,,,,,,,,,,,,,
170678.0,,,,,,,,,,,,,,
170679.0,,,,,,,,,,,,,,
170680.0,,,,,,,,,,,,,,
170681.0,,,,,,,,,,,,,,
170682.0,,,,,,,,,,,,,,
170683.0,,,,,,,,,,,,,,
170684.0,,,,,,,,,,,,,,
170685.0,,,,,,,,,,,,,,
170686.0,,,,,,,,,,,,,,
170687.0,,,,,,,,,,,,,,
170688.0,,,,,,,,,,,,,,
170689.0,,,,,,,,,,,,,,
170690.0,,,,,,,,,,,,,,
170691.0,,,,,,,,,,,,,,
170692.0,,,,,,,,,,,,,,
170693.0,,,,,,,,,,,,,,
170694.0,,,,,,,,,,,,,,
170695.0,,,,,,,,,,,,,,
170696.0,,,,,,,,,,,,,,
170697.0,,,,,,,,,,,,,,
170698.0,,,,,,,,,,,,,,
170699.0,,,,,,,,,,,,,,
170700.0,,,,,,,,,,,,,,
170701.0,,,,,,,,,,,,,,
170702.0,,,,,,,,,,,,,,
170703.0,,,,,,,,,,,,,,
170704.0,,,,,,,,,,,,,,
170705.0,,,,,,,,,,,,,,
170706.0,,,,,,,,,,,,,,
170707.0,,,,,,,,,,,,,,
170708.0,,,,,,,,,,,,,,
170709.0,,,,,,,,,,,,,,
170710.0,,,,,,,,,,,,,,
170711.0,,,,,,,,,,,,,,
170712.0,,,,,,,,,,,,,,
170713.0,,,,,,,,,,,,,,
170714.0,,,,,,,,,,,,,,
170715.0,,,,,,,,,,,,,,
170716.0,,,,,,,,,,,,,,
170717.0,,,,,,,,,,,,,,
170718.0,,,,,,,,,,,,,,
170719.0,,,,,,,,,,,,,,
170720.0,,,,,,,,,,,,,,
170721.0,,,,,,,,,,,,,,
170722.0,,,,,,,,,,,,,,
170723.0,,,,,,,,,,,,,,
170724.0,,,,,,,,,,,,,,
170725.0,,,,,,,,,,,,,,
170726.0,,,,,,,,,,,,,,
170727.0,,,,,,,,,,,,,,
170728.0,,,,,,,,,,,,,,
170729.0,,,,,,,,,,,,,,
170730.0,,,,,,,,,,,,,,
170731.0,,,,,,,,,,,,,,
170732.0,,,,,,,,,,,,,,
170733.0,,,,,,,,,,,,,,
170734.0,,,,,,,,,,,,,,
170735.0,,,,,,,,,,,,,,
170736.0,,,,,,,,,,,,,,
170737.0,,,,,,,,,,,,,,
170738.0,,,,,,,,,,,,,,
170739.0,,,,,,,,,,,,,,
170740.0,,,,,,,,,,,,,,
170741.0,,,,,,,,,,,,,,
170742.0,,,,,,,,,,,,,,
170743.0,,,,,,,,,,,,,,
170744.0,,,,,,,,,,,,,,
170745.0,,,,,,,,,,,,,,
170746.0,,,,,,,,,,,,,,
170747.0,,,,,,,,,,,,,,
170748.0,,,,,,,,,,,,,,
170749.0,,,,,,,,,,,,,,
170750.0,,,,,,,,,,,,,,
170751.0,,,,,,,,,,,,,,
170752.0,,,,,,,,,,,,,,
170753.0,,,,,,,,,,,,,,
170754.0,,,,,,,,,,,,,,
170755.0,,,,,,,,,,,,,,
170756.0,,,,,,,,,,,,,,
170757.0,,,,,,,,,,,,,,
170758.0,,,,,,,,,,,,,,
170759.0,,,,,,,,,,,,,,
170760.0,,,,,,,,,,,,,,
170761.0,,,,,,,,,,,,,,
170762.0,,,,,,,,,,,,,,
170763.0,,,,,,,,,,,,,,
170764.0,,,,,,,,,,,,,,
170765.0,,,,,,,,,,,,,,
170766.0,,,,,,,,,,,,,,
170767.0,,,,,,,,,,,,,,
170768.0,,,,,,,,,,,,,,
170769.0,,,,,,,,,,,,,,
170770.0,,,,,,,,,,,,,,
170771.0,,,,,,,,,,,,,,
170772.0,,,,,,,,,,,,,,
170773.0,,,,,,,,,,,,,,
170774.0,,,,,,,,,,,,,,
170775.0,,,,,,,,,,,,,,
170776.0,,,,,,,,,,,,,,
170777.0,,,,,,,,,,,,,,
170778.0,,,,,,,,,,,,,,
170779.0,,,,,,,,,,,,,,
170780.0,,,,,,,,,,,,,,
170781.0,,,,,,,,,,,,,,
170782.0,,,,,,,,,,,,,,
170783.0,,,,,,,,,,,,,,
170784.0,,,,,,,,,,,,,,
170785.0,,,,,,,,,,,,,,
170786.0,,,,,,,,,,,,,,
170787.0,,,,,,,,,,,,,,
170788.0,,,,,,,,,,,,,,
170789.0,,,,,,,,,,,,,,
170790.0,,,,,,,,,,,,,,
170791.0,,,,,,,,,,,,,,
170792.0,,,,,,,,,,,,,,
170793.0,,,,,,,,,,,,,,
170794.0,,,,,,,,,,,,,,
170795.0,,,,,,,,,,,,,,
170796.0,,,,,,,,,,,,,,
170797.0,,,,,,,,,,,,,,
170798.0,,,,,,,,,,,,,,
170799.0,,,,,,,,,,,,,,
170800.0,,,,,,,,,,,,,,
170801.0,,,,,,,,,,,,,,
170802.0,,,,,,,,,,,,,,
170803.0,,,,,,,,,,,,,,
170804.0,,,,,,,,,,,,,,
170805.0,,,,,,,,,,,,,,
170806.0,,,,,,,,,,,,,,
170807.0,,,,,,,,,,,,,,
170808.0,,,,,,,,,,,,,,
170809.0,,,,,,,,,,,,,,
170810.0,,,,,,,,,,,,,,
170811.0,,,,,,,,,,,,,,
170812.0,,,,,,,,,,,,,,
170813.0,,,,,,,,,,,,,,
170814.0,,,,,,,,,,,,,,
170815.0,,,,,,,,,,,,,,
170816.0,,,,,,,,,,,,,,
170817.0,,,,,,,,,,,,,,
170818.0,,,,,,,,,,,,,,
170819.0,,,,,,,,,,,,,,
170820.0,,,,,,,,,,,,,,
170821.0,,,,,,,,,,,,,,
170822.0,,,,,,,,,,,,,,
170823.0,,,,,,,,,,,,,,
170824.0,,,,,,,,,,,,,,
170825.0,,,,,,,,,,,,,,
170826.0,,,,,,,,,,,,,,
170827.0,,,,,,,,,,,,,,
170828.0,,,,,,,,,,,,,,
170829.0,,,,,,,,,,,,,,
170830.0,,,,,,,,,,,,,,
170831.0,,,,,,,,,,,,,,
170832.0,,,,,,,,,,,,,,
170833.0,,,,,,,,,,,,,,
170834.0,,,,,,,,,,,,,,
170835.0,,,,,,,,,,,,,,
170836.0,,,,,,,,,,,,,,
170837.0,,,,,,,,,,,,,,
170838.0,,,,,,,,,,,,,,
170839.0,,,,,,,,,,,,,,
170840.0,,,,,,,,,,,,,,
170841.0,,,,,,,,,,,,,,
170842.0,,,,,,,,,,,,,,
170843.0,,,,,,,,,,,,,,
170844.0,,,,,,,,,,,,,,
170845.0,,,,,,,,,,,,,,
170846.0,,,,,,,,,,,,,,
170847.0,,,,,,,,,,,,,,
170848.0,,,,,,,,,,,,,,
170849.0,,,,,,,,,,,,,,
170850.0,,,,,,,,,,,,,,
170851.0,,,,,,,,,,,,,,
170852.0,,,,,,,,,,,,,,
170853.0,,,,,,,,,,,,,,
170854.0,,,,,,,,,,,,,,
170855.0,,,,,,,,,,,,,,
170856.0,,,,,,,,,,,,,,
170857.0,,,,,,,,,,,,,,
170858.0,,,,,,,,,,,,,,
170859.0,,,,,,,,,,,,,,
170860.0,,,,,,,,,,,,,,
170861.0,,,,,,,,,,,,,,
170862.0,,,,,,,,,,,,,,
170863.0,,,,,,,,,,,,,,
170864.0,,,,,,,,,,,,,,
170865.0,,,,,,,,,,,,,,
170866.0,,,,,,,,,,,,,,
170867.0,,,,,,,,,,,,,,
170868.0,,,,,,,,,,,,,,
170869.0,,,,,,,,,,,,,,
170870.0,,,,,,,,,,,,,,
170871.0,,,,,,,,,,,,,,
170872.0,,,,,,,,,,,,,,
170873.0,,,,,,,,,,,,,,
170874.0,,,,,,,,,,,,,,
170875.0,,,,,,,,,,,,,,
170876.0,,,,,,,,,,,,,,
170877.0,,,,,,,,,,,,,,
170878.0,,,,,,,,,,,,,,
170879.0,,,,,,,,,,,,,,
170880.0,,,,,,,,,,,,,,
170881.0,,,,,,,,,,,,,,
170882.0,,,,,,,,,,,,,,
170883.0,,,,,,,,,,,,,,
170884.0,,,,,,,,,,,,,,
170885.0,,,,,,,,,,,,,,
170886.0,,,,,,,,,,,,,,
170887.0,,,,,,,,,,,,,,
170888.0,,,,,,,,,,,,,,
170889.0,,,,,,,,,,,,,,
170890.0,,,,,,,,,,,,,,
170891.0,,,,,,,,,,,,,,
170892.0,,,,,,,,,,,,,,
170893.0,,,,,,,,,,,,,,
170894.0,,,,,,,,,,,,,,
170895.0,,,,,,,,,,,,,,
170896.0,,,,,,,,,,,,,,
170897.0,,,,,,,,,,,,,,
170898.0,,,,,,,,,,,,,,
170899.0,,,,,,,,,,,,,,
170900.0,,,,,,,,,,,,,,
170901.0,,,,,,,,,,,,,,
170902.0,,,,,,,,,,,,,,
170903.0,,,,,,,,,,,,,,
170904.0,,,,,,,,,,,,,,
170905.0,,,,,,,,,,,,,,
170906.0,,,,,,,,,,,,,,
170907.0,,,,,,,,,,,,,,
170908.0,,,,,,,,,,,,,,
170909.0,,,,,,,,,,,,,,
170910.0,,,,,,,,,,,,,,
170911.0,,,,,,,,,,,,,,
170912.0,,,,,,,,,,,,,,
170913.0,,,,,,,,,,,,,,
170914.0,,,,,,,,,,,,,,
170915.0,,,,,,,,,,,,,,
170916.0,,,,,,,,,,,,,,
170917.0,,,,,,,,,,,,,,
170918.0,,,,,,,,,,,,,,
170919.0,,,,,,,,,,,,,,
170920.0,,,,,,,,,,,,,,
170921.0,,,,,,,,,,,,,,
170922.0,,,,,,,,,,,,,,
170923.0,,,,,,,,,,,,,,
170924.0,,,,,,,,,,,,,,
170925.0,,,,,,,,,,,,,,
170926.0,,,,,,,,,,,,,,
170927.0,,,,,,,,,,,,,,
170928.0,,,,,,,,,,,,,,
170929.0,,,,,,,,,,,,,,
170930.0,,,,,,,,,,,,,,
170931.0,,,,,,,,,,,,,,
170932.0,,,,,,,,,,,,,,
170933.0,,,,,,,,,,,,,,
170934.0,,,,,,,,,,,,,,
170935.0,,,,,,,,,,,,,,
170936.0,,,,,,,,,,,,,,
170937.0,,,,,,,,,,,,,,
170938.0,,,,,,,,,,,,,,
170939.0,,,,,,,,,,,,,,
170940.0,,,,,,,,,,,,,,
170941.0,,,,,,,,,,,,,,
170942.0,,,,,,,,,,,,,,
170943.0,,,,,,,,,,,,,,
170944.0,,,,,,,,,,,,,,
170945.0,,,,,,,,,,,,,,
170946.0,,,,,,,,,,,,,,
170947.0,,,,,,,,,,,,,,
170948.0,,,,,,,,,,,,,,
170949.0,,,,,,,,,,,,,,
170950.0,,,,,,,,,,,,,,
170951.0,,,,,,,,,,,,,,
170952.0,,,,,,,,,,,,,,
170953.0,,,,,,,,,,,,,,
170954.0,,,,,,,,,,,,,,
170955.0,,,,,,,,,,,,,,
170956.0,,,,,,,,,,,,,,
170957.0,,,,,,,,,,,,,,
170958.0,,,,,,,,,,,,,,
170959.0,,,,,,,,,,,,,,
170960.0,,,,,,,,,,,,,,
170961.0,,,,,,,,,,,,,,
170962.0,,,,,,,,,,,,,,
170963.0,,,,,,,,,,,,,,
170964.0,,,,,,,,,,,,,,
170965.0,,,,,,,,,,,,,,
170966.0,,,,,,,,,,,,,,
170967.0,,,,,,,,,,,,,,
170968.0,,,,,,,,,,,,,,
170969.0,,,,,,,,,,,,,,
170970.0,,,,,,,,,,,,,,
170971.0,,,,,,,,,,,,,,
170972.0,,,,,,,,,,,,,,
170973.0,,,,,,,,,,,,,,
170974.0,,,,,,,,,,,,,,
170975.0,,,,,,,,,,,,,,
170976.0,,,,,,,,,,,,,,
170977.0,,,,,,,,,,,,,,
170978.0,,,,,,,,,,,,,,
170979.0,,,,,,,,,,,,,,
170980.0,,,,,,,,,,,,,,
170981.0,,,,,,,,,,,,,,
170982.0,,,,,,,,,,,,,,
170983.0,,,,,,,,,,,,,,
170984.0,,,,,,,,,,,,,,
170985.0,,,,,,,,,,,,,,
170986.0,,,,,,,,,,,,,,
170987.0,,,,,,,,,,,,,,
170988.0,,,,,,,,,,,,,,
170989.0,,,,,,,,,,,,,,
170990.0,,,,,,,,,,,,,,
170991.0,,,,,,,,,,,,,,
170992.0,,,,,,,,,,,,,,
170993.0,,,,,,,,,,,,,,
170994.0,,,,,,,,,,,,,,
170995.0,,,,,,,,,,,,,,
170996.0,,,,,,,,,,,,,,
170997.0,,,,,,,,,,,,,,
170998.0,,,,,,,,,,,,,,
170999.0,,,,,,,,,,,,,,
171000.0,,,,,,,,,,,,,,
171001.0,,,,,,,,,,,,,,
171002.0,,,,,,,,,,,,,,
171003.0,,,,,,,,,,,,,,
171004.0,,,,,,,,,,,,,,
171005.0,,,,,,,,,,,,,,
171006.0,,,,,,,,,,,,,,
171007.0,,,,,,,,,,,,,,
171008.0,,,,,,,,,,,,,,
171009.0,,,,,,,,,,,,,,
171010.0,,,,,,,,,,,,,,
171011.0,,,,,,,,,,,,,,
171012.0,,,,,,,,,,,,,,
171013.0,,,,,,,,,,,,,,
171014.0,,,,,,,,,,,,,,
171015.0,,,,,,,,,,,,,,
171016.0,,,,,,,,,,,,,,
171017.0,,,,,,,,,,,,,,
171018.0,,,,,,,,,,,,,,
171019.0,,,,,,,,,,,,,,
171020.0,,,,,,,,,,,,,,
171021.0,,,,,,,,,,,,,,
171022.0,,,,,,,,,,,,,,
171023.0,,,,,,,,,,,,,,
171024.0,,,,,,,,,,,,,,
171025.0,,,,,,,,,,,,,,
171026.0,,,,,,,,,,,,,,
171027.0,,,,,,,,,,,,,,
171028.0,,,,,,,,,,,,,,
171029.0,,,,,,,,,,,,,,
171030.0,,,,,,,,,,,,,,
171031.0,,,,,,,,,,,,,,
171032.0,,,,,,,,,,,,,,
171033.0,,,,,,,,,,,,,,
171034.0,,,,,,,,,,,,,,
171035.0,,,,,,,,,,,,,,
171036.0,,,,,,,,,,,,,,
171037.0,,,,,,,,,,,,,,
171038.0,,,,,,,,,,,,,,
171039.0,,,,,,,,,,,,,,
171040.0,,,,,,,,,,,,,,
171041.0,,,,,,,,,,,,,,
171042.0,,,,,,,,,,,,,,
171043.0,,,,,,,,,,,,,,
171044.0,,,,,,,,,,,,,,
171045.0,,,,,,,,,,,,,,
171046.0,,,,,,,,,,,,,,
171047.0,,,,,,,,,,,,,,
171048.0,,,,,,,,,,,,,,
171049.0,,,,,,,,,,,,,,
171050.0,,,,,,,,,,,,,,
171051.0,,,,,,,,,,,,,,
171052.0,,,,,,,,,,,,,,
171053.0,,,,,,,,,,,,,,
171054.0,,,,,,,,,,,,,,
171055.0,,,,,,,,,,,,,,
171056.0,,,,,,,,,,,,,,
171057.0,,,,,,,,,,,,,,
171058.0,,,,,,,,,,,,,,
171059.0,,,,,,,,,,,,,,
171060.0,,,,,,,,,,,,,,
171061.0,,,,,,,,,,,,,,
171062.0,,,,,,,,,,,,,,
171063.0,,,,,,,,,,,,,,
171064.0,,,,,,,,,,,,,,
171065.0,,,,,,,,,,,,,,
171066.0,,,,,,,,,,,,,,
171067.0,,,,,,,,,,,,,,
171068.0,,,,,,,,,,,,,,
171069.0,,,,,,,,,,,,,,
171070.0,,,,,,,,,,,,,,
171071.0,,,,,,,,,,,,,,
171072.0,,,,,,,,,,,,,,
171073.0,,,,,,,,,,,,,,
171074.0,,,,,,,,,,,,,,
171075.0,,,,,,,,,,,,,,
171076.0,,,,,,,,,,,,,,
171077.0,,,,,,,,,,,,,,
171078.0,,,,,,,,,,,,,,
171079.0,,,,,,,,,,,,,,
171080.0,,,,,,,,,,,,,,
171081.0,,,,,,,,,,,,,,
171082.0,,,,,,,,,,,,,,
171083.0,,,,,,,,,,,,,,
171084.0,,,,,,,,,,,,,,
171085.0,,,,,,,,,,,,,,
171086.0,,,,,,,,,,,,,,
171087.0,,,,,,,,,,,,,,
171088.0,,,,,,,,,,,,,,
171089.0,,,,,,,,,,,,,,
171090.0,,,,,,,,,,,,,,
171091.0,,,,,,,,,,,,,,
171092.0,,,,,,,,,,,,,,
171093.0,,,,,,,,,,,,,,
171094.0,,,,,,,,,,,,,,
171095.0,,,,,,,,,,,,,,
171096.0,,,,,,,,,,,,,,
171097.0,,,,,,,,,,,,,,
171098.0,,,,,,,,,,,,,,
171099.0,,,,,,,,,,,,,,
171100.0,,,,,,,,,,,,,,
171101.0,,,,,,,,,,,,,,
171102.0,,,,,,,,,,,,,,
171103.0,,,,,,,,,,,,,,
171104.0,,,,,,,,,,,,,,
171105.0,,,,,,,,,,,,,,
171106.0,,,,,,,,,,,,,,
171107.0,,,,,,,,,,,,,,
171108.0,,,,,,,,,,,,,,
171109.0,,,,,,,,,,,,,,
171110.0,,,,,,,,,,,,,,
171111.0,,,,,,,,,,,,,,
171112.0,,,,,,,,,,,,,,
171113.0,,,,,,,,,,,,,,
171114.0,,,,,,,,,,,,,,
171115.0,,,,,,,,,,,,,,
171116.0,,,,,,,,,,,,,,
171117.0,,,,,,,,,,,,,,
171118.0,,,,,,,,,,,,,,
171119.0,,,,,,,,,,,,,,
171120.0,,,,,,,,,,,,,,
171121.0,,,,,,,,,,,,,,
171122.0,,,,,,,,,,,,,,
171123.0,,,,,,,,,,,,,,
171124.0,,,,,,,,,,,,,,
171125.0,,,,,,,,,,,,,,
171126.0,,,,,,,,,,,,,,
171127.0,,,,,,,,,,,,,,
171128.0,,,,,,,,,,,,,,
171129.0,,,,,,,,,,,,,,
171130.0,,,,,,,,,,,,,,
171131.0,,,,,,,,,,,,,,
171132.0,,,,,,,,,,,,,,
171133.0,,,,,,,,,,,,,,
171134.0,,,,,,,,,,,,,,
171135.0,,,,,,,,,,,,,,
171136.0,,,,,,,,,,,,,,
171137.0,,,,,,,,,,,,,,
171138.0,,,,,,,,,,,,,,
171139.0,,,,,,,,,,,,,,
171140.0,,,,,,,,,,,,,,
171141.0,,,,,,,,,,,,,,
171142.0,,,,,,,,,,,,,,
171143.0,,,,,,,,,,,,,,
171144.0,,,,,,,,,,,,,,
171145.0,,,,,,,,,,,,,,
171146.0,,,,,,,,,,,,,,
171147.0,,,,,,,,,,,,,,
171148.0,,,,,,,,,,,,,,
171149.0,,,,,,,,,,,,,,
171150.0,,,,,,,,,,,,,,
171151.0,,,,,,,,,,,,,,
171152.0,,,,,,,,,,,,,,
171153.0,,,,,,,,,,,,,,
171154.0,,,,,,,,,,,,,,
171155.0,,,,,,,,,,,,,,
171156.0,,,,,,,,,,,,,,
171157.0,,,,,,,,,,,,,,
171158.0,,,,,,,,,,,,,,
171159.0,,,,,,,,,,,,,,
171160.0,,,,,,,,,,,,,,
171161.0,,,,,,,,,,,,,,
171162.0,,,,,,,,,,,,,,
171163.0,,,,,,,,,,,,,,
171164.0,,,,,,,,,,,,,,
171165.0,,,,,,,,,,,,,,
171166.0,,,,,,,,,,,,,,
171167.0,,,,,,,,,,,,,,
171168.0,,,,,,,,,,,,,,
171169.0,,,,,,,,,,,,,,
171170.0,,,,,,,,,,,,,,
171171.0,,,,,,,,,,,,,,
171172.0,,,,,,,,,,,,,,
171173.0,,,,,,,,,,,,,,
171174.0,,,,,,,,,,,,,,
171175.0,,,,,,,,,,,,,,
171176.0,,,,,,,,,,,,,,
171177.0,,,,,,,,,,,,,,
171178.0,,,,,,,,,,,,,,
171179.0,,,,,,,,,,,,,,
171180.0,,,,,,,,,,,,,,
171181.0,,,,,,,,,,,,,,
171182.0,,,,,,,,,,,,,,
171183.0,,,,,,,,,,,,,,
171184.0,,,,,,,,,,,,,,
171185.0,,,,,,,,,,,,,,
171186.0,,,,,,,,,,,,,,
171187.0,,,,,,,,,,,,,,
171188.0,,,,,,,,,,,,,,
171189.0,,,,,,,,,,,,,,
171190.0,,,,,,,,,,,,,,
171191.0,,,,,,,,,,,,,,
171192.0,,,,,,,,,,,,,,
171193.0,,,,,,,,,,,,,,
171194.0,,,,,,,,,,,,,,
171195.0,,,,,,,,,,,,,,
171196.0,,,,,,,,,,,,,,
171197.0,,,,,,,,,,,,,,
171198.0,,,,,,,,,,,,,,
171199.0,,,,,,,,,,,,,,
171200.0,,,,,,,,,,,,,,
171201.0,,,,,,,,,,,,,,
171202.0,,,,,,,,,,,,,,
171203.0,,,,,,,,,,,,,,
171204.0,,,,,,,,,,,,,,
171205.0,,,,,,,,,,,,,,
171206.0,,,,,,,,,,,,,,
171207.0,,,,,,,,,,,,,,
171208.0,,,,,,,,,,,,,,
171209.0,,,,,,,,,,,,,,
171210.0,,,,,,,,,,,,,,
171211.0,,,,,,,,,,,,,,
171212.0,,,,,,,,,,,,,,
171213.0,,,,,,,,,,,,,,
171214.0,,,,,,,,,,,,,,
171215.0,,,,,,,,,,,,,,
171216.0,,,,,,,,,,,,,,
171217.0,,,,,,,,,,,,,,
171218.0,,,,,,,,,,,,,,
171219.0,,,,,,,,,,,,,,
171220.0,,,,,,,,,,,,,,
171221.0,,,,,,,,,,,,,,
171222.0,,,,,,,,,,,,,,
171223.0,,,,,,,,,,,,,,
171224.0,,,,,,,,,,,,,,
171225.0,,,,,,,,,,,,,,
171226.0,,,,,,,,,,,,,,
171227.0,,,,,,,,,,,,,,
171228.0,,,,,,,,,,,,,,
171229.0,,,,,,,,,,,,,,
171230.0,,,,,,,,,,,,,,
171231.0,,,,,,,,,,,,,,
171232.0,,,,,,,,,,,,,,
171233.0,,,,,,,,,,,,,,
171234.0,,,,,,,,,,,,,,
171235.0,,,,,,,,,,,,,,
171236.0,,,,,,,,,,,,,,
171237.0,,,,,,,,,,,,,,
171238.0,,,,,,,,,,,,,,
171239.0,,,,,,,,,,,,,,
171240.0,,,,,,,,,,,,,,
171241.0,,,,,,,,,,,,,,
171242.0,,,,,,,,,,,,,,
171243.0,,,,,,,,,,,,,,
171244.0,,,,,,,,,,,,,,
171245.0,,,,,,,,,,,,,,
171246.0,,,,,,,,,,,,,,
171247.0,,,,,,,,,,,,,,
171248.0,,,,,,,,,,,,,,
171249.0,,,,,,,,,,,,,,
171250.0,,,,,,,,,,,,,,
171251.0,,,,,,,,,,,,,,
171252.0,,,,,,,,,,,,,,
171253.0,,,,,,,,,,,,,,
171254.0,,,,,,,,,,,,,,
171255.0,,,,,,,,,,,,,,
171256.0,,,,,,,,,,,,,,
171257.0,,,,,,,,,,,,,,
171258.0,,,,,,,,,,,,,,
171259.0,,,,,,,,,,,,,,
171260.0,,,,,,,,,,,,,,
171261.0,,,,,,,,,,,,,,
171262.0,,,,,,,,,,,,,,
171263.0,,,,,,,,,,,,,,
171264.0,,,,,,,,,,,,,,
171265.0,,,,,,,,,,,,,,
171266.0,,,,,,,,,,,,,,
171267.0,,,,,,,,,,,,,,
171268.0,,,,,,,,,,,,,,
171269.0,,,,,,,,,,,,,,
171270.0,,,,,,,,,,,,,,
171271.0,,,,,,,,,,,,,,
171272.0,,,,,,,,,,,,,,
171273.0,,,,,,,,,,,,,,
171274.0,,,,,,,,,,,,,,
171275.0,,,,,,,,,,,,,,
171276.0,,,,,,,,,,,,,,
171277.0,,,,,,,,,,,,,,
171278.0,,,,,,,,,,,,,,
171279.0,,,,,,,,,,,,,,
171280.0,,,,,,,,,,,,,,
171281.0,,,,,,,,,,,,,,
171282.0,,,,,,,,,,,,,,
171283.0,,,,,,,,,,,,,,
171284.0,,,,,,,,,,,,,,
171285.0,,,,,,,,,,,,,,
171286.0,,,,,,,,,,,,,,
171287.0,,,,,,,,,,,,,,
171288.0,,,,,,,,,,,,,,
171289.0,,,,,,,,,,,,,,
171290.0,,,,,,,,,,,,,,
171291.0,,,,,,,,,,,,,,
171292.0,,,,,,,,,,,,,,
171293.0,,,,,,,,,,,,,,
171294.0,,,,,,,,,,,,,,
171295.0,,,,,,,,,,,,,,
171296.0,,,,,,,,,,,,,,
171297.0,,,,,,,,,,,,,,
171298.0,,,,,,,,,,,,,,
171299.0,,,,,,,,,,,,,,
171300.0,,,,,,,,,,,,,,
171301.0,,,,,,,,,,,,,,
171302.0,,,,,,,,,,,,,,
171303.0,,,,,,,,,,,,,,
171304.0,,,,,,,,,,,,,,
171305.0,,,,,,,,,,,,,,
171306.0,,,,,,,,,,,,,,
171307.0,,,,,,,,,,,,,,
171308.0,,,,,,,,,,,,,,
171309.0,,,,,,,,,,,,,,
171310.0,,,,,,,,,,,,,,
171311.0,,,,,,,,,,,,,,
171312.0,,,,,,,,,,,,,,
171313.0,,,,,,,,,,,,,,
171314.0,,,,,,,,,,,,,,
171315.0,,,,,,,,,,,,,,
171316.0,,,,,,,,,,,,,,
171317.0,,,,,,,,,,,,,,
171318.0,,,,,,,,,,,,,,
171319.0,,,,,,,,,,,,,,
171320.0,,,,,,,,,,,,,,
171321.0,,,,,,,,,,,,,,
171322.0,,,,,,,,,,,,,,
171323.0,,,,,,,,,,,,,,
171324.0,,,,,,,,,,,,,,
171325.0,,,,,,,,,,,,,,
171326.0,,,,,,,,,,,,,,
171327.0,,,,,,,,,,,,,,
171328.0,,,,,,,,,,,,,,
171329.0,,,,,,,,,,,,,,
171330.0,,,,,,,,,,,,,,
171331.0,,,,,,,,,,,,,,
171332.0,,,,,,,,,,,,,,
171333.0,,,,,,,,,,,,,,
171334.0,,,,,,,,,,,,,,
171335.0,,,,,,,,,,,,,,
171336.0,,,,,,,,,,,,,,
171337.0,,,,,,,,,,,,,,
171338.0,,,,,,,,,,,,,,
171339.0,,,,,,,,,,,,,,
171340.0,,,,,,,,,,,,,,
171341.0,,,,,,,,,,,,,,
171342.0,,,,,,,,,,,,,,
171343.0,,,,,,,,,,,,,,
171344.0,,,,,,,,,,,,,,
171345.0,,,,,,,,,,,,,,
171346.0,,,,,,,,,,,,,,
171347.0,,,,,,,,,,,,,,
171348.0,,,,,,,,,,,,,,
171349.0,,,,,,,,,,,,,,
171350.0,,,,,,,,,,,,,,
171351.0,,,,,,,,,,,,,,
171352.0,,,,,,,,,,,,,,
171353.0,,,,,,,,,,,,,,
171354.0,,,,,,,,,,,,,,
171355.0,,,,,,,,,,,,,,
171356.0,,,,,,,,,,,,,,
171357.0,,,,,,,,,,,,,,
171358.0,,,,,,,,,,,,,,
171359.0,,,,,,,,,,,,,,
171360.0,,,,,,,,,,,,,,
171361.0,,,,,,,,,,,,,,
171362.0,,,,,,,,,,,,,,
171363.0,,,,,,,,,,,,,,
171364.0,,,,,,,,,,,,,,
171365.0,,,,,,,,,,,,,,
171366.0,,,,,,,,,,,,,,
171367.0,,,,,,,,,,,,,,
171368.0,,,,,,,,,,,,,,
171369.0,,,,,,,,,,,,,,
171370.0,,,,,,,,,,,,,,
171371.0,,,,,,,,,,,,,,
171372.0,,,,,,,,,,,,,,
171373.0,,,,,,,,,,,,,,
171374.0,,,,,,,,,,,,,,
171375.0,,,,,,,,,,,,,,
171376.0,,,,,,,,,,,,,,
171377.0,,,,,,,,,,,,,,
171378.0,,,,,,,,,,,,,,
171379.0,,,,,,,,,,,,,,
171380.0,,,,,,,,,,,,,,
171381.0,,,,,,,,,,,,,,
171382.0,,,,,,,,,,,,,,
171383.0,,,,,,,,,,,,,,
171384.0,,,,,,,,,,,,,,
171385.0,,,,,,,,,,,,,,
171386.0,,,,,,,,,,,,,,
171387.0,,,,,,,,,,,,,,
171388.0,,,,,,,,,,,,,,
171389.0,,,,,,,,,,,,,,
171390.0,,,,,,,,,,,,,,
171391.0,,,,,,,,,,,,,,
171392.0,,,,,,,,,,,,,,
171393.0,,,,,,,,,,,,,,
171394.0,,,,,,,,,,,,,,
171395.0,,,,,,,,,,,,,,
171396.0,,,,,,,,,,,,,,
171397.0,,,,,,,,,,,,,,
171398.0,,,,,,,,,,,,,,
171399.0,,,,,,,,,,,,,,
171400.0,,,,,,,,,,,,,,
171401.0,,,,,,,,,,,,,,
171402.0,,,,,,,,,,,,,,
171403.0,,,,,,,,,,,,,,
171404.0,,,,,,,,,,,,,,
171405.0,,,,,,,,,,,,,,
171406.0,,,,,,,,,,,,,,
171407.0,,,,,,,,,,,,,,
171408.0,,,,,,,,,,,,,,
171409.0,,,,,,,,,,,,,,
171410.0,,,,,,,,,,,,,,
171411.0,,,,,,,,,,,,,,
171412.0,,,,,,,,,,,,,,
171413.0,,,,,,,,,,,,,,
171414.0,,,,,,,,,,,,,,
171415.0,,,,,,,,,,,,,,
171416.0,,,,,,,,,,,,,,
171417.0,,,,,,,,,,,,,,
171418.0,,,,,,,,,,,,,,
171419.0,,,,,,,,,,,,,,
171420.0,,,,,,,,,,,,,,
171421.0,,,,,,,,,,,,,,
171422.0,,,,,,,,,,,,,,
171423.0,,,,,,,,,,,,,,
171424.0,,,,,,,,,,,,,,
171425.0,,,,,,,,,,,,,,
171426.0,,,,,,,,,,,,,,
171427.0,,,,,,,,,,,,,,
171428.0,,,,,,,,,,,,,,
171429.0,,,,,,,,,,,,,,
171430.0,,,,,,,,,,,,,,
171431.0,,,,,,,,,,,,,,
171432.0,,,,,,,,,,,,,,
171433.0,,,,,,,,,,,,,,
171434.0,,,,,,,,,,,,,,
171435.0,,,,,,,,,,,,,,
171436.0,,,,,,,,,,,,,,
171437.0,,,,,,,,,,,,,,
171438.0,,,,,,,,,,,,,,
171439.0,,,,,,,,,,,,,,
171440.0,,,,,,,,,,,,,,
171441.0,,,,,,,,,,,,,,
171442.0,,,,,,,,,,,,,,
171443.0,,,,,,,,,,,,,,
171444.0,,,,,,,,,,,,,,
171445.0,,,,,,,,,,,,,,
171446.0,,,,,,,,,,,,,,
171447.0,,,,,,,,,,,,,,
171448.0,,,,,,,,,,,,,,
171449.0,,,,,,,,,,,,,,
171450.0,,,,,,,,,,,,,,
171451.0,,,,,,,,,,,,,,
171452.0,,,,,,,,,,,,,,
171453.0,,,,,,,,,,,,,,
171454.0,,,,,,,,,,,,,,
171455.0,,,,,,,,,,,,,,
171456.0,,,,,,,,,,,,,,
171457.0,,,,,,,,,,,,,,
171458.0,,,,,,,,,,,,,,
171459.0,,,,,,,,,,,,,,
171460.0,,,,,,,,,,,,,,
171461.0,,,,,,,,,,,,,,
171462.0,,,,,,,,,,,,,,
171463.0,,,,,,,,,,,,,,
171464.0,,,,,,,,,,,,,,
171465.0,,,,,,,,,,,,,,
171466.0,,,,,,,,,,,,,,
171467.0,,,,,,,,,,,,,,
171468.0,,,,,,,,,,,,,,
171469.0,,,,,,,,,,,,,,
171470.0,,,,,,,,,,,,,,
171471.0,,,,,,,,,,,,,,
171472.0,,,,,,,,,,,,,,
171473.0,,,,,,,,,,,,,,
171474.0,,,,,,,,,,,,,,
171475.0,,,,,,,,,,,,,,
171476.0,,,,,,,,,,,,,,
171477.0,,,,,,,,,,,,,,
171478.0,,,,,,,,,,,,,,
171479.0,,,,,,,,,,,,,,
171480.0,,,,,,,,,,,,,,
171481.0,,,,,,,,,,,,,,
171482.0,,,,,,,,,,,,,,
171483.0,,,,,,,,,,,,,,
171484.0,,,,,,,,,,,,,,
171485.0,,,,,,,,,,,,,,
171486.0,,,,,,,,,,,,,,
171487.0,,,,,,,,,,,,,,
171488.0,,,,,,,,,,,,,,
171489.0,,,,,,,,,,,,,,
171490.0,,,,,,,,,,,,,,
171491.0,,,,,,,,,,,,,,
171492.0,,,,,,,,,,,,,,
171493.0,,,,,,,,,,,,,,
171494.0,,,,,,,,,,,,,,
171495.0,,,,,,,,,,,,,,
171496.0,,,,,,,,,,,,,,
171497.0,,,,,,,,,,,,,,
171498.0,,,,,,,,,,,,,,
171499.0,,,,,,,,,,,,,,
171500.0,,,,,,,,,,,,,,
171501.0,,,,,,,,,,,,,,
171502.0,,,,,,,,,,,,,,
171503.0,,,,,,,,,,,,,,
171504.0,,,,,,,,,,,,,,
171505.0,,,,,,,,,,,,,,
171506.0,,,,,,,,,,,,,,
171507.0,,,,,,,,,,,,,,
171508.0,,,,,,,,,,,,,,
171509.0,,,,,,,,,,,,,,
171510.0,,,,,,,,,,,,,,
171511.0,,,,,,,,,,,,,,
171512.0,,,,,,,,,,,,,,
171513.0,,,,,,,,,,,,,,
171514.0,,,,,,,,,,,,,,
171515.0,,,,,,,,,,,,,,
171516.0,,,,,,,,,,,,,,
171517.0,,,,,,,,,,,,,,
171518.0,,,,,,,,,,,,,,
171519.0,,,,,,,,,,,,,,
171520.0,,,,,,,,,,,,,,
171521.0,,,,,,,,,,,,,,
171522.0,,,,,,,,,,,,,,
171523.0,,,,,,,,,,,,,,
171524.0,,,,,,,,,,,,,,
171525.0,,,,,,,,,,,,,,
171526.0,,,,,,,,,,,,,,
171527.0,,,,,,,,,,,,,,
171528.0,,,,,,,,,,,,,,
171529.0,,,,,,,,,,,,,,
171530.0,,,,,,,,,,,,,,
171531.0,,,,,,,,,,,,,,
171532.0,,,,,,,,,,,,,,
171533.0,,,,,,,,,,,,,,
171534.0,,,,,,,,,,,,,,
171535.0,,,,,,,,,,,,,,
171536.0,,,,,,,,,,,,,,
171537.0,,,,,,,,,,,,,,
171538.0,,,,,,,,,,,,,,
171539.0,,,,,,,,,,,,,,
171540.0,,,,,,,,,,,,,,
171541.0,,,,,,,,,,,,,,
171542.0,,,,,,,,,,,,,,
171543.0,,,,,,,,,,,,,,
171544.0,,,,,,,,,,,,,,
171545.0,,,,,,,,,,,,,,
171546.0,,,,,,,,,,,,,,
171547.0,,,,,,,,,,,,,,
171548.0,,,,,,,,,,,,,,
171549.0,,,,,,,,,,,,,,
171550.0,,,,,,,,,,,,,,
171551.0,,,,,,,,,,,,,,
171552.0,,,,,,,,,,,,,,
171553.0,,,,,,,,,,,,,,
171554.0,,,,,,,,,,,,,,
171555.0,,,,,,,,,,,,,,
171556.0,,,,,,,,,,,,,,
171557.0,,,,,,,,,,,,,,
171558.0,,,,,,,,,,,,,,
171559.0,,,,,,,,,,,,,,
171560.0,,,,,,,,,,,,,,
171561.0,,,,,,,,,,,,,,
171562.0,,,,,,,,,,,,,,
171563.0,,,,,,,,,,,,,,
171564.0,,,,,,,,,,,,,,
171565.0,,,,,,,,,,,,,,
171566.0,,,,,,,,,,,,,,
171567.0,,,,,,,,,,,,,,
171568.0,,,,,,,,,,,,,,
171569.0,,,,,,,,,,,,,,
171570.0,,,,,,,,,,,,,,
171571.0,,,,,,,,,,,,,,
171572.0,,,,,,,,,,,,,,
171573.0,,,,,,,,,,,,,,
171574.0,,,,,,,,,,,,,,
171575.0,,,,,,,,,,,,,,
171576.0,,,,,,,,,,,,,,
171577.0,,,,,,,,,,,,,,
171578.0,,,,,,,,,,,,,,
171579.0,,,,,,,,,,,,,,
171580.0,,,,,,,,,,,,,,
171581.0,,,,,,,,,,,,,,
171582.0,,,,,,,,,,,,,,
171583.0,,,,,,,,,,,,,,
171584.0,,,,,,,,,,,,,,
171585.0,,,,,,,,,,,,,,
171586.0,,,,,,,,,,,,,,
171587.0,,,,,,,,,,,,,,
171588.0,,,,,,,,,,,,,,
171589.0,,,,,,,,,,,,,,
171590.0,,,,,,,,,,,,,,
171591.0,,,,,,,,,,,,,,
171592.0,,,,,,,,,,,,,,
171593.0,,,,,,,,,,,,,,
171594.0,,,,,,,,,,,,,,
171595.0,,,,,,,,,,,,,,
171596.0,,,,,,,,,,,,,,
171597.0,,,,,,,,,,,,,,
171598.0,,,,,,,,,,,,,,
171599.0,,,,,,,,,,,,,,
171600.0,,,,,,,,,,,,,,
171601.0,,,,,,,,,,,,,,
171602.0,,,,,,,,,,,,,,
171603.0,,,,,,,,,,,,,,
171604.0,,,,,,,,,,,,,,
171605.0,,,,,,,,,,,,,,
171606.0,,,,,,,,,,,,,,
171607.0,,,,,,,,,,,,,,
171608.0,,,,,,,,,,,,,,
171609.0,,,,,,,,,,,,,,
171610.0,,,,,,,,,,,,,,
171611.0,,,,,,,,,,,,,,
171612.0,,,,,,,,,,,,,,
171613.0,,,,,,,,,,,,,,
171614.0,,,,,,,,,,,,,,
171615.0,,,,,,,,,,,,,,
171616.0,,,,,,,,,,,,,,
171617.0,,,,,,,,,,,,,,
171618.0,,,,,,,,,,,,,,
171619.0,,,,,,,,,,,,,,
171620.0,,,,,,,,,,,,,,
171621.0,,,,,,,,,,,,,,
171622.0,,,,,,,,,,,,,,
171623.0,,,,,,,,,,,,,,
171624.0,,,,,,,,,,,,,,
171625.0,,,,,,,,,,,,,,
171626.0,,,,,,,,,,,,,,
171627.0,,,,,,,,,,,,,,
171628.0,,,,,,,,,,,,,,
171629.0,,,,,,,,,,,,,,
171630.0,,,,,,,,,,,,,,
171631.0,,,,,,,,,,,,,,
171632.0,,,,,,,,,,,,,,
171633.0,,,,,,,,,,,,,,
171634.0,,,,,,,,,,,,,,
171635.0,,,,,,,,,,,,,,
171636.0,,,,,,,,,,,,,,
171637.0,,,,,,,,,,,,,,
171638.0,,,,,,,,,,,,,,
171639.0,,,,,,,,,,,,,,
171640.0,,,,,,,,,,,,,,
171641.0,,,,,,,,,,,,,,
171642.0,,,,,,,,,,,,,,
171643.0,,,,,,,,,,,,,,
171644.0,,,,,,,,,,,,,,
171645.0,,,,,,,,,,,,,,
171646.0,,,,,,,,,,,,,,
171647.0,,,,,,,,,,,,,,
171648.0,,,,,,,,,,,,,,
171649.0,,,,,,,,,,,,,,
171650.0,,,,,,,,,,,,,,
171651.0,,,,,,,,,,,,,,
171652.0,,,,,,,,,,,,,,
171653.0,,,,,,,,,,,,,,
171654.0,,,,,,,,,,,,,,
171655.0,,,,,,,,,,,,,,
171656.0,,,,,,,,,,,,,,
171657.0,,,,,,,,,,,,,,
171658.0,,,,,,,,,,,,,,
171659.0,,,,,,,,,,,,,,
171660.0,,,,,,,,,,,,,,
171661.0,,,,,,,,,,,,,,
171662.0,,,,,,,,,,,,,,
171663.0,,,,,,,,,,,,,,
171664.0,,,,,,,,,,,,,,
171665.0,,,,,,,,,,,,,,
171666.0,,,,,,,,,,,,,,
171667.0,,,,,,,,,,,,,,
171668.0,,,,,,,,,,,,,,
171669.0,,,,,,,,,,,,,,
171670.0,,,,,,,,,,,,,,
171671.0,,,,,,,,,,,,,,
171672.0,,,,,,,,,,,,,,
171673.0,,,,,,,,,,,,,,
171674.0,,,,,,,,,,,,,,
171675.0,,,,,,,,,,,,,,
171676.0,,,,,,,,,,,,,,
171677.0,,,,,,,,,,,,,,
171678.0,,,,,,,,,,,,,,
171679.0,,,,,,,,,,,,,,
171680.0,,,,,,,,,,,,,,
171681.0,,,,,,,,,,,,,,
171682.0,,,,,,,,,,,,,,
171683.0,,,,,,,,,,,,,,
171684.0,,,,,,,,,,,,,,
171685.0,,,,,,,,,,,,,,
171686.0,,,,,,,,,,,,,,
171687.0,,,,,,,,,,,,,,
171688.0,,,,,,,,,,,,,,
171689.0,,,,,,,,,,,,,,
171690.0,,,,,,,,,,,,,,
171691.0,,,,,,,,,,,,,,
171692.0,,,,,,,,,,,,,,
171693.0,,,,,,,,,,,,,,
171694.0,,,,,,,,,,,,,,
171695.0,,,,,,,,,,,,,,
171696.0,,,,,,,,,,,,,,
171697.0,,,,,,,,,,,,,,
171698.0,,,,,,,,,,,,,,
171699.0,,,,,,,,,,,,,,
171700.0,,,,,,,,,,,,,,
171701.0,,,,,,,,,,,,,,
171702.0,,,,,,,,,,,,,,
171703.0,,,,,,,,,,,,,,
171704.0,,,,,,,,,,,,,,
171705.0,,,,,,,,,,,,,,
171706.0,,,,,,,,,,,,,,
171707.0,,,,,,,,,,,,,,
171708.0,,,,,,,,,,,,,,
171709.0,,,,,,,,,,,,,,
171710.0,,,,,,,,,,,,,,
171711.0,,,,,,,,,,,,,,
171712.0,,,,,,,,,,,,,,
171713.0,,,,,,,,,,,,,,
171714.0,,,,,,,,,,,,,,
171715.0,,,,,,,,,,,,,,
171716.0,,,,,,,,,,,,,,
171717.0,,,,,,,,,,,,,,
171718.0,,,,,,,,,,,,,,
171719.0,,,,,,,,,,,,,,
171720.0,,,,,,,,,,,,,,
171721.0,,,,,,,,,,,,,,
171722.0,,,,,,,,,,,,,,
171723.0,,,,,,,,,,,,,,
171724.0,,,,,,,,,,,,,,
171725.0,,,,,,,,,,,,,,
171726.0,,,,,,,,,,,,,,
171727.0,,,,,,,,,,,,,,
171728.0,,,,,,,,,,,,,,
171729.0,,,,,,,,,,,,,,
171730.0,,,,,,,,,,,,,,
171731.0,,,,,,,,,,,,,,
171732.0,,,,,,,,,,,,,,
171733.0,,,,,,,,,,,,,,
171734.0,,,,,,,,,,,,,,
171735.0,,,,,,,,,,,,,,
171736.0,,,,,,,,,,,,,,
171737.0,,,,,,,,,,,,,,
171738.0,,,,,,,,,,,,,,
171739.0,,,,,,,,,,,,,,
171740.0,,,,,,,,,,,,,,
171741.0,,,,,,,,,,,,,,
171742.0,,,,,,,,,,,,,,
171743.0,,,,,,,,,,,,,,
171744.0,,,,,,,,,,,,,,
171745.0,,,,,,,,,,,,,,
171746.0,,,,,,,,,,,,,,
171747.0,,,,,,,,,,,,,,
171748.0,,,,,,,,,,,,,,
171749.0,,,,,,,,,,,,,,
171750.0,,,,,,,,,,,,,,
171751.0,,,,,,,,,,,,,,
171752.0,,,,,,,,,,,,,,
171753.0,,,,,,,,,,,,,,
171754.0,,,,,,,,,,,,,,
171755.0,,,,,,,,,,,,,,
171756.0,,,,,,,,,,,,,,
171757.0,,,,,,,,,,,,,,
171758.0,,,,,,,,,,,,,,
171759.0,,,,,,,,,,,,,,
171760.0,,,,,,,,,,,,,,
171761.0,,,,,,,,,,,,,,
171762.0,,,,,,,,,,,,,,
171763.0,,,,,,,,,,,,,,
171764.0,,,,,,,,,,,,,,
171765.0,,,,,,,,,,,,,,
171766.0,,,,,,,,,,,,,,
171767.0,,,,,,,,,,,,,,
171768.0,,,,,,,,,,,,,,
171769.0,,,,,,,,,,,,,,
171770.0,,,,,,,,,,,,,,
171771.0,,,,,,,,,,,,,,
171772.0,,,,,,,,,,,,,,
171773.0,,,,,,,,,,,,,,
171774.0,,,,,,,,,,,,,,
171775.0,,,,,,,,,,,,,,
171776.0,,,,,,,,,,,,,,
171777.0,,,,,,,,,,,,,,
171778.0,,,,,,,,,,,,,,
171779.0,,,,,,,,,,,,,,
171780.0,,,,,,,,,,,,,,
171781.0,,,,,,,,,,,,,,
171782.0,,,,,,,,,,,,,,
171783.0,,,,,,,,,,,,,,
171784.0,,,,,,,,,,,,,,
171785.0,,,,,,,,,,,,,,
171786.0,,,,,,,,,,,,,,
171787.0,,,,,,,,,,,,,,
171788.0,,,,,,,,,,,,,,
171789.0,,,,,,,,,,,,,,
171790.0,,,,,,,,,,,,,,
171791.0,,,,,,,,,,,,,,
171792.0,,,,,,,,,,,,,,
171793.0,,,,,,,,,,,,,,
171794.0,,,,,,,,,,,,,,
171795.0,,,,,,,,,,,,,,
171796.0,,,,,,,,,,,,,,
171797.0,,,,,,,,,,,,,,
171798.0,,,,,,,,,,,,,,
171799.0,,,,,,,,,,,,,,
171800.0,,,,,,,,,,,,,,
171801.0,,,,,,,,,,,,,,
171802.0,,,,,,,,,,,,,,
171803.0,,,,,,,,,,,,,,
171804.0,,,,,,,,,,,,,,
171805.0,,,,,,,,,,,,,,
171806.0,,,,,,,,,,,,,,
171807.0,,,,,,,,,,,,,,
171808.0,,,,,,,,,,,,,,
171809.0,,,,,,,,,,,,,,
171810.0,,,,,,,,,,,,,,
171811.0,,,,,,,,,,,,,,
171812.0,,,,,,,,,,,,,,
171813.0,,,,,,,,,,,,,,
171814.0,,,,,,,,,,,,,,
171815.0,,,,,,,,,,,,,,
171816.0,,,,,,,,,,,,,,
171817.0,,,,,,,,,,,,,,
171818.0,,,,,,,,,,,,,,
171819.0,,,,,,,,,,,,,,
171820.0,,,,,,,,,,,,,,
171821.0,,,,,,,,,,,,,,
171822.0,,,,,,,,,,,,,,
171823.0,,,,,,,,,,,,,,
171824.0,,,,,,,,,,,,,,
171825.0,,,,,,,,,,,,,,
171826.0,,,,,,,,,,,,,,
171827.0,,,,,,,,,,,,,,
171828.0,,,,,,,,,,,,,,
171829.0,,,,,,,,,,,,,,
171830.0,,,,,,,,,,,,,,
171831.0,,,,,,,,,,,,,,
171832.0,,,,,,,,,,,,,,
171833.0,,,,,,,,,,,,,,
171834.0,,,,,,,,,,,,,,
171835.0,,,,,,,,,,,,,,
171836.0,,,,,,,,,,,,,,
171837.0,,,,,,,,,,,,,,
171838.0,,,,,,,,,,,,,,
171839.0,,,,,,,,,,,,,,
171840.0,,,,,,,,,,,,,,
171841.0,,,,,,,,,,,,,,
171842.0,,,,,,,,,,,,,,
171843.0,,,,,,,,,,,,,,
171844.0,,,,,,,,,,,,,,
171845.0,,,,,,,,,,,,,,
171846.0,,,,,,,,,,,,,,
171847.0,,,,,,,,,,,,,,
171848.0,,,,,,,,,,,,,,
171849.0,,,,,,,,,,,,,,
171850.0,,,,,,,,,,,,,,
171851.0,,,,,,,,,,,,,,
171852.0,,,,,,,,,,,,,,
171853.0,,,,,,,,,,,,,,
171854.0,,,,,,,,,,,,,,
171855.0,,,,,,,,,,,,,,
171856.0,,,,,,,,,,,,,,
171857.0,,,,,,,,,,,,,,
171858.0,,,,,,,,,,,,,,
171859.0,,,,,,,,,,,,,,
171860.0,,,,,,,,,,,,,,
171861.0,,,,,,,,,,,,,,
171862.0,,,,,,,,,,,,,,
171863.0,,,,,,,,,,,,,,
171864.0,,,,,,,,,,,,,,
171865.0,,,,,,,,,,,,,,
171866.0,,,,,,,,,,,,,,
171867.0,,,,,,,,,,,,,,
171868.0,,,,,,,,,,,,,,
171869.0,,,,,,,,,,,,,,
171870.0,,,,,,,,,,,,,,
171871.0,,,,,,,,,,,,,,
171872.0,,,,,,,,,,,,,,
171873.0,,,,,,,,,,,,,,
171874.0,,,,,,,,,,,,,,
171875.0,,,,,,,,,,,,,,
171876.0,,,,,,,,,,,,,,
171877.0,,,,,,,,,,,,,,
171878.0,,,,,,,,,,,,,,
171879.0,,,,,,,,,,,,,,
171880.0,,,,,,,,,,,,,,
171881.0,,,,,,,,,,,,,,
171882.0,,,,,,,,,,,,,,
171883.0,,,,,,,,,,,,,,
171884.0,,,,,,,,,,,,,,
171885.0,,,,,,,,,,,,,,
171886.0,,,,,,,,,,,,,,
171887.0,,,,,,,,,,,,,,
171888.0,,,,,,,,,,,,,,
171889.0,,,,,,,,,,,,,,
171890.0,,,,,,,,,,,,,,
171891.0,,,,,,,,,,,,,,
171892.0,,,,,,,,,,,,,,
171893.0,,,,,,,,,,,,,,
171894.0,,,,,,,,,,,,,,
171895.0,,,,,,,,,,,,,,
171896.0,,,,,,,,,,,,,,
171897.0,,,,,,,,,,,,,,
171898.0,,,,,,,,,,,,,,
171899.0,,,,,,,,,,,,,,
171900.0,,,,,,,,,,,,,,
171901.0,,,,,,,,,,,,,,
171902.0,,,,,,,,,,,,,,
171903.0,,,,,,,,,,,,,,
171904.0,,,,,,,,,,,,,,
171905.0,,,,,,,,,,,,,,
171906.0,,,,,,,,,,,,,,
171907.0,,,,,,,,,,,,,,
171908.0,,,,,,,,,,,,,,
171909.0,,,,,,,,,,,,,,
171910.0,,,,,,,,,,,,,,
171911.0,,,,,,,,,,,,,,
171912.0,,,,,,,,,,,,,,
171913.0,,,,,,,,,,,,,,
171914.0,,,,,,,,,,,,,,
171915.0,,,,,,,,,,,,,,
171916.0,,,,,,,,,,,,,,
171917.0,,,,,,,,,,,,,,
171918.0,,,,,,,,,,,,,,
171919.0,,,,,,,,,,,,,,
171920.0,,,,,,,,,,,,,,
171921.0,,,,,,,,,,,,,,
171922.0,,,,,,,,,,,,,,
171923.0,,,,,,,,,,,,,,
171924.0,,,,,,,,,,,,,,
171925.0,,,,,,,,,,,,,,
171926.0,,,,,,,,,,,,,,
171927.0,,,,,,,,,,,,,,
171928.0,,,,,,,,,,,,,,
171929.0,,,,,,,,,,,,,,
171930.0,,,,,,,,,,,,,,
171931.0,,,,,,,,,,,,,,
171932.0,,,,,,,,,,,,,,
171933.0,,,,,,,,,,,,,,
171934.0,,,,,,,,,,,,,,
171935.0,,,,,,,,,,,,,,
171936.0,,,,,,,,,,,,,,
171937.0,,,,,,,,,,,,,,
171938.0,,,,,,,,,,,,,,
171939.0,,,,,,,,,,,,,,
171940.0,,,,,,,,,,,,,,
171941.0,,,,,,,,,,,,,,
171942.0,,,,,,,,,,,,,,
171943.0,,,,,,,,,,,,,,
171944.0,,,,,,,,,,,,,,
171945.0,,,,,,,,,,,,,,
171946.0,,,,,,,,,,,,,,
171947.0,,,,,,,,,,,,,,
171948.0,,,,,,,,,,,,,,
171949.0,,,,,,,,,,,,,,
171950.0,,,,,,,,,,,,,,
171951.0,,,,,,,,,,,,,,
171952.0,,,,,,,,,,,,,,
171953.0,,,,,,,,,,,,,,
171954.0,,,,,,,,,,,,,,
171955.0,,,,,,,,,,,,,,
171956.0,,,,,,,,,,,,,,
171957.0,,,,,,,,,,,,,,
171958.0,,,,,,,,,,,,,,
171959.0,,,,,,,,,,,,,,
171960.0,,,,,,,,,,,,,,
171961.0,,,,,,,,,,,,,,
171962.0,,,,,,,,,,,,,,
171963.0,,,,,,,,,,,,,,
171964.0,,,,,,,,,,,,,,
171965.0,,,,,,,,,,,,,,
171966.0,,,,,,,,,,,,,,
171967.0,,,,,,,,,,,,,,
171968.0,,,,,,,,,,,,,,
171969.0,,,,,,,,,,,,,,
171970.0,,,,,,,,,,,,,,
171971.0,,,,,,,,,,,,,,
171972.0,,,,,,,,,,,,,,
171973.0,,,,,,,,,,,,,,
171974.0,,,,,,,,,,,,,,
171975.0,,,,,,,,,,,,,,
171976.0,,,,,,,,,,,,,,
171977.0,,,,,,,,,,,,,,
171978.0,,,,,,,,,,,,,,
171979.0,,,,,,,,,,,,,,
171980.0,,,,,,,,,,,,,,
171981.0,,,,,,,,,,,,,,
171982.0,,,,,,,,,,,,,,
171983.0,,,,,,,,,,,,,,
171984.0,,,,,,,,,,,,,,
171985.0,,,,,,,,,,,,,,
171986.0,,,,,,,,,,,,,,
171987.0,,,,,,,,,,,,,,
171988.0,,,,,,,,,,,,,,
171989.0,,,,,,,,,,,,,,
171990.0,,,,,,,,,,,,,,
171991.0,,,,,,,,,,,,,,
171992.0,,,,,,,,,,,,,,
171993.0,,,,,,,,,,,,,,
171994.0,,,,,,,,,,,,,,
171995.0,,,,,,,,,,,,,,
171996.0,,,,,,,,,,,,,,
171997.0,,,,,,,,,,,,,,
171998.0,,,,,,,,,,,,,,
171999.0,,,,,,,,,,,,,,
172000.0,,,,,,,,,,,,,,
172001.0,,,,,,,,,,,,,,
172002.0,,,,,,,,,,,,,,
172003.0,,,,,,,,,,,,,,
172004.0,,,,,,,,,,,,,,
172005.0,,,,,,,,,,,,,,
172006.0,,,,,,,,,,,,,,
172007.0,,,,,,,,,,,,,,
172008.0,,,,,,,,,,,,,,
172009.0,,,,,,,,,,,,,,
172010.0,,,,,,,,,,,,,,
172011.0,,,,,,,,,,,,,,
172012.0,,,,,,,,,,,,,,
172013.0,,,,,,,,,,,,,,
172014.0,,,,,,,,,,,,,,
172015.0,,,,,,,,,,,,,,
172016.0,,,,,,,,,,,,,,
172017.0,,,,,,,,,,,,,,
172018.0,,,,,,,,,,,,,,
172019.0,,,,,,,,,,,,,,
172020.0,,,,,,,,,,,,,,
172021.0,,,,,,,,,,,,,,
172022.0,,,,,,,,,,,,,,
172023.0,,,,,,,,,,,,,,
172024.0,,,,,,,,,,,,,,
172025.0,,,,,,,,,,,,,,
172026.0,,,,,,,,,,,,,,
172027.0,,,,,,,,,,,,,,
172028.0,,,,,,,,,,,,,,
172029.0,,,,,,,,,,,,,,
172030.0,,,,,,,,,,,,,,
172031.0,,,,,,,,,,,,,,
172032.0,,,,,,,,,,,,,,
172033.0,,,,,,,,,,,,,,
172034.0,,,,,,,,,,,,,,
172035.0,,,,,,,,,,,,,,
172036.0,,,,,,,,,,,,,,
172037.0,,,,,,,,,,,,,,
172038.0,,,,,,,,,,,,,,
172039.0,,,,,,,,,,,,,,
172040.0,,,,,,,,,,,,,,
172041.0,,,,,,,,,,,,,,
172042.0,,,,,,,,,,,,,,
172043.0,,,,,,,,,,,,,,
172044.0,,,,,,,,,,,,,,
172045.0,,,,,,,,,,,,,,
172046.0,,,,,,,,,,,,,,
172047.0,,,,,,,,,,,,,,
172048.0,,,,,,,,,,,,,,
172049.0,,,,,,,,,,,,,,
172050.0,,,,,,,,,,,,,,
172051.0,,,,,,,,,,,,,,
172052.0,,,,,,,,,,,,,,
172053.0,,,,,,,,,,,,,,
172054.0,,,,,,,,,,,,,,
172055.0,,,,,,,,,,,,,,
172056.0,,,,,,,,,,,,,,
172057.0,,,,,,,,,,,,,,
172058.0,,,,,,,,,,,,,,
172059.0,,,,,,,,,,,,,,
172060.0,,,,,,,,,,,,,,
172061.0,,,,,,,,,,,,,,
172062.0,,,,,,,,,,,,,,
172063.0,,,,,,,,,,,,,,
172064.0,,,,,,,,,,,,,,
172065.0,,,,,,,,,,,,,,
172066.0,,,,,,,,,,,,,,
172067.0,,,,,,,,,,,,,,
172068.0,,,,,,,,,,,,,,
172069.0,,,,,,,,,,,,,,
172070.0,,,,,,,,,,,,,,
172071.0,,,,,,,,,,,,,,
172072.0,,,,,,,,,,,,,,
172073.0,,,,,,,,,,,,,,
172074.0,,,,,,,,,,,,,,
172075.0,,,,,,,,,,,,,,
172076.0,,,,,,,,,,,,,,
172077.0,,,,,,,,,,,,,,
172078.0,,,,,,,,,,,,,,
172079.0,,,,,,,,,,,,,,
172080.0,,,,,,,,,,,,,,
172081.0,,,,,,,,,,,,,,
172082.0,,,,,,,,,,,,,,
172083.0,,,,,,,,,,,,,,
172084.0,,,,,,,,,,,,,,
172085.0,,,,,,,,,,,,,,
172086.0,,,,,,,,,,,,,,
172087.0,,,,,,,,,,,,,,
172088.0,,,,,,,,,,,,,,
172089.0,,,,,,,,,,,,,,
172090.0,,,,,,,,,,,,,,
172091.0,,,,,,,,,,,,,,
172092.0,,,,,,,,,,,,,,
172093.0,,,,,,,,,,,,,,
172094.0,,,,,,,,,,,,,,
172095.0,,,,,,,,,,,,,,
172096.0,,,,,,,,,,,,,,
172097.0,,,,,,,,,,,,,,
172098.0,,,,,,,,,,,,,,
172099.0,,,,,,,,,,,,,,
172100.0,,,,,,,,,,,,,,
172101.0,,,,,,,,,,,,,,
172102.0,,,,,,,,,,,,,,
172103.0,,,,,,,,,,,,,,
172104.0,,,,,,,,,,,,,,
172105.0,,,,,,,,,,,,,,
172106.0,,,,,,,,,,,,,,
172107.0,,,,,,,,,,,,,,
172108.0,,,,,,,,,,,,,,
172109.0,,,,,,,,,,,,,,
172110.0,,,,,,,,,,,,,,
172111.0,,,,,,,,,,,,,,
172112.0,,,,,,,,,,,,,,
172113.0,,,,,,,,,,,,,,
172114.0,,,,,,,,,,,,,,
172115.0,,,,,,,,,,,,,,
172116.0,,,,,,,,,,,,,,
172117.0,,,,,,,,,,,,,,
172118.0,,,,,,,,,,,,,,
172119.0,,,,,,,,,,,,,,
172120.0,,,,,,,,,,,,,,
172121.0,,,,,,,,,,,,,,
172122.0,,,,,,,,,,,,,,
172123.0,,,,,,,,,,,,,,
172124.0,,,,,,,,,,,,,,
172125.0,,,,,,,,,,,,,,
172126.0,,,,,,,,,,,,,,
172127.0,,,,,,,,,,,,,,
172128.0,,,,,,,,,,,,,,
172129.0,,,,,,,,,,,,,,
172130.0,,,,,,,,,,,,,,
172131.0,,,,,,,,,,,,,,
172132.0,,,,,,,,,,,,,,
172133.0,,,,,,,,,,,,,,
172134.0,,,,,,,,,,,,,,
172135.0,,,,,,,,,,,,,,
172136.0,,,,,,,,,,,,,,
172137.0,,,,,,,,,,,,,,
172138.0,,,,,,,,,,,,,,
172139.0,,,,,,,,,,,,,,
172140.0,,,,,,,,,,,,,,
172141.0,,,,,,,,,,,,,,
172142.0,,,,,,,,,,,,,,
172143.0,,,,,,,,,,,,,,
172144.0,,,,,,,,,,,,,,
172145.0,,,,,,,,,,,,,,
172146.0,,,,,,,,,,,,,,
172147.0,,,,,,,,,,,,,,
172148.0,,,,,,,,,,,,,,
172149.0,,,,,,,,,,,,,,
172150.0,,,,,,,,,,,,,,
172151.0,,,,,,,,,,,,,,
172152.0,,,,,,,,,,,,,,
172153.0,,,,,,,,,,,,,,
172154.0,,,,,,,,,,,,,,
172155.0,,,,,,,,,,,,,,
172156.0,,,,,,,,,,,,,,
172157.0,,,,,,,,,,,,,,
172158.0,,,,,,,,,,,,,,
172159.0,,,,,,,,,,,,,,
172160.0,,,,,,,,,,,,,,
172161.0,,,,,,,,,,,,,,
172162.0,,,,,,,,,,,,,,
172163.0,,,,,,,,,,,,,,
172164.0,,,,,,,,,,,,,,
172165.0,,,,,,,,,,,,,,
172166.0,,,,,,,,,,,,,,
172167.0,,,,,,,,,,,,,,
172168.0,,,,,,,,,,,,,,
172169.0,,,,,,,,,,,,,,
172170.0,,,,,,,,,,,,,,
172171.0,,,,,,,,,,,,,,
172172.0,,,,,,,,,,,,,,
172173.0,,,,,,,,,,,,,,
172174.0,,,,,,,,,,,,,,
172175.0,,,,,,,,,,,,,,
172176.0,,,,,,,,,,,,,,
172177.0,,,,,,,,,,,,,,
172178.0,,,,,,,,,,,,,,
172179.0,,,,,,,,,,,,,,
172180.0,,,,,,,,,,,,,,
172181.0,,,,,,,,,,,,,,
172182.0,,,,,,,,,,,,,,
172183.0,,,,,,,,,,,,,,
172184.0,,,,,,,,,,,,,,
172185.0,,,,,,,,,,,,,,
172186.0,,,,,,,,,,,,,,
172187.0,,,,,,,,,,,,,,
172188.0,,,,,,,,,,,,,,
172189.0,,,,,,,,,,,,,,
172190.0,,,,,,,,,,,,,,
172191.0,,,,,,,,,,,,,,
172192.0,,,,,,,,,,,,,,
172193.0,,,,,,,,,,,,,,
172194.0,,,,,,,,,,,,,,
172195.0,,,,,,,,,,,,,,
172196.0,,,,,,,,,,,,,,
172197.0,,,,,,,,,,,,,,
172198.0,,,,,,,,,,,,,,
172199.0,,,,,,,,,,,,,,
172200.0,,,,,,,,,,,,,,
172201.0,,,,,,,,,,,,,,
172202.0,,,,,,,,,,,,,,
172203.0,,,,,,,,,,,,,,
172204.0,,,,,,,,,,,,,,
172205.0,,,,,,,,,,,,,,
172206.0,,,,,,,,,,,,,,
172207.0,,,,,,,,,,,,,,
172208.0,,,,,,,,,,,,,,
172209.0,,,,,,,,,,,,,,
172210.0,,,,,,,,,,,,,,
172211.0,,,,,,,,,,,,,,
172212.0,,,,,,,,,,,,,,
172213.0,,,,,,,,,,,,,,
172214.0,,,,,,,,,,,,,,
172215.0,,,,,,,,,,,,,,
172216.0,,,,,,,,,,,,,,
172217.0,,,,,,,,,,,,,,
172218.0,,,,,,,,,,,,,,
172219.0,,,,,,,,,,,,,,
172220.0,,,,,,,,,,,,,,
172221.0,,,,,,,,,,,,,,
172222.0,,,,,,,,,,,,,,
172223.0,,,,,,,,,,,,,,
172224.0,,,,,,,,,,,,,,
172225.0,,,,,,,,,,,,,,
172226.0,,,,,,,,,,,,,,
172227.0,,,,,,,,,,,,,,
172228.0,,,,,,,,,,,,,,
172229.0,,,,,,,,,,,,,,
172230.0,,,,,,,,,,,,,,
172231.0,,,,,,,,,,,,,,
172232.0,,,,,,,,,,,,,,
172233.0,,,,,,,,,,,,,,
172234.0,,,,,,,,,,,,,,
172235.0,,,,,,,,,,,,,,
172236.0,,,,,,,,,,,,,,
172237.0,,,,,,,,,,,,,,
172238.0,,,,,,,,,,,,,,
172239.0,,,,,,,,,,,,,,
172240.0,,,,,,,,,,,,,,
172241.0,,,,,,,,,,,,,,
172242.0,,,,,,,,,,,,,,
172243.0,,,,,,,,,,,,,,
172244.0,,,,,,,,,,,,,,
172245.0,,,,,,,,,,,,,,
172246.0,,,,,,,,,,,,,,
172247.0,,,,,,,,,,,,,,
172248.0,,,,,,,,,,,,,,
172249.0,,,,,,,,,,,,,,
172250.0,,,,,,,,,,,,,,
172251.0,,,,,,,,,,,,,,
172252.0,,,,,,,,,,,,,,
172253.0,,,,,,,,,,,,,,
172254.0,,,,,,,,,,,,,,
172255.0,,,,,,,,,,,,,,
172256.0,,,,,,,,,,,,,,
172257.0,,,,,,,,,,,,,,
172258.0,,,,,,,,,,,,,,
172259.0,,,,,,,,,,,,,,
172260.0,,,,,,,,,,,,,,
172261.0,,,,,,,,,,,,,,
172262.0,,,,,,,,,,,,,,
172263.0,,,,,,,,,,,,,,
172264.0,,,,,,,,,,,,,,
172265.0,,,,,,,,,,,,,,
172266.0,,,,,,,,,,,,,,
172267.0,,,,,,,,,,,,,,
172268.0,,,,,,,,,,,,,,
172269.0,,,,,,,,,,,,,,
172270.0,,,,,,,,,,,,,,
172271.0,,,,,,,,,,,,,,
172272.0,,,,,,,,,,,,,,
172273.0,,,,,,,,,,,,,,
172274.0,,,,,,,,,,,,,,
172275.0,,,,,,,,,,,,,,
172276.0,,,,,,,,,,,,,,
172277.0,,,,,,,,,,,,,,
172278.0,,,,,,,,,,,,,,
172279.0,,,,,,,,,,,,,,
172280.0,,,,,,,,,,,,,,
172281.0,,,,,,,,,,,,,,
172282.0,,,,,,,,,,,,,,
172283.0,,,,,,,,,,,,,,
172284.0,,,,,,,,,,,,,,
172285.0,,,,,,,,,,,,,,
172286.0,,,,,,,,,,,,,,
172287.0,,,,,,,,,,,,,,
172288.0,,,,,,,,,,,,,,
172289.0,,,,,,,,,,,,,,
172290.0,,,,,,,,,,,,,,
172291.0,,,,,,,,,,,,,,
172292.0,,,,,,,,,,,,,,
172293.0,,,,,,,,,,,,,,
172294.0,,,,,,,,,,,,,,
172295.0,,,,,,,,,,,,,,
172296.0,,,,,,,,,,,,,,
172297.0,,,,,,,,,,,,,,
172298.0,,,,,,,,,,,,,,
172299.0,,,,,,,,,,,,,,
172300.0,,,,,,,,,,,,,,
172301.0,,,,,,,,,,,,,,
172302.0,,,,,,,,,,,,,,
172303.0,,,,,,,,,,,,,,
172304.0,,,,,,,,,,,,,,
172305.0,,,,,,,,,,,,,,
172306.0,,,,,,,,,,,,,,
172307.0,,,,,,,,,,,,,,
172308.0,,,,,,,,,,,,,,
172309.0,,,,,,,,,,,,,,
172310.0,,,,,,,,,,,,,,
172311.0,,,,,,,,,,,,,,
172312.0,,,,,,,,,,,,,,
172313.0,,,,,,,,,,,,,,
172314.0,,,,,,,,,,,,,,
172315.0,,,,,,,,,,,,,,
172316.0,,,,,,,,,,,,,,
172317.0,,,,,,,,,,,,,,
172318.0,,,,,,,,,,,,,,
172319.0,,,,,,,,,,,,,,
172320.0,,,,,,,,,,,,,,
172321.0,,,,,,,,,,,,,,
172322.0,,,,,,,,,,,,,,
172323.0,,,,,,,,,,,,,,
172324.0,,,,,,,,,,,,,,
172325.0,,,,,,,,,,,,,,
172326.0,,,,,,,,,,,,,,
172327.0,,,,,,,,,,,,,,
172328.0,,,,,,,,,,,,,,
172329.0,,,,,,,,,,,,,,
172330.0,,,,,,,,,,,,,,
172331.0,,,,,,,,,,,,,,
172332.0,,,,,,,,,,,,,,
172333.0,,,,,,,,,,,,,,
172334.0,,,,,,,,,,,,,,
172335.0,,,,,,,,,,,,,,
172336.0,,,,,,,,,,,,,,
172337.0,,,,,,,,,,,,,,
172338.0,,,,,,,,,,,,,,
172339.0,,,,,,,,,,,,,,
172340.0,,,,,,,,,,,,,,
172341.0,,,,,,,,,,,,,,
172342.0,,,,,,,,,,,,,,
172343.0,,,,,,,,,,,,,,
172344.0,,,,,,,,,,,,,,
172345.0,,,,,,,,,,,,,,
172346.0,,,,,,,,,,,,,,
172347.0,,,,,,,,,,,,,,
172348.0,,,,,,,,,,,,,,
172349.0,,,,,,,,,,,,,,
172350.0,,,,,,,,,,,,,,
172351.0,,,,,,,,,,,,,,
172352.0,,,,,,,,,,,,,,
172353.0,,,,,,,,,,,,,,
172354.0,,,,,,,,,,,,,,
172355.0,,,,,,,,,,,,,,
172356.0,,,,,,,,,,,,,,
172357.0,,,,,,,,,,,,,,
172358.0,,,,,,,,,,,,,,
172359.0,,,,,,,,,,,,,,
172360.0,,,,,,,,,,,,,,
172361.0,,,,,,,,,,,,,,
172362.0,,,,,,,,,,,,,,
172363.0,,,,,,,,,,,,,,
172364.0,,,,,,,,,,,,,,
172365.0,,,,,,,,,,,,,,
172366.0,,,,,,,,,,,,,,
172367.0,,,,,,,,,,,,,,
172368.0,,,,,,,,,,,,,,
172369.0,,,,,,,,,,,,,,
172370.0,,,,,,,,,,,,,,
172371.0,,,,,,,,,,,,,,
172372.0,,,,,,,,,,,,,,
172373.0,,,,,,,,,,,,,,
172374.0,,,,,,,,,,,,,,
172375.0,,,,,,,,,,,,,,
172376.0,,,,,,,,,,,,,,
172377.0,,,,,,,,,,,,,,
172378.0,,,,,,,,,,,,,,
172379.0,,,,,,,,,,,,,,
172380.0,,,,,,,,,,,,,,
172381.0,,,,,,,,,,,,,,
172382.0,,,,,,,,,,,,,,
172383.0,,,,,,,,,,,,,,
172384.0,,,,,,,,,,,,,,
172385.0,,,,,,,,,,,,,,
172386.0,,,,,,,,,,,,,,
172387.0,,,,,,,,,,,,,,
172388.0,,,,,,,,,,,,,,
172389.0,,,,,,,,,,,,,,
172390.0,,,,,,,,,,,,,,
172391.0,,,,,,,,,,,,,,
172392.0,,,,,,,,,,,,,,
172393.0,,,,,,,,,,,,,,
172394.0,,,,,,,,,,,,,,
172395.0,,,,,,,,,,,,,,
172396.0,,,,,,,,,,,,,,
172397.0,,,,,,,,,,,,,,
172398.0,,,,,,,,,,,,,,
172399.0,,,,,,,,,,,,,,
172400.0,,,,,,,,,,,,,,
172401.0,,,,,,,,,,,,,,
172402.0,,,,,,,,,,,,,,
172403.0,,,,,,,,,,,,,,
172404.0,,,,,,,,,,,,,,
172405.0,,,,,,,,,,,,,,
172406.0,,,,,,,,,,,,,,
172407.0,,,,,,,,,,,,,,
172408.0,,,,,,,,,,,,,,
172409.0,,,,,,,,,,,,,,
172410.0,,,,,,,,,,,,,,
172411.0,,,,,,,,,,,,,,
172412.0,,,,,,,,,,,,,,
172413.0,,,,,,,,,,,,,,
172414.0,,,,,,,,,,,,,,
172415.0,,,,,,,,,,,,,,
172416.0,,,,,,,,,,,,,,
172417.0,,,,,,,,,,,,,,
172418.0,,,,,,,,,,,,,,
172419.0,,,,,,,,,,,,,,
172420.0,,,,,,,,,,,,,,
172421.0,,,,,,,,,,,,,,
172422.0,,,,,,,,,,,,,,
172423.0,,,,,,,,,,,,,,
172424.0,,,,,,,,,,,,,,
172425.0,,,,,,,,,,,,,,
172426.0,,,,,,,,,,,,,,
172427.0,,,,,,,,,,,,,,
172428.0,,,,,,,,,,,,,,
172429.0,,,,,,,,,,,,,,
172430.0,,,,,,,,,,,,,,
172431.0,,,,,,,,,,,,,,
172432.0,,,,,,,,,,,,,,
172433.0,,,,,,,,,,,,,,
172434.0,,,,,,,,,,,,,,
172435.0,,,,,,,,,,,,,,
172436.0,,,,,,,,,,,,,,
172437.0,,,,,,,,,,,,,,
172438.0,,,,,,,,,,,,,,
172439.0,,,,,,,,,,,,,,
172440.0,,,,,,,,,,,,,,
172441.0,,,,,,,,,,,,,,
172442.0,,,,,,,,,,,,,,
172443.0,,,,,,,,,,,,,,
172444.0,,,,,,,,,,,,,,
172445.0,,,,,,,,,,,,,,
172446.0,,,,,,,,,,,,,,
172447.0,,,,,,,,,,,,,,
172448.0,,,,,,,,,,,,,,
172449.0,,,,,,,,,,,,,,
172450.0,,,,,,,,,,,,,,
172451.0,,,,,,,,,,,,,,
172452.0,,,,,,,,,,,,,,
172453.0,,,,,,,,,,,,,,
172454.0,,,,,,,,,,,,,,
172455.0,,,,,,,,,,,,,,
172456.0,,,,,,,,,,,,,,
172457.0,,,,,,,,,,,,,,
172458.0,,,,,,,,,,,,,,
172459.0,,,,,,,,,,,,,,
172460.0,,,,,,,,,,,,,,
172461.0,,,,,,,,,,,,,,
172462.0,,,,,,,,,,,,,,
172463.0,,,,,,,,,,,,,,
172464.0,,,,,,,,,,,,,,
172465.0,,,,,,,,,,,,,,
172466.0,,,,,,,,,,,,,,
172467.0,,,,,,,,,,,,,,
172468.0,,,,,,,,,,,,,,
172469.0,,,,,,,,,,,,,,
172470.0,,,,,,,,,,,,,,
172471.0,,,,,,,,,,,,,,
172472.0,,,,,,,,,,,,,,
172473.0,,,,,,,,,,,,,,
172474.0,,,,,,,,,,,,,,
172475.0,,,,,,,,,,,,,,
172476.0,,,,,,,,,,,,,,
172477.0,,,,,,,,,,,,,,
172478.0,,,,,,,,,,,,,,
172479.0,,,,,,,,,,,,,,
172480.0,,,,,,,,,,,,,,
172481.0,,,,,,,,,,,,,,
172482.0,,,,,,,,,,,,,,
172483.0,,,,,,,,,,,,,,
172484.0,,,,,,,,,,,,,,
172485.0,,,,,,,,,,,,,,
172486.0,,,,,,,,,,,,,,
172487.0,,,,,,,,,,,,,,
172488.0,,,,,,,,,,,,,,
172489.0,,,,,,,,,,,,,,
172490.0,,,,,,,,,,,,,,
172491.0,,,,,,,,,,,,,,
172492.0,,,,,,,,,,,,,,
172493.0,,,,,,,,,,,,,,
172494.0,,,,,,,,,,,,,,
172495.0,,,,,,,,,,,,,,
172496.0,,,,,,,,,,,,,,
172497.0,,,,,,,,,,,,,,
172498.0,,,,,,,,,,,,,,
172499.0,,,,,,,,,,,,,,
172500.0,,,,,,,,,,,,,,
172501.0,,,,,,,,,,,,,,
172502.0,,,,,,,,,,,,,,
172503.0,,,,,,,,,,,,,,
172504.0,,,,,,,,,,,,,,
172505.0,,,,,,,,,,,,,,
172506.0,,,,,,,,,,,,,,
172507.0,,,,,,,,,,,,,,
172508.0,,,,,,,,,,,,,,
172509.0,,,,,,,,,,,,,,
172510.0,,,,,,,,,,,,,,
172511.0,,,,,,,,,,,,,,
172512.0,,,,,,,,,,,,,,
172513.0,,,,,,,,,,,,,,
172514.0,,,,,,,,,,,,,,
172515.0,,,,,,,,,,,,,,
172516.0,,,,,,,,,,,,,,
172517.0,,,,,,,,,,,,,,
172518.0,,,,,,,,,,,,,,
172519.0,,,,,,,,,,,,,,
172520.0,,,,,,,,,,,,,,
172521.0,,,,,,,,,,,,,,
172522.0,,,,,,,,,,,,,,
172523.0,,,,,,,,,,,,,,
172524.0,,,,,,,,,,,,,,
172525.0,,,,,,,,,,,,,,
172526.0,,,,,,,,,,,,,,
172527.0,,,,,,,,,,,,,,
172528.0,,,,,,,,,,,,,,
172529.0,,,,,,,,,,,,,,
172530.0,,,,,,,,,,,,,,
172531.0,,,,,,,,,,,,,,
172532.0,,,,,,,,,,,,,,
172533.0,,,,,,,,,,,,,,
172534.0,,,,,,,,,,,,,,
172535.0,,,,,,,,,,,,,,
172536.0,,,,,,,,,,,,,,
172537.0,,,,,,,,,,,,,,
172538.0,,,,,,,,,,,,,,
172539.0,,,,,,,,,,,,,,
172540.0,,,,,,,,,,,,,,
172541.0,,,,,,,,,,,,,,
172542.0,,,,,,,,,,,,,,
172543.0,,,,,,,,,,,,,,
172544.0,,,,,,,,,,,,,,
172545.0,,,,,,,,,,,,,,
172546.0,,,,,,,,,,,,,,
172547.0,,,,,,,,,,,,,,
172548.0,,,,,,,,,,,,,,
172549.0,,,,,,,,,,,,,,
172550.0,,,,,,,,,,,,,,
172551.0,,,,,,,,,,,,,,
172552.0,,,,,,,,,,,,,,
172553.0,,,,,,,,,,,,,,
172554.0,,,,,,,,,,,,,,
172555.0,,,,,,,,,,,,,,
172556.0,,,,,,,,,,,,,,
172557.0,,,,,,,,,,,,,,
172558.0,,,,,,,,,,,,,,
172559.0,,,,,,,,,,,,,,
172560.0,,,,,,,,,,,,,,
172561.0,,,,,,,,,,,,,,
172562.0,,,,,,,,,,,,,,
172563.0,,,,,,,,,,,,,,
172564.0,,,,,,,,,,,,,,
172565.0,,,,,,,,,,,,,,
172566.0,,,,,,,,,,,,,,
172567.0,,,,,,,,,,,,,,
172568.0,,,,,,,,,,,,,,
172569.0,,,,,,,,,,,,,,
172570.0,,,,,,,,,,,,,,
172571.0,,,,,,,,,,,,,,
172572.0,,,,,,,,,,,,,,
172573.0,,,,,,,,,,,,,,
172574.0,,,,,,,,,,,,,,
172575.0,,,,,,,,,,,,,,
172576.0,,,,,,,,,,,,,,
172577.0,,,,,,,,,,,,,,
172578.0,,,,,,,,,,,,,,
172579.0,,,,,,,,,,,,,,
172580.0,,,,,,,,,,,,,,
172581.0,,,,,,,,,,,,,,
172582.0,,,,,,,,,,,,,,
172583.0,,,,,,,,,,,,,,
172584.0,,,,,,,,,,,,,,
172585.0,,,,,,,,,,,,,,
172586.0,,,,,,,,,,,,,,
172587.0,,,,,,,,,,,,,,
172588.0,,,,,,,,,,,,,,
172589.0,,,,,,,,,,,,,,
172590.0,,,,,,,,,,,,,,
172591.0,,,,,,,,,,,,,,
172592.0,,,,,,,,,,,,,,
172593.0,,,,,,,,,,,,,,
172594.0,,,,,,,,,,,,,,
172595.0,,,,,,,,,,,,,,
172596.0,,,,,,,,,,,,,,
172597.0,,,,,,,,,,,,,,
172598.0,,,,,,,,,,,,,,
172599.0,,,,,,,,,,,,,,
172600.0,,,,,,,,,,,,,,
172601.0,,,,,,,,,,,,,,
172602.0,,,,,,,,,,,,,,
172603.0,,,,,,,,,,,,,,
172604.0,,,,,,,,,,,,,,
172605.0,,,,,,,,,,,,,,
172606.0,,,,,,,,,,,,,,
172607.0,,,,,,,,,,,,,,
172608.0,,,,,,,,,,,,,,
172609.0,,,,,,,,,,,,,,
172610.0,,,,,,,,,,,,,,
172611.0,,,,,,,,,,,,,,
172612.0,,,,,,,,,,,,,,
172613.0,,,,,,,,,,,,,,
172614.0,,,,,,,,,,,,,,
172615.0,,,,,,,,,,,,,,
172616.0,,,,,,,,,,,,,,
172617.0,,,,,,,,,,,,,,
172618.0,,,,,,,,,,,,,,
172619.0,,,,,,,,,,,,,,
172620.0,,,,,,,,,,,,,,
172621.0,,,,,,,,,,,,,,
172622.0,,,,,,,,,,,,,,
172623.0,,,,,,,,,,,,,,
172624.0,,,,,,,,,,,,,,
172625.0,,,,,,,,,,,,,,
172626.0,,,,,,,,,,,,,,
172627.0,,,,,,,,,,,,,,
172628.0,,,,,,,,,,,,,,
172629.0,,,,,,,,,,,,,,
172630.0,,,,,,,,,,,,,,
172631.0,,,,,,,,,,,,,,
172632.0,,,,,,,,,,,,,,
172633.0,,,,,,,,,,,,,,
172634.0,,,,,,,,,,,,,,
172635.0,,,,,,,,,,,,,,
172636.0,,,,,,,,,,,,,,
172637.0,,,,,,,,,,,,,,
172638.0,,,,,,,,,,,,,,
172639.0,,,,,,,,,,,,,,
172640.0,,,,,,,,,,,,,,
172641.0,,,,,,,,,,,,,,
172642.0,,,,,,,,,,,,,,
172643.0,,,,,,,,,,,,,,
172644.0,,,,,,,,,,,,,,
172645.0,,,,,,,,,,,,,,
172646.0,,,,,,,,,,,,,,
172647.0,,,,,,,,,,,,,,
172648.0,,,,,,,,,,,,,,
172649.0,,,,,,,,,,,,,,
172650.0,,,,,,,,,,,,,,
172651.0,,,,,,,,,,,,,,
172652.0,,,,,,,,,,,,,,
172653.0,,,,,,,,,,,,,,
172654.0,,,,,,,,,,,,,,
172655.0,,,,,,,,,,,,,,
172656.0,,,,,,,,,,,,,,
172657.0,,,,,,,,,,,,,,
172658.0,,,,,,,,,,,,,,
172659.0,,,,,,,,,,,,,,
172660.0,,,,,,,,,,,,,,
172661.0,,,,,,,,,,,,,,
172662.0,,,,,,,,,,,,,,
172663.0,,,,,,,,,,,,,,
172664.0,,,,,,,,,,,,,,
172665.0,,,,,,,,,,,,,,
172666.0,,,,,,,,,,,,,,
172667.0,,,,,,,,,,,,,,
172668.0,,,,,,,,,,,,,,
172669.0,,,,,,,,,,,,,,
172670.0,,,,,,,,,,,,,,
172671.0,,,,,,,,,,,,,,
172672.0,,,,,,,,,,,,,,
172673.0,,,,,,,,,,,,,,
172674.0,,,,,,,,,,,,,,
172675.0,,,,,,,,,,,,,,
172676.0,,,,,,,,,,,,,,
172677.0,,,,,,,,,,,,,,
172678.0,,,,,,,,,,,,,,
172679.0,,,,,,,,,,,,,,
172680.0,,,,,,,,,,,,,,
172681.0,,,,,,,,,,,,,,
172682.0,,,,,,,,,,,,,,
172683.0,,,,,,,,,,,,,,
172684.0,,,,,,,,,,,,,,
172685.0,,,,,,,,,,,,,,
172686.0,,,,,,,,,,,,,,
172687.0,,,,,,,,,,,,,,
172688.0,,,,,,,,,,,,,,
172689.0,,,,,,,,,,,,,,
172690.0,,,,,,,,,,,,,,
172691.0,,,,,,,,,,,,,,
172692.0,,,,,,,,,,,,,,
172693.0,,,,,,,,,,,,,,
172694.0,,,,,,,,,,,,,,
172695.0,,,,,,,,,,,,,,
172696.0,,,,,,,,,,,,,,
172697.0,,,,,,,,,,,,,,
172698.0,,,,,,,,,,,,,,
172699.0,,,,,,,,,,,,,,
172700.0,,,,,,,,,,,,,,
172701.0,,,,,,,,,,,,,,
172702.0,,,,,,,,,,,,,,
172703.0,,,,,,,,,,,,,,
172704.0,,,,,,,,,,,,,,
172705.0,,,,,,,,,,,,,,
172706.0,,,,,,,,,,,,,,
172707.0,,,,,,,,,,,,,,
172708.0,,,,,,,,,,,,,,
172709.0,,,,,,,,,,,,,,
172710.0,,,,,,,,,,,,,,
172711.0,,,,,,,,,,,,,,
172712.0,,,,,,,,,,,,,,
172713.0,,,,,,,,,,,,,,
172714.0,,,,,,,,,,,,,,
172715.0,,,,,,,,,,,,,,
172716.0,,,,,,,,,,,,,,
172717.0,,,,,,,,,,,,,,
172718.0,,,,,,,,,,,,,,
172719.0,,,,,,,,,,,,,,
172720.0,,,,,,,,,,,,,,
172721.0,,,,,,,,,,,,,,
172722.0,,,,,,,,,,,,,,
172723.0,,,,,,,,,,,,,,
172724.0,,,,,,,,,,,,,,
172725.0,,,,,,,,,,,,,,
172726.0,,,,,,,,,,,,,,
172727.0,,,,,,,,,,,,,,
172728.0,,,,,,,,,,,,,,
172729.0,,,,,,,,,,,,,,
172730.0,,,,,,,,,,,,,,
172731.0,,,,,,,,,,,,,,
172732.0,,,,,,,,,,,,,,
172733.0,,,,,,,,,,,,,,
172734.0,,,,,,,,,,,,,,
172735.0,,,,,,,,,,,,,,
172736.0,,,,,,,,,,,,,,
172737.0,,,,,,,,,,,,,,
172738.0,,,,,,,,,,,,,,
172739.0,,,,,,,,,,,,,,
172740.0,,,,,,,,,,,,,,
172741.0,,,,,,,,,,,,,,
172742.0,,,,,,,,,,,,,,
172743.0,,,,,,,,,,,,,,
172744.0,,,,,,,,,,,,,,
172745.0,,,,,,,,,,,,,,
172746.0,,,,,,,,,,,,,,
172747.0,,,,,,,,,,,,,,
172748.0,,,,,,,,,,,,,,
172749.0,,,,,,,,,,,,,,
172750.0,,,,,,,,,,,,,,
172751.0,,,,,,,,,,,,,,
172752.0,,,,,,,,,,,,,,
172753.0,,,,,,,,,,,,,,
172754.0,,,,,,,,,,,,,,
172755.0,,,,,,,,,,,,,,
172756.0,,,,,,,,,,,,,,
172757.0,,,,,,,,,,,,,,
172758.0,,,,,,,,,,,,,,
172759.0,,,,,,,,,,,,,,
172760.0,,,,,,,,,,,,,,
172761.0,,,,,,,,,,,,,,
172762.0,,,,,,,,,,,,,,
172763.0,,,,,,,,,,,,,,
172764.0,,,,,,,,,,,,,,
172765.0,,,,,,,,,,,,,,
172766.0,,,,,,,,,,,,,,
172767.0,,,,,,,,,,,,,,
172768.0,,,,,,,,,,,,,,
172769.0,,,,,,,,,,,,,,
172770.0,,,,,,,,,,,,,,
172771.0,,,,,,,,,,,,,,
172772.0,,,,,,,,,,,,,,
172773.0,,,,,,,,,,,,,,
172774.0,,,,,,,,,,,,,,
172775.0,,,,,,,,,,,,,,
172776.0,,,,,,,,,,,,,,
172777.0,,,,,,,,,,,,,,
172778.0,,,,,,,,,,,,,,
172779.0,,,,,,,,,,,,,,
172780.0,,,,,,,,,,,,,,
172781.0,,,,,,,,,,,,,,
172782.0,,,,,,,,,,,,,,
172783.0,,,,,,,,,,,,,,
172784.0,,,,,,,,,,,,,,
172785.0,,,,,,,,,,,,,,
172786.0,,,,,,,,,,,,,,
172787.0,,,,,,,,,,,,,,
172788.0,,,,,,,,,,,,,,
172789.0,,,,,,,,,,,,,,
172790.0,,,,,,,,,,,,,,
172791.0,,,,,,,,,,,,,,
172792.0,,,,,,,,,,,,,,
172793.0,,,,,,,,,,,,,,
172794.0,,,,,,,,,,,,,,
172795.0,,,,,,,,,,,,,,
172796.0,,,,,,,,,,,,,,
172797.0,,,,,,,,,,,,,,
172798.0,,,,,,,,,,,,,,
172799.0,,,,,,,,,,,,,,
172800.0,,,,,,,,,,,,,,
172801.0,,,,,,,,,,,,,,
172802.0,,,,,,,,,,,,,,
172803.0,,,,,,,,,,,,,,
172804.0,,,,,,,,,,,,,,
172805.0,,,,,,,,,,,,,,
172806.0,,,,,,,,,,,,,,
172807.0,,,,,,,,,,,,,,
172808.0,,,,,,,,,,,,,,
172809.0,,,,,,,,,,,,,,
172810.0,,,,,,,,,,,,,,
172811.0,,,,,,,,,,,,,,
172812.0,,,,,,,,,,,,,,
172813.0,,,,,,,,,,,,,,
172814.0,,,,,,,,,,,,,,
172815.0,,,,,,,,,,,,,,
172816.0,,,,,,,,,,,,,,
172817.0,,,,,,,,,,,,,,
172818.0,,,,,,,,,,,,,,
172819.0,,,,,,,,,,,,,,
172820.0,,,,,,,,,,,,,,
172821.0,,,,,,,,,,,,,,
172822.0,,,,,,,,,,,,,,
172823.0,,,,,,,,,,,,,,
172824.0,,,,,,,,,,,,,,
172825.0,,,,,,,,,,,,,,
172826.0,,,,,,,,,,,,,,
172827.0,,,,,,,,,,,,,,
172828.0,,,,,,,,,,,,,,
172829.0,,,,,,,,,,,,,,
172830.0,,,,,,,,,,,,,,
172831.0,,,,,,,,,,,,,,
172832.0,,,,,,,,,,,,,,
172833.0,,,,,,,,,,,,,,
172834.0,,,,,,,,,,,,,,
172835.0,,,,,,,,,,,,,,
172836.0,,,,,,,,,,,,,,
172837.0,,,,,,,,,,,,,,
172838.0,,,,,,,,,,,,,,
172839.0,,,,,,,,,,,,,,
172840.0,,,,,,,,,,,,,,
172841.0,,,,,,,,,,,,,,
172842.0,,,,,,,,,,,,,,
172843.0,,,,,,,,,,,,,,
172844.0,,,,,,,,,,,,,,
172845.0,,,,,,,,,,,,,,
172846.0,,,,,,,,,,,,,,
172847.0,,,,,,,,,,,,,,
172848.0,,,,,,,,,,,,,,
172849.0,,,,,,,,,,,,,,
172850.0,,,,,,,,,,,,,,
172851.0,,,,,,,,,,,,,,
172852.0,,,,,,,,,,,,,,
172853.0,,,,,,,,,,,,,,
172854.0,,,,,,,,,,,,,,
172855.0,,,,,,,,,,,,,,
172856.0,,,,,,,,,,,,,,
172857.0,,,,,,,,,,,,,,
172858.0,,,,,,,,,,,,,,
172859.0,,,,,,,,,,,,,,
172860.0,,,,,,,,,,,,,,
172861.0,,,,,,,,,,,,,,
172862.0,,,,,,,,,,,,,,
172863.0,,,,,,,,,,,,,,
172864.0,,,,,,,,,,,,,,
172865.0,,,,,,,,,,,,,,
172866.0,,,,,,,,,,,,,,
172867.0,,,,,,,,,,,,,,
172868.0,,,,,,,,,,,,,,
172869.0,,,,,,,,,,,,,,
172870.0,,,,,,,,,,,,,,
172871.0,,,,,,,,,,,,,,
172872.0,,,,,,,,,,,,,,
172873.0,,,,,,,,,,,,,,
172874.0,,,,,,,,,,,,,,
172875.0,,,,,,,,,,,,,,
172876.0,,,,,,,,,,,,,,
172877.0,,,,,,,,,,,,,,
172878.0,,,,,,,,,,,,,,
172879.0,,,,,,,,,,,,,,
172880.0,,,,,,,,,,,,,,
172881.0,,,,,,,,,,,,,,
172882.0,,,,,,,,,,,,,,
172883.0,,,,,,,,,,,,,,
172884.0,,,,,,,,,,,,,,
172885.0,,,,,,,,,,,,,,
172886.0,,,,,,,,,,,,,,
172887.0,,,,,,,,,,,,,,
172888.0,,,,,,,,,,,,,,
172889.0,,,,,,,,,,,,,,
172890.0,,,,,,,,,,,,,,
172891.0,,,,,,,,,,,,,,
172892.0,,,,,,,,,,,,,,
172893.0,,,,,,,,,,,,,,
172894.0,,,,,,,,,,,,,,
172895.0,,,,,,,,,,,,,,
172896.0,,,,,,,,,,,,,,
172897.0,,,,,,,,,,,,,,
172898.0,,,,,,,,,,,,,,
172899.0,,,,,,,,,,,,,,
172900.0,,,,,,,,,,,,,,
172901.0,,,,,,,,,,,,,,
172902.0,,,,,,,,,,,,,,
172903.0,,,,,,,,,,,,,,
172904.0,,,,,,,,,,,,,,
172905.0,,,,,,,,,,,,,,
172906.0,,,,,,,,,,,,,,
172907.0,,,,,,,,,,,,,,
172908.0,,,,,,,,,,,,,,
172909.0,,,,,,,,,,,,,,
172910.0,,,,,,,,,,,,,,
172911.0,,,,,,,,,,,,,,
172912.0,,,,,,,,,,,,,,
172913.0,,,,,,,,,,,,,,
172914.0,,,,,,,,,,,,,,
172915.0,,,,,,,,,,,,,,
172916.0,,,,,,,,,,,,,,
172917.0,,,,,,,,,,,,,,
172918.0,,,,,,,,,,,,,,
172919.0,,,,,,,,,,,,,,
172920.0,,,,,,,,,,,,,,
172921.0,,,,,,,,,,,,,,
172922.0,,,,,,,,,,,,,,
172923.0,,,,,,,,,,,,,,
172924.0,,,,,,,,,,,,,,
172925.0,,,,,,,,,,,,,,
172926.0,,,,,,,,,,,,,,
172927.0,,,,,,,,,,,,,,
172928.0,,,,,,,,,,,,,,
172929.0,,,,,,,,,,,,,,
172930.0,,,,,,,,,,,,,,
172931.0,,,,,,,,,,,,,,
172932.0,,,,,,,,,,,,,,
172933.0,,,,,,,,,,,,,,
172934.0,,,,,,,,,,,,,,
172935.0,,,,,,,,,,,,,,
172936.0,,,,,,,,,,,,,,
172937.0,,,,,,,,,,,,,,
172938.0,,,,,,,,,,,,,,
172939.0,,,,,,,,,,,,,,
172940.0,,,,,,,,,,,,,,
172941.0,,,,,,,,,,,,,,
172942.0,,,,,,,,,,,,,,
172943.0,,,,,,,,,,,,,,
172944.0,,,,,,,,,,,,,,
172945.0,,,,,,,,,,,,,,
172946.0,,,,,,,,,,,,,,
172947.0,,,,,,,,,,,,,,
172948.0,,,,,,,,,,,,,,
172949.0,,,,,,,,,,,,,,
172950.0,,,,,,,,,,,,,,
172951.0,,,,,,,,,,,,,,
172952.0,,,,,,,,,,,,,,
172953.0,,,,,,,,,,,,,,
172954.0,,,,,,,,,,,,,,
172955.0,,,,,,,,,,,,,,
172956.0,,,,,,,,,,,,,,
172957.0,,,,,,,,,,,,,,
172958.0,,,,,,,,,,,,,,
172959.0,,,,,,,,,,,,,,
172960.0,,,,,,,,,,,,,,
172961.0,,,,,,,,,,,,,,
172962.0,,,,,,,,,,,,,,
172963.0,,,,,,,,,,,,,,
172964.0,,,,,,,,,,,,,,
172965.0,,,,,,,,,,,,,,
172966.0,,,,,,,,,,,,,,
172967.0,,,,,,,,,,,,,,
172968.0,,,,,,,,,,,,,,
172969.0,,,,,,,,,,,,,,
172970.0,,,,,,,,,,,,,,
172971.0,,,,,,,,,,,,,,
172972.0,,,,,,,,,,,,,,
172973.0,,,,,,,,,,,,,,
172974.0,,,,,,,,,,,,,,
172975.0,,,,,,,,,,,,,,
172976.0,,,,,,,,,,,,,,
172977.0,,,,,,,,,,,,,,
172978.0,,,,,,,,,,,,,,
172979.0,,,,,,,,,,,,,,
172980.0,,,,,,,,,,,,,,
172981.0,,,,,,,,,,,,,,
172982.0,,,,,,,,,,,,,,
172983.0,,,,,,,,,,,,,,
172984.0,,,,,,,,,,,,,,
172985.0,,,,,,,,,,,,,,
172986.0,,,,,,,,,,,,,,
172987.0,,,,,,,,,,,,,,
172988.0,,,,,,,,,,,,,,
172989.0,,,,,,,,,,,,,,
172990.0,,,,,,,,,,,,,,
172991.0,,,,,,,,,,,,,,
172992.0,,,,,,,,,,,,,,
172993.0,,,,,,,,,,,,,,
172994.0,,,,,,,,,,,,,,
172995.0,,,,,,,,,,,,,,
172996.0,,,,,,,,,,,,,,
172997.0,,,,,,,,,,,,,,
172998.0,,,,,,,,,,,,,,
172999.0,,,,,,,,,,,,,,
173000.0,,,,,,,,,,,,,,
173001.0,,,,,,,,,,,,,,
173002.0,,,,,,,,,,,,,,
173003.0,,,,,,,,,,,,,,
173004.0,,,,,,,,,,,,,,
173005.0,,,,,,,,,,,,,,
173006.0,,,,,,,,,,,,,,
173007.0,,,,,,,,,,,,,,
173008.0,,,,,,,,,,,,,,
173009.0,,,,,,,,,,,,,,
173010.0,,,,,,,,,,,,,,
173011.0,,,,,,,,,,,,,,
173012.0,,,,,,,,,,,,,,
173013.0,,,,,,,,,,,,,,
173014.0,,,,,,,,,,,,,,
173015.0,,,,,,,,,,,,,,
173016.0,,,,,,,,,,,,,,
173017.0,,,,,,,,,,,,,,
173018.0,,,,,,,,,,,,,,
173019.0,,,,,,,,,,,,,,
173020.0,,,,,,,,,,,,,,
173021.0,,,,,,,,,,,,,,
173022.0,,,,,,,,,,,,,,
173023.0,,,,,,,,,,,,,,
173024.0,,,,,,,,,,,,,,
173025.0,,,,,,,,,,,,,,
173026.0,,,,,,,,,,,,,,
173027.0,,,,,,,,,,,,,,
173028.0,,,,,,,,,,,,,,
173029.0,,,,,,,,,,,,,,
173030.0,,,,,,,,,,,,,,
173031.0,,,,,,,,,,,,,,
173032.0,,,,,,,,,,,,,,
173033.0,,,,,,,,,,,,,,
173034.0,,,,,,,,,,,,,,
173035.0,,,,,,,,,,,,,,
173036.0,,,,,,,,,,,,,,
173037.0,,,,,,,,,,,,,,
173038.0,,,,,,,,,,,,,,
173039.0,,,,,,,,,,,,,,
173040.0,,,,,,,,,,,,,,
173041.0,,,,,,,,,,,,,,
173042.0,,,,,,,,,,,,,,
173043.0,,,,,,,,,,,,,,
173044.0,,,,,,,,,,,,,,
173045.0,,,,,,,,,,,,,,
173046.0,,,,,,,,,,,,,,
173047.0,,,,,,,,,,,,,,
173048.0,,,,,,,,,,,,,,
173049.0,,,,,,,,,,,,,,
173050.0,,,,,,,,,,,,,,
173051.0,,,,,,,,,,,,,,
173052.0,,,,,,,,,,,,,,
173053.0,,,,,,,,,,,,,,
173054.0,,,,,,,,,,,,,,
173055.0,,,,,,,,,,,,,,
173056.0,,,,,,,,,,,,,,
173057.0,,,,,,,,,,,,,,
173058.0,,,,,,,,,,,,,,
173059.0,,,,,,,,,,,,,,
173060.0,,,,,,,,,,,,,,
173061.0,,,,,,,,,,,,,,
173062.0,,,,,,,,,,,,,,
173063.0,,,,,,,,,,,,,,
173064.0,,,,,,,,,,,,,,
173065.0,,,,,,,,,,,,,,
173066.0,,,,,,,,,,,,,,
173067.0,,,,,,,,,,,,,,
173068.0,,,,,,,,,,,,,,
173069.0,,,,,,,,,,,,,,
173070.0,,,,,,,,,,,,,,
173071.0,,,,,,,,,,,,,,
173072.0,,,,,,,,,,,,,,
173073.0,,,,,,,,,,,,,,
173074.0,,,,,,,,,,,,,,
173075.0,,,,,,,,,,,,,,
173076.0,,,,,,,,,,,,,,
173077.0,,,,,,,,,,,,,,
173078.0,,,,,,,,,,,,,,
173079.0,,,,,,,,,,,,,,
173080.0,,,,,,,,,,,,,,
173081.0,,,,,,,,,,,,,,
173082.0,,,,,,,,,,,,,,
173083.0,,,,,,,,,,,,,,
173084.0,,,,,,,,,,,,,,
173085.0,,,,,,,,,,,,,,
173086.0,,,,,,,,,,,,,,
173087.0,,,,,,,,,,,,,,
173088.0,,,,,,,,,,,,,,
173089.0,,,,,,,,,,,,,,
173090.0,,,,,,,,,,,,,,
173091.0,,,,,,,,,,,,,,
173092.0,,,,,,,,,,,,,,
173093.0,,,,,,,,,,,,,,
173094.0,,,,,,,,,,,,,,
173095.0,,,,,,,,,,,,,,
173096.0,,,,,,,,,,,,,,
173097.0,,,,,,,,,,,,,,
173098.0,,,,,,,,,,,,,,
173099.0,,,,,,,,,,,,,,
173100.0,,,,,,,,,,,,,,
173101.0,,,,,,,,,,,,,,
173102.0,,,,,,,,,,,,,,
173103.0,,,,,,,,,,,,,,
173104.0,,,,,,,,,,,,,,
173105.0,,,,,,,,,,,,,,
173106.0,,,,,,,,,,,,,,
173107.0,,,,,,,,,,,,,,
173108.0,,,,,,,,,,,,,,
173109.0,,,,,,,,,,,,,,
173110.0,,,,,,,,,,,,,,
173111.0,,,,,,,,,,,,,,
173112.0,,,,,,,,,,,,,,
173113.0,,,,,,,,,,,,,,
173114.0,,,,,,,,,,,,,,
173115.0,,,,,,,,,,,,,,
173116.0,,,,,,,,,,,,,,
173117.0,,,,,,,,,,,,,,
173118.0,,,,,,,,,,,,,,
173119.0,,,,,,,,,,,,,,
173120.0,,,,,,,,,,,,,,
173121.0,,,,,,,,,,,,,,
173122.0,,,,,,,,,,,,,,
173123.0,,,,,,,,,,,,,,
173124.0,,,,,,,,,,,,,,
173125.0,,,,,,,,,,,,,,
173126.0,,,,,,,,,,,,,,
173127.0,,,,,,,,,,,,,,
173128.0,,,,,,,,,,,,,,
173129.0,,,,,,,,,,,,,,
173130.0,,,,,,,,,,,,,,
173131.0,,,,,,,,,,,,,,
173132.0,,,,,,,,,,,,,,
173133.0,,,,,,,,,,,,,,
173134.0,,,,,,,,,,,,,,
173135.0,,,,,,,,,,,,,,
173136.0,,,,,,,,,,,,,,
173137.0,,,,,,,,,,,,,,
173138.0,,,,,,,,,,,,,,
173139.0,,,,,,,,,,,,,,
173140.0,,,,,,,,,,,,,,
173141.0,,,,,,,,,,,,,,
173142.0,,,,,,,,,,,,,,
173143.0,,,,,,,,,,,,,,
173144.0,,,,,,,,,,,,,,
173145.0,,,,,,,,,,,,,,
173146.0,,,,,,,,,,,,,,
173147.0,,,,,,,,,,,,,,
173148.0,,,,,,,,,,,,,,
173149.0,,,,,,,,,,,,,,
173150.0,,,,,,,,,,,,,,
173151.0,,,,,,,,,,,,,,
173152.0,,,,,,,,,,,,,,
173153.0,,,,,,,,,,,,,,
173154.0,,,,,,,,,,,,,,
173155.0,,,,,,,,,,,,,,
173156.0,,,,,,,,,,,,,,
173157.0,,,,,,,,,,,,,,
173158.0,,,,,,,,,,,,,,
173159.0,,,,,,,,,,,,,,
173160.0,,,,,,,,,,,,,,
173161.0,,,,,,,,,,,,,,
173162.0,,,,,,,,,,,,,,
173163.0,,,,,,,,,,,,,,
173164.0,,,,,,,,,,,,,,
173165.0,,,,,,,,,,,,,,
173166.0,,,,,,,,,,,,,,
173167.0,,,,,,,,,,,,,,
173168.0,,,,,,,,,,,,,,
173169.0,,,,,,,,,,,,,,
173170.0,,,,,,,,,,,,,,
173171.0,,,,,,,,,,,,,,
173172.0,,,,,,,,,,,,,,
173173.0,,,,,,,,,,,,,,
173174.0,,,,,,,,,,,,,,
173175.0,,,,,,,,,,,,,,
173176.0,,,,,,,,,,,,,,
173177.0,,,,,,,,,,,,,,
173178.0,,,,,,,,,,,,,,
173179.0,,,,,,,,,,,,,,
173180.0,,,,,,,,,,,,,,
173181.0,,,,,,,,,,,,,,
173182.0,,,,,,,,,,,,,,
173183.0,,,,,,,,,,,,,,
173184.0,,,,,,,,,,,,,,
173185.0,,,,,,,,,,,,,,
173186.0,,,,,,,,,,,,,,
173187.0,,,,,,,,,,,,,,
173188.0,,,,,,,,,,,,,,
173189.0,,,,,,,,,,,,,,
173190.0,,,,,,,,,,,,,,
173191.0,,,,,,,,,,,,,,
173192.0,,,,,,,,,,,,,,
173193.0,,,,,,,,,,,,,,
173194.0,,,,,,,,,,,,,,
173195.0,,,,,,,,,,,,,,
173196.0,,,,,,,,,,,,,,
173197.0,,,,,,,,,,,,,,
173198.0,,,,,,,,,,,,,,
173199.0,,,,,,,,,,,,,,
173200.0,,,,,,,,,,,,,,
173201.0,,,,,,,,,,,,,,
173202.0,,,,,,,,,,,,,,
173203.0,,,,,,,,,,,,,,
173204.0,,,,,,,,,,,,,,
173205.0,,,,,,,,,,,,,,
173206.0,,,,,,,,,,,,,,
173207.0,,,,,,,,,,,,,,
173208.0,,,,,,,,,,,,,,
173209.0,,,,,,,,,,,,,,
173210.0,,,,,,,,,,,,,,
173211.0,,,,,,,,,,,,,,
173212.0,,,,,,,,,,,,,,
173213.0,,,,,,,,,,,,,,
173214.0,,,,,,,,,,,,,,
173215.0,,,,,,,,,,,,,,
173216.0,,,,,,,,,,,,,,
173217.0,,,,,,,,,,,,,,
173218.0,,,,,,,,,,,,,,
173219.0,,,,,,,,,,,,,,
173220.0,,,,,,,,,,,,,,
173221.0,,,,,,,,,,,,,,
173222.0,,,,,,,,,,,,,,
173223.0,,,,,,,,,,,,,,
173224.0,,,,,,,,,,,,,,
173225.0,,,,,,,,,,,,,,
173226.0,,,,,,,,,,,,,,
173227.0,,,,,,,,,,,,,,
173228.0,,,,,,,,,,,,,,
173229.0,,,,,,,,,,,,,,
173230.0,,,,,,,,,,,,,,
173231.0,,,,,,,,,,,,,,
173232.0,,,,,,,,,,,,,,
173233.0,,,,,,,,,,,,,,
173234.0,,,,,,,,,,,,,,
173235.0,,,,,,,,,,,,,,
173236.0,,,,,,,,,,,,,,
173237.0,,,,,,,,,,,,,,
173238.0,,,,,,,,,,,,,,
173239.0,,,,,,,,,,,,,,
173240.0,,,,,,,,,,,,,,
173241.0,,,,,,,,,,,,,,
173242.0,,,,,,,,,,,,,,
173243.0,,,,,,,,,,,,,,
173244.0,,,,,,,,,,,,,,
173245.0,,,,,,,,,,,,,,
173246.0,,,,,,,,,,,,,,
173247.0,,,,,,,,,,,,,,
173248.0,,,,,,,,,,,,,,
173249.0,,,,,,,,,,,,,,
173250.0,,,,,,,,,,,,,,
173251.0,,,,,,,,,,,,,,
173252.0,,,,,,,,,,,,,,
173253.0,,,,,,,,,,,,,,
173254.0,,,,,,,,,,,,,,
173255.0,,,,,,,,,,,,,,
173256.0,,,,,,,,,,,,,,
173257.0,,,,,,,,,,,,,,
173258.0,,,,,,,,,,,,,,
173259.0,,,,,,,,,,,,,,
173260.0,,,,,,,,,,,,,,
173261.0,,,,,,,,,,,,,,
173262.0,,,,,,,,,,,,,,
173263.0,,,,,,,,,,,,,,
173264.0,,,,,,,,,,,,,,
173265.0,,,,,,,,,,,,,,
173266.0,,,,,,,,,,,,,,
173267.0,,,,,,,,,,,,,,
173268.0,,,,,,,,,,,,,,
173269.0,,,,,,,,,,,,,,
173270.0,,,,,,,,,,,,,,
173271.0,,,,,,,,,,,,,,
173272.0,,,,,,,,,,,,,,
173273.0,,,,,,,,,,,,,,
173274.0,,,,,,,,,,,,,,
173275.0,,,,,,,,,,,,,,
173276.0,,,,,,,,,,,,,,
173277.0,,,,,,,,,,,,,,
173278.0,,,,,,,,,,,,,,
173279.0,,,,,,,,,,,,,,
173280.0,,,,,,,,,,,,,,
173281.0,,,,,,,,,,,,,,
173282.0,,,,,,,,,,,,,,
173283.0,,,,,,,,,,,,,,
173284.0,,,,,,,,,,,,,,
173285.0,,,,,,,,,,,,,,
173286.0,,,,,,,,,,,,,,
173287.0,,,,,,,,,,,,,,
173288.0,,,,,,,,,,,,,,
173289.0,,,,,,,,,,,,,,
173290.0,,,,,,,,,,,,,,
173291.0,,,,,,,,,,,,,,
173292.0,,,,,,,,,,,,,,
173293.0,,,,,,,,,,,,,,
173294.0,,,,,,,,,,,,,,
173295.0,,,,,,,,,,,,,,
173296.0,,,,,,,,,,,,,,
173297.0,,,,,,,,,,,,,,
173298.0,,,,,,,,,,,,,,
173299.0,,,,,,,,,,,,,,
173300.0,,,,,,,,,,,,,,
173301.0,,,,,,,,,,,,,,
173302.0,,,,,,,,,,,,,,
173303.0,,,,,,,,,,,,,,
173304.0,,,,,,,,,,,,,,
173305.0,,,,,,,,,,,,,,
173306.0,,,,,,,,,,,,,,
173307.0,,,,,,,,,,,,,,
173308.0,,,,,,,,,,,,,,
173309.0,,,,,,,,,,,,,,
173310.0,,,,,,,,,,,,,,
173311.0,,,,,,,,,,,,,,
173312.0,,,,,,,,,,,,,,
173313.0,,,,,,,,,,,,,,
173314.0,,,,,,,,,,,,,,
173315.0,,,,,,,,,,,,,,
173316.0,,,,,,,,,,,,,,
173317.0,,,,,,,,,,,,,,
173318.0,,,,,,,,,,,,,,
173319.0,,,,,,,,,,,,,,
173320.0,,,,,,,,,,,,,,
173321.0,,,,,,,,,,,,,,
173322.0,,,,,,,,,,,,,,
173323.0,,,,,,,,,,,,,,
173324.0,,,,,,,,,,,,,,
173325.0,,,,,,,,,,,,,,
173326.0,,,,,,,,,,,,,,
173327.0,,,,,,,,,,,,,,
173328.0,,,,,,,,,,,,,,
173329.0,,,,,,,,,,,,,,
173330.0,,,,,,,,,,,,,,
173331.0,,,,,,,,,,,,,,
173332.0,,,,,,,,,,,,,,
173333.0,,,,,,,,,,,,,,
173334.0,,,,,,,,,,,,,,
173335.0,,,,,,,,,,,,,,
173336.0,,,,,,,,,,,,,,
173337.0,,,,,,,,,,,,,,
173338.0,,,,,,,,,,,,,,
173339.0,,,,,,,,,,,,,,
173340.0,,,,,,,,,,,,,,
173341.0,,,,,,,,,,,,,,
173342.0,,,,,,,,,,,,,,
173343.0,,,,,,,,,,,,,,
173344.0,,,,,,,,,,,,,,
173345.0,,,,,,,,,,,,,,
173346.0,,,,,,,,,,,,,,
173347.0,,,,,,,,,,,,,,
173348.0,,,,,,,,,,,,,,
173349.0,,,,,,,,,,,,,,
173350.0,,,,,,,,,,,,,,
173351.0,,,,,,,,,,,,,,
173352.0,,,,,,,,,,,,,,
173353.0,,,,,,,,,,,,,,
173354.0,,,,,,,,,,,,,,
173355.0,,,,,,,,,,,,,,
173356.0,,,,,,,,,,,,,,
173357.0,,,,,,,,,,,,,,
173358.0,,,,,,,,,,,,,,
173359.0,,,,,,,,,,,,,,
173360.0,,,,,,,,,,,,,,
173361.0,,,,,,,,,,,,,,
173362.0,,,,,,,,,,,,,,
173363.0,,,,,,,,,,,,,,
173364.0,,,,,,,,,,,,,,
173365.0,,,,,,,,,,,,,,
173366.0,,,,,,,,,,,,,,
173367.0,,,,,,,,,,,,,,
173368.0,,,,,,,,,,,,,,
173369.0,,,,,,,,,,,,,,
173370.0,,,,,,,,,,,,,,
173371.0,,,,,,,,,,,,,,
173372.0,,,,,,,,,,,,,,
173373.0,,,,,,,,,,,,,,
173374.0,,,,,,,,,,,,,,
173375.0,,,,,,,,,,,,,,
173376.0,,,,,,,,,,,,,,
173377.0,,,,,,,,,,,,,,
173378.0,,,,,,,,,,,,,,
173379.0,,,,,,,,,,,,,,
173380.0,,,,,,,,,,,,,,
173381.0,,,,,,,,,,,,,,
173382.0,,,,,,,,,,,,,,
173383.0,,,,,,,,,,,,,,
173384.0,,,,,,,,,,,,,,
173385.0,,,,,,,,,,,,,,
173386.0,,,,,,,,,,,,,,
173387.0,,,,,,,,,,,,,,
173388.0,,,,,,,,,,,,,,
173389.0,,,,,,,,,,,,,,
173390.0,,,,,,,,,,,,,,
173391.0,,,,,,,,,,,,,,
173392.0,,,,,,,,,,,,,,
173393.0,,,,,,,,,,,,,,
173394.0,,,,,,,,,,,,,,
173395.0,,,,,,,,,,,,,,
173396.0,,,,,,,,,,,,,,
173397.0,,,,,,,,,,,,,,
173398.0,,,,,,,,,,,,,,
173399.0,,,,,,,,,,,,,,
173400.0,,,,,,,,,,,,,,
173401.0,,,,,,,,,,,,,,
173402.0,,,,,,,,,,,,,,
173403.0,,,,,,,,,,,,,,
173404.0,,,,,,,,,,,,,,
173405.0,,,,,,,,,,,,,,
173406.0,,,,,,,,,,,,,,
173407.0,,,,,,,,,,,,,,
173408.0,,,,,,,,,,,,,,
173409.0,,,,,,,,,,,,,,
173410.0,,,,,,,,,,,,,,
173411.0,,,,,,,,,,,,,,
173412.0,,,,,,,,,,,,,,
173413.0,,,,,,,,,,,,,,
173414.0,,,,,,,,,,,,,,
173415.0,,,,,,,,,,,,,,
173416.0,,,,,,,,,,,,,,
173417.0,,,,,,,,,,,,,,
173418.0,,,,,,,,,,,,,,
173419.0,,,,,,,,,,,,,,
173420.0,,,,,,,,,,,,,,
173421.0,,,,,,,,,,,,,,
173422.0,,,,,,,,,,,,,,
173423.0,,,,,,,,,,,,,,
173424.0,,,,,,,,,,,,,,
173425.0,,,,,,,,,,,,,,
173426.0,,,,,,,,,,,,,,
173427.0,,,,,,,,,,,,,,
173428.0,,,,,,,,,,,,,,
173429.0,,,,,,,,,,,,,,
173430.0,,,,,,,,,,,,,,
173431.0,,,,,,,,,,,,,,
173432.0,,,,,,,,,,,,,,
173433.0,,,,,,,,,,,,,,
173434.0,,,,,,,,,,,,,,
173435.0,,,,,,,,,,,,,,
173436.0,,,,,,,,,,,,,,
173437.0,,,,,,,,,,,,,,
173438.0,,,,,,,,,,,,,,
173439.0,,,,,,,,,,,,,,
173440.0,,,,,,,,,,,,,,
173441.0,,,,,,,,,,,,,,
173442.0,,,,,,,,,,,,,,
173443.0,,,,,,,,,,,,,,
173444.0,,,,,,,,,,,,,,
173445.0,,,,,,,,,,,,,,
173446.0,,,,,,,,,,,,,,
173447.0,,,,,,,,,,,,,,
173448.0,,,,,,,,,,,,,,
173449.0,,,,,,,,,,,,,,
173450.0,,,,,,,,,,,,,,
173451.0,,,,,,,,,,,,,,
173452.0,,,,,,,,,,,,,,
173453.0,,,,,,,,,,,,,,
173454.0,,,,,,,,,,,,,,
173455.0,,,,,,,,,,,,,,
173456.0,,,,,,,,,,,,,,
173457.0,,,,,,,,,,,,,,
173458.0,,,,,,,,,,,,,,
173459.0,,,,,,,,,,,,,,
173460.0,,,,,,,,,,,,,,
173461.0,,,,,,,,,,,,,,
173462.0,,,,,,,,,,,,,,
173463.0,,,,,,,,,,,,,,
173464.0,,,,,,,,,,,,,,
173465.0,,,,,,,,,,,,,,
173466.0,,,,,,,,,,,,,,
173467.0,,,,,,,,,,,,,,
173468.0,,,,,,,,,,,,,,
173469.0,,,,,,,,,,,,,,
173470.0,,,,,,,,,,,,,,
173471.0,,,,,,,,,,,,,,
173472.0,,,,,,,,,,,,,,
173473.0,,,,,,,,,,,,,,
173474.0,,,,,,,,,,,,,,
173475.0,,,,,,,,,,,,,,
173476.0,,,,,,,,,,,,,,
173477.0,,,,,,,,,,,,,,
173478.0,,,,,,,,,,,,,,
173479.0,,,,,,,,,,,,,,
173480.0,,,,,,,,,,,,,,
173481.0,,,,,,,,,,,,,,
173482.0,,,,,,,,,,,,,,
173483.0,,,,,,,,,,,,,,
173484.0,,,,,,,,,,,,,,
173485.0,,,,,,,,,,,,,,
173486.0,,,,,,,,,,,,,,
173487.0,,,,,,,,,,,,,,
173488.0,,,,,,,,,,,,,,
173489.0,,,,,,,,,,,,,,
173490.0,,,,,,,,,,,,,,
173491.0,,,,,,,,,,,,,,
173492.0,,,,,,,,,,,,,,
173493.0,,,,,,,,,,,,,,
173494.0,,,,,,,,,,,,,,
173495.0,,,,,,,,,,,,,,
173496.0,,,,,,,,,,,,,,
173497.0,,,,,,,,,,,,,,
173498.0,,,,,,,,,,,,,,
173499.0,,,,,,,,,,,,,,
173500.0,,,,,,,,,,,,,,
173501.0,,,,,,,,,,,,,,
173502.0,,,,,,,,,,,,,,
173503.0,,,,,,,,,,,,,,
173504.0,,,,,,,,,,,,,,
173505.0,,,,,,,,,,,,,,
173506.0,,,,,,,,,,,,,,
173507.0,,,,,,,,,,,,,,
173508.0,,,,,,,,,,,,,,
173509.0,,,,,,,,,,,,,,
173510.0,,,,,,,,,,,,,,
173511.0,,,,,,,,,,,,,,
173512.0,,,,,,,,,,,,,,
173513.0,,,,,,,,,,,,,,
173514.0,,,,,,,,,,,,,,
173515.0,,,,,,,,,,,,,,
173516.0,,,,,,,,,,,,,,
173517.0,,,,,,,,,,,,,,
173518.0,,,,,,,,,,,,,,
173519.0,,,,,,,,,,,,,,
173520.0,,,,,,,,,,,,,,
173521.0,,,,,,,,,,,,,,
173522.0,,,,,,,,,,,,,,
173523.0,,,,,,,,,,,,,,
173524.0,,,,,,,,,,,,,,
173525.0,,,,,,,,,,,,,,
173526.0,,,,,,,,,,,,,,
173527.0,,,,,,,,,,,,,,
173528.0,,,,,,,,,,,,,,
173529.0,,,,,,,,,,,,,,
173530.0,,,,,,,,,,,,,,
173531.0,,,,,,,,,,,,,,
173532.0,,,,,,,,,,,,,,
173533.0,,,,,,,,,,,,,,
173534.0,,,,,,,,,,,,,,
173535.0,,,,,,,,,,,,,,
173536.0,,,,,,,,,,,,,,
173537.0,,,,,,,,,,,,,,
173538.0,,,,,,,,,,,,,,
173539.0,,,,,,,,,,,,,,
173540.0,,,,,,,,,,,,,,
173541.0,,,,,,,,,,,,,,
173542.0,,,,,,,,,,,,,,
173543.0,,,,,,,,,,,,,,
173544.0,,,,,,,,,,,,,,
173545.0,,,,,,,,,,,,,,
173546.0,,,,,,,,,,,,,,
173547.0,,,,,,,,,,,,,,
173548.0,,,,,,,,,,,,,,
173549.0,,,,,,,,,,,,,,
173550.0,,,,,,,,,,,,,,
173551.0,,,,,,,,,,,,,,
173552.0,,,,,,,,,,,,,,
173553.0,,,,,,,,,,,,,,
173554.0,,,,,,,,,,,,,,
173555.0,,,,,,,,,,,,,,
173556.0,,,,,,,,,,,,,,
173557.0,,,,,,,,,,,,,,
173558.0,,,,,,,,,,,,,,
173559.0,,,,,,,,,,,,,,
173560.0,,,,,,,,,,,,,,
173561.0,,,,,,,,,,,,,,
173562.0,,,,,,,,,,,,,,
173563.0,,,,,,,,,,,,,,
173564.0,,,,,,,,,,,,,,
173565.0,,,,,,,,,,,,,,
173566.0,,,,,,,,,,,,,,
173567.0,,,,,,,,,,,,,,
173568.0,,,,,,,,,,,,,,
173569.0,,,,,,,,,,,,,,
173570.0,,,,,,,,,,,,,,
173571.0,,,,,,,,,,,,,,
173572.0,,,,,,,,,,,,,,
173573.0,,,,,,,,,,,,,,
173574.0,,,,,,,,,,,,,,
173575.0,,,,,,,,,,,,,,
173576.0,,,,,,,,,,,,,,
173577.0,,,,,,,,,,,,,,
173578.0,,,,,,,,,,,,,,
173579.0,,,,,,,,,,,,,,
173580.0,,,,,,,,,,,,,,
173581.0,,,,,,,,,,,,,,
173582.0,,,,,,,,,,,,,,
173583.0,,,,,,,,,,,,,,
173584.0,,,,,,,,,,,,,,
173585.0,,,,,,,,,,,,,,
173586.0,,,,,,,,,,,,,,
173587.0,,,,,,,,,,,,,,
173588.0,,,,,,,,,,,,,,
173589.0,,,,,,,,,,,,,,
173590.0,,,,,,,,,,,,,,
173591.0,,,,,,,,,,,,,,
173592.0,,,,,,,,,,,,,,
173593.0,,,,,,,,,,,,,,
173594.0,,,,,,,,,,,,,,
173595.0,,,,,,,,,,,,,,
173596.0,,,,,,,,,,,,,,
173597.0,,,,,,,,,,,,,,
173598.0,,,,,,,,,,,,,,
173599.0,,,,,,,,,,,,,,
173600.0,,,,,,,,,,,,,,
173601.0,,,,,,,,,,,,,,
173602.0,,,,,,,,,,,,,,
173603.0,,,,,,,,,,,,,,
173604.0,,,,,,,,,,,,,,
173605.0,,,,,,,,,,,,,,
173606.0,,,,,,,,,,,,,,
173607.0,,,,,,,,,,,,,,
173608.0,,,,,,,,,,,,,,
173609.0,,,,,,,,,,,,,,
173610.0,,,,,,,,,,,,,,
173611.0,,,,,,,,,,,,,,
173612.0,,,,,,,,,,,,,,
173613.0,,,,,,,,,,,,,,
173614.0,,,,,,,,,,,,,,
173615.0,,,,,,,,,,,,,,
173616.0,,,,,,,,,,,,,,
173617.0,,,,,,,,,,,,,,
173618.0,,,,,,,,,,,,,,
173619.0,,,,,,,,,,,,,,
173620.0,,,,,,,,,,,,,,
173621.0,,,,,,,,,,,,,,
173622.0,,,,,,,,,,,,,,
173623.0,,,,,,,,,,,,,,
173624.0,,,,,,,,,,,,,,
173625.0,,,,,,,,,,,,,,
173626.0,,,,,,,,,,,,,,
173627.0,,,,,,,,,,,,,,
173628.0,,,,,,,,,,,,,,
173629.0,,,,,,,,,,,,,,
173630.0,,,,,,,,,,,,,,
173631.0,,,,,,,,,,,,,,
173632.0,,,,,,,,,,,,,,
173633.0,,,,,,,,,,,,,,
173634.0,,,,,,,,,,,,,,
173635.0,,,,,,,,,,,,,,
173636.0,,,,,,,,,,,,,,
173637.0,,,,,,,,,,,,,,
173638.0,,,,,,,,,,,,,,
173639.0,,,,,,,,,,,,,,
173640.0,,,,,,,,,,,,,,
173641.0,,,,,,,,,,,,,,
173642.0,,,,,,,,,,,,,,
173643.0,,,,,,,,,,,,,,
173644.0,,,,,,,,,,,,,,
173645.0,,,,,,,,,,,,,,
173646.0,,,,,,,,,,,,,,
173647.0,,,,,,,,,,,,,,
173648.0,,,,,,,,,,,,,,
173649.0,,,,,,,,,,,,,,
173650.0,,,,,,,,,,,,,,
173651.0,,,,,,,,,,,,,,
173652.0,,,,,,,,,,,,,,
173653.0,,,,,,,,,,,,,,
173654.0,,,,,,,,,,,,,,
173655.0,,,,,,,,,,,,,,
173656.0,,,,,,,,,,,,,,
173657.0,,,,,,,,,,,,,,
173658.0,,,,,,,,,,,,,,
173659.0,,,,,,,,,,,,,,
173660.0,,,,,,,,,,,,,,
173661.0,,,,,,,,,,,,,,
173662.0,,,,,,,,,,,,,,
173663.0,,,,,,,,,,,,,,
173664.0,,,,,,,,,,,,,,
173665.0,,,,,,,,,,,,,,
173666.0,,,,,,,,,,,,,,
173667.0,,,,,,,,,,,,,,
173668.0,,,,,,,,,,,,,,
173669.0,,,,,,,,,,,,,,
173670.0,,,,,,,,,,,,,,
173671.0,,,,,,,,,,,,,,
173672.0,,,,,,,,,,,,,,
173673.0,,,,,,,,,,,,,,
173674.0,,,,,,,,,,,,,,
173675.0,,,,,,,,,,,,,,
173676.0,,,,,,,,,,,,,,
173677.0,,,,,,,,,,,,,,
173678.0,,,,,,,,,,,,,,
173679.0,,,,,,,,,,,,,,
173680.0,,,,,,,,,,,,,,
173681.0,,,,,,,,,,,,,,
173682.0,,,,,,,,,,,,,,
173683.0,,,,,,,,,,,,,,
173684.0,,,,,,,,,,,,,,
173685.0,,,,,,,,,,,,,,
173686.0,,,,,,,,,,,,,,
173687.0,,,,,,,,,,,,,,
173688.0,,,,,,,,,,,,,,
173689.0,,,,,,,,,,,,,,
173690.0,,,,,,,,,,,,,,
173691.0,,,,,,,,,,,,,,
173692.0,,,,,,,,,,,,,,
173693.0,,,,,,,,,,,,,,
173694.0,,,,,,,,,,,,,,
173695.0,,,,,,,,,,,,,,
173696.0,,,,,,,,,,,,,,
173697.0,,,,,,,,,,,,,,
173698.0,,,,,,,,,,,,,,
173699.0,,,,,,,,,,,,,,
173700.0,,,,,,,,,,,,,,
173701.0,,,,,,,,,,,,,,
173702.0,,,,,,,,,,,,,,
173703.0,,,,,,,,,,,,,,
173704.0,,,,,,,,,,,,,,
173705.0,,,,,,,,,,,,,,
173706.0,,,,,,,,,,,,,,
173707.0,,,,,,,,,,,,,,
173708.0,,,,,,,,,,,,,,
173709.0,,,,,,,,,,,,,,
173710.0,,,,,,,,,,,,,,
173711.0,,,,,,,,,,,,,,
173712.0,,,,,,,,,,,,,,
173713.0,,,,,,,,,,,,,,
173714.0,,,,,,,,,,,,,,
173715.0,,,,,,,,,,,,,,
173716.0,,,,,,,,,,,,,,
173717.0,,,,,,,,,,,,,,
173718.0,,,,,,,,,,,,,,
173719.0,,,,,,,,,,,,,,
173720.0,,,,,,,,,,,,,,
173721.0,,,,,,,,,,,,,,
173722.0,,,,,,,,,,,,,,
173723.0,,,,,,,,,,,,,,
173724.0,,,,,,,,,,,,,,
173725.0,,,,,,,,,,,,,,
173726.0,,,,,,,,,,,,,,
173727.0,,,,,,,,,,,,,,
173728.0,,,,,,,,,,,,,,
173729.0,,,,,,,,,,,,,,
173730.0,,,,,,,,,,,,,,
173731.0,,,,,,,,,,,,,,
173732.0,,,,,,,,,,,,,,
173733.0,,,,,,,,,,,,,,
173734.0,,,,,,,,,,,,,,
173735.0,,,,,,,,,,,,,,
173736.0,,,,,,,,,,,,,,
173737.0,,,,,,,,,,,,,,
173738.0,,,,,,,,,,,,,,
173739.0,,,,,,,,,,,,,,
173740.0,,,,,,,,,,,,,,
173741.0,,,,,,,,,,,,,,
173742.0,,,,,,,,,,,,,,
173743.0,,,,,,,,,,,,,,
173744.0,,,,,,,,,,,,,,
173745.0,,,,,,,,,,,,,,
173746.0,,,,,,,,,,,,,,
173747.0,,,,,,,,,,,,,,
173748.0,,,,,,,,,,,,,,
173749.0,,,,,,,,,,,,,,
173750.0,,,,,,,,,,,,,,
173751.0,,,,,,,,,,,,,,
173752.0,,,,,,,,,,,,,,
173753.0,,,,,,,,,,,,,,
173754.0,,,,,,,,,,,,,,
173755.0,,,,,,,,,,,,,,
173756.0,,,,,,,,,,,,,,
173757.0,,,,,,,,,,,,,,
173758.0,,,,,,,,,,,,,,
173759.0,,,,,,,,,,,,,,
173760.0,,,,,,,,,,,,,,
173761.0,,,,,,,,,,,,,,
173762.0,,,,,,,,,,,,,,
173763.0,,,,,,,,,,,,,,
173764.0,,,,,,,,,,,,,,
173765.0,,,,,,,,,,,,,,
173766.0,,,,,,,,,,,,,,
173767.0,,,,,,,,,,,,,,
173768.0,,,,,,,,,,,,,,
173769.0,,,,,,,,,,,,,,
173770.0,,,,,,,,,,,,,,
173771.0,,,,,,,,,,,,,,
173772.0,,,,,,,,,,,,,,
173773.0,,,,,,,,,,,,,,
173774.0,,,,,,,,,,,,,,
173775.0,,,,,,,,,,,,,,
173776.0,,,,,,,,,,,,,,
173777.0,,,,,,,,,,,,,,
173778.0,,,,,,,,,,,,,,
173779.0,,,,,,,,,,,,,,
173780.0,,,,,,,,,,,,,,
173781.0,,,,,,,,,,,,,,
173782.0,,,,,,,,,,,,,,
173783.0,,,,,,,,,,,,,,
173784.0,,,,,,,,,,,,,,
173785.0,,,,,,,,,,,,,,
173786.0,,,,,,,,,,,,,,
173787.0,,,,,,,,,,,,,,
173788.0,,,,,,,,,,,,,,
173789.0,,,,,,,,,,,,,,
173790.0,,,,,,,,,,,,,,
173791.0,,,,,,,,,,,,,,
173792.0,,,,,,,,,,,,,,
173793.0,,,,,,,,,,,,,,
173794.0,,,,,,,,,,,,,,
173795.0,,,,,,,,,,,,,,
173796.0,,,,,,,,,,,,,,
173797.0,,,,,,,,,,,,,,
173798.0,,,,,,,,,,,,,,
173799.0,,,,,,,,,,,,,,
173800.0,,,,,,,,,,,,,,
173801.0,,,,,,,,,,,,,,
173802.0,,,,,,,,,,,,,,
173803.0,,,,,,,,,,,,,,
173804.0,,,,,,,,,,,,,,
173805.0,,,,,,,,,,,,,,
173806.0,,,,,,,,,,,,,,
173807.0,,,,,,,,,,,,,,
173808.0,,,,,,,,,,,,,,
173809.0,,,,,,,,,,,,,,
173810.0,,,,,,,,,,,,,,
173811.0,,,,,,,,,,,,,,
173812.0,,,,,,,,,,,,,,
173813.0,,,,,,,,,,,,,,
173814.0,,,,,,,,,,,,,,
173815.0,,,,,,,,,,,,,,
173816.0,,,,,,,,,,,,,,
173817.0,,,,,,,,,,,,,,
173818.0,,,,,,,,,,,,,,
173819.0,,,,,,,,,,,,,,
173820.0,,,,,,,,,,,,,,
173821.0,,,,,,,,,,,,,,
173822.0,,,,,,,,,,,,,,
173823.0,,,,,,,,,,,,,,
173824.0,,,,,,,,,,,,,,
173825.0,,,,,,,,,,,,,,
173826.0,,,,,,,,,,,,,,
173827.0,,,,,,,,,,,,,,
173828.0,,,,,,,,,,,,,,
173829.0,,,,,,,,,,,,,,
173830.0,,,,,,,,,,,,,,
173831.0,,,,,,,,,,,,,,
173832.0,,,,,,,,,,,,,,
173833.0,,,,,,,,,,,,,,
173834.0,,,,,,,,,,,,,,
173835.0,,,,,,,,,,,,,,
173836.0,,,,,,,,,,,,,,
173837.0,,,,,,,,,,,,,,
173838.0,,,,,,,,,,,,,,
173839.0,,,,,,,,,,,,,,
173840.0,,,,,,,,,,,,,,
173841.0,,,,,,,,,,,,,,
173842.0,,,,,,,,,,,,,,
173843.0,,,,,,,,,,,,,,
173844.0,,,,,,,,,,,,,,
173845.0,,,,,,,,,,,,,,
173846.0,,,,,,,,,,,,,,
173847.0,,,,,,,,,,,,,,
173848.0,,,,,,,,,,,,,,
173849.0,,,,,,,,,,,,,,
173850.0,,,,,,,,,,,,,,
173851.0,,,,,,,,,,,,,,
173852.0,,,,,,,,,,,,,,
173853.0,,,,,,,,,,,,,,
173854.0,,,,,,,,,,,,,,
173855.0,,,,,,,,,,,,,,
173856.0,,,,,,,,,,,,,,
173857.0,,,,,,,,,,,,,,
173858.0,,,,,,,,,,,,,,
173859.0,,,,,,,,,,,,,,
173860.0,,,,,,,,,,,,,,
173861.0,,,,,,,,,,,,,,
173862.0,,,,,,,,,,,,,,
173863.0,,,,,,,,,,,,,,
173864.0,,,,,,,,,,,,,,
173865.0,,,,,,,,,,,,,,
173866.0,,,,,,,,,,,,,,
173867.0,,,,,,,,,,,,,,
173868.0,,,,,,,,,,,,,,
173869.0,,,,,,,,,,,,,,
173870.0,,,,,,,,,,,,,,
173871.0,,,,,,,,,,,,,,
173872.0,,,,,,,,,,,,,,
173873.0,,,,,,,,,,,,,,
173874.0,,,,,,,,,,,,,,
173875.0,,,,,,,,,,,,,,
173876.0,,,,,,,,,,,,,,
173877.0,,,,,,,,,,,,,,
173878.0,,,,,,,,,,,,,,
173879.0,,,,,,,,,,,,,,
173880.0,,,,,,,,,,,,,,
173881.0,,,,,,,,,,,,,,
173882.0,,,,,,,,,,,,,,
173883.0,,,,,,,,,,,,,,
173884.0,,,,,,,,,,,,,,
173885.0,,,,,,,,,,,,,,
173886.0,,,,,,,,,,,,,,
173887.0,,,,,,,,,,,,,,
173888.0,,,,,,,,,,,,,,
173889.0,,,,,,,,,,,,,,
173890.0,,,,,,,,,,,,,,
173891.0,,,,,,,,,,,,,,
173892.0,,,,,,,,,,,,,,
173893.0,,,,,,,,,,,,,,
173894.0,,,,,,,,,,,,,,
173895.0,,,,,,,,,,,,,,
173896.0,,,,,,,,,,,,,,
173897.0,,,,,,,,,,,,,,
173898.0,,,,,,,,,,,,,,
173899.0,,,,,,,,,,,,,,
173900.0,,,,,,,,,,,,,,
173901.0,,,,,,,,,,,,,,
173902.0,,,,,,,,,,,,,,
173903.0,,,,,,,,,,,,,,
173904.0,,,,,,,,,,,,,,
173905.0,,,,,,,,,,,,,,
173906.0,,,,,,,,,,,,,,
173907.0,,,,,,,,,,,,,,
173908.0,,,,,,,,,,,,,,
173909.0,,,,,,,,,,,,,,
173910.0,,,,,,,,,,,,,,
173911.0,,,,,,,,,,,,,,
173912.0,,,,,,,,,,,,,,
173913.0,,,,,,,,,,,,,,
173914.0,,,,,,,,,,,,,,
173915.0,,,,,,,,,,,,,,
173916.0,,,,,,,,,,,,,,
173917.0,,,,,,,,,,,,,,
173918.0,,,,,,,,,,,,,,
173919.0,,,,,,,,,,,,,,
173920.0,,,,,,,,,,,,,,
173921.0,,,,,,,,,,,,,,
173922.0,,,,,,,,,,,,,,
173923.0,,,,,,,,,,,,,,
173924.0,,,,,,,,,,,,,,
173925.0,,,,,,,,,,,,,,
173926.0,,,,,,,,,,,,,,
173927.0,,,,,,,,,,,,,,
173928.0,,,,,,,,,,,,,,
173929.0,,,,,,,,,,,,,,
173930.0,,,,,,,,,,,,,,
173931.0,,,,,,,,,,,,,,
173932.0,,,,,,,,,,,,,,
173933.0,,,,,,,,,,,,,,
173934.0,,,,,,,,,,,,,,
173935.0,,,,,,,,,,,,,,
173936.0,,,,,,,,,,,,,,
173937.0,,,,,,,,,,,,,,
173938.0,,,,,,,,,,,,,,
173939.0,,,,,,,,,,,,,,
173940.0,,,,,,,,,,,,,,
173941.0,,,,,,,,,,,,,,
173942.0,,,,,,,,,,,,,,
173943.0,,,,,,,,,,,,,,
173944.0,,,,,,,,,,,,,,
173945.0,,,,,,,,,,,,,,
173946.0,,,,,,,,,,,,,,
173947.0,,,,,,,,,,,,,,
173948.0,,,,,,,,,,,,,,
173949.0,,,,,,,,,,,,,,
173950.0,,,,,,,,,,,,,,
173951.0,,,,,,,,,,,,,,
173952.0,,,,,,,,,,,,,,
173953.0,,,,,,,,,,,,,,
173954.0,,,,,,,,,,,,,,
173955.0,,,,,,,,,,,,,,
173956.0,,,,,,,,,,,,,,
173957.0,,,,,,,,,,,,,,
173958.0,,,,,,,,,,,,,,
173959.0,,,,,,,,,,,,,,
173960.0,,,,,,,,,,,,,,
173961.0,,,,,,,,,,,,,,
173962.0,,,,,,,,,,,,,,
173963.0,,,,,,,,,,,,,,
173964.0,,,,,,,,,,,,,,
173965.0,,,,,,,,,,,,,,
173966.0,,,,,,,,,,,,,,
173967.0,,,,,,,,,,,,,,
173968.0,,,,,,,,,,,,,,
173969.0,,,,,,,,,,,,,,
173970.0,,,,,,,,,,,,,,
173971.0,,,,,,,,,,,,,,
173972.0,,,,,,,,,,,,,,
173973.0,,,,,,,,,,,,,,
173974.0,,,,,,,,,,,,,,
173975.0,,,,,,,,,,,,,,
173976.0,,,,,,,,,,,,,,
173977.0,,,,,,,,,,,,,,
173978.0,,,,,,,,,,,,,,
173979.0,,,,,,,,,,,,,,
173980.0,,,,,,,,,,,,,,
173981.0,,,,,,,,,,,,,,
173982.0,,,,,,,,,,,,,,
173983.0,,,,,,,,,,,,,,
173984.0,,,,,,,,,,,,,,
173985.0,,,,,,,,,,,,,,
173986.0,,,,,,,,,,,,,,
173987.0,,,,,,,,,,,,,,
173988.0,,,,,,,,,,,,,,
173989.0,,,,,,,,,,,,,,
173990.0,,,,,,,,,,,,,,
173991.0,,,,,,,,,,,,,,
173992.0,,,,,,,,,,,,,,
173993.0,,,,,,,,,,,,,,
173994.0,,,,,,,,,,,,,,
173995.0,,,,,,,,,,,,,,
173996.0,,,,,,,,,,,,,,
173997.0,,,,,,,,,,,,,,
173998.0,,,,,,,,,,,,,,
173999.0,,,,,,,,,,,,,,
174000.0,,,,,,,,,,,,,,
174001.0,,,,,,,,,,,,,,
174002.0,,,,,,,,,,,,,,
174003.0,,,,,,,,,,,,,,
174004.0,,,,,,,,,,,,,,
174005.0,,,,,,,,,,,,,,
174006.0,,,,,,,,,,,,,,
174007.0,,,,,,,,,,,,,,
174008.0,,,,,,,,,,,,,,
174009.0,,,,,,,,,,,,,,
174010.0,,,,,,,,,,,,,,
174011.0,,,,,,,,,,,,,,
174012.0,,,,,,,,,,,,,,
174013.0,,,,,,,,,,,,,,
174014.0,,,,,,,,,,,,,,
174015.0,,,,,,,,,,,,,,
174016.0,,,,,,,,,,,,,,
174017.0,,,,,,,,,,,,,,
174018.0,,,,,,,,,,,,,,
174019.0,,,,,,,,,,,,,,
174020.0,,,,,,,,,,,,,,
174021.0,,,,,,,,,,,,,,
174022.0,,,,,,,,,,,,,,
174023.0,,,,,,,,,,,,,,
174024.0,,,,,,,,,,,,,,
174025.0,,,,,,,,,,,,,,
174026.0,,,,,,,,,,,,,,
174027.0,,,,,,,,,,,,,,
174028.0,,,,,,,,,,,,,,
174029.0,,,,,,,,,,,,,,
174030.0,,,,,,,,,,,,,,
174031.0,,,,,,,,,,,,,,
174032.0,,,,,,,,,,,,,,
174033.0,,,,,,,,,,,,,,
174034.0,,,,,,,,,,,,,,
174035.0,,,,,,,,,,,,,,
174036.0,,,,,,,,,,,,,,
174037.0,,,,,,,,,,,,,,
174038.0,,,,,,,,,,,,,,
174039.0,,,,,,,,,,,,,,
174040.0,,,,,,,,,,,,,,
174041.0,,,,,,,,,,,,,,
174042.0,,,,,,,,,,,,,,
174043.0,,,,,,,,,,,,,,
174044.0,,,,,,,,,,,,,,
174045.0,,,,,,,,,,,,,,
174046.0,,,,,,,,,,,,,,
174047.0,,,,,,,,,,,,,,
174048.0,,,,,,,,,,,,,,
174049.0,,,,,,,,,,,,,,
174050.0,,,,,,,,,,,,,,
174051.0,,,,,,,,,,,,,,
174052.0,,,,,,,,,,,,,,
174053.0,,,,,,,,,,,,,,
174054.0,,,,,,,,,,,,,,
174055.0,,,,,,,,,,,,,,
174056.0,,,,,,,,,,,,,,
174057.0,,,,,,,,,,,,,,
174058.0,,,,,,,,,,,,,,
174059.0,,,,,,,,,,,,,,
174060.0,,,,,,,,,,,,,,
174061.0,,,,,,,,,,,,,,
174062.0,,,,,,,,,,,,,,
174063.0,,,,,,,,,,,,,,
174064.0,,,,,,,,,,,,,,
174065.0,,,,,,,,,,,,,,
174066.0,,,,,,,,,,,,,,
174067.0,,,,,,,,,,,,,,
174068.0,,,,,,,,,,,,,,
174069.0,,,,,,,,,,,,,,
174070.0,,,,,,,,,,,,,,
174071.0,,,,,,,,,,,,,,
174072.0,,,,,,,,,,,,,,
174073.0,,,,,,,,,,,,,,
174074.0,,,,,,,,,,,,,,
174075.0,,,,,,,,,,,,,,
174076.0,,,,,,,,,,,,,,
174077.0,,,,,,,,,,,,,,
174078.0,,,,,,,,,,,,,,
174079.0,,,,,,,,,,,,,,
174080.0,,,,,,,,,,,,,,
174081.0,,,,,,,,,,,,,,
174082.0,,,,,,,,,,,,,,
174083.0,,,,,,,,,,,,,,
174084.0,,,,,,,,,,,,,,
174085.0,,,,,,,,,,,,,,
174086.0,,,,,,,,,,,,,,
174087.0,,,,,,,,,,,,,,
174088.0,,,,,,,,,,,,,,
174089.0,,,,,,,,,,,,,,
174090.0,,,,,,,,,,,,,,
174091.0,,,,,,,,,,,,,,
174092.0,,,,,,,,,,,,,,
174093.0,,,,,,,,,,,,,,
174094.0,,,,,,,,,,,,,,
174095.0,,,,,,,,,,,,,,
174096.0,,,,,,,,,,,,,,
174097.0,,,,,,,,,,,,,,
174098.0,,,,,,,,,,,,,,
174099.0,,,,,,,,,,,,,,
174100.0,,,,,,,,,,,,,,
174101.0,,,,,,,,,,,,,,
174102.0,,,,,,,,,,,,,,
174103.0,,,,,,,,,,,,,,
174104.0,,,,,,,,,,,,,,
174105.0,,,,,,,,,,,,,,
174106.0,,,,,,,,,,,,,,
174107.0,,,,,,,,,,,,,,
174108.0,,,,,,,,,,,,,,
174109.0,,,,,,,,,,,,,,
174110.0,,,,,,,,,,,,,,
174111.0,,,,,,,,,,,,,,
174112.0,,,,,,,,,,,,,,
174113.0,,,,,,,,,,,,,,
174114.0,,,,,,,,,,,,,,
174115.0,,,,,,,,,,,,,,
174116.0,,,,,,,,,,,,,,
174117.0,,,,,,,,,,,,,,
174118.0,,,,,,,,,,,,,,
174119.0,,,,,,,,,,,,,,
174120.0,,,,,,,,,,,,,,
174121.0,,,,,,,,,,,,,,
174122.0,,,,,,,,,,,,,,
174123.0,,,,,,,,,,,,,,
174124.0,,,,,,,,,,,,,,
174125.0,,,,,,,,,,,,,,
174126.0,,,,,,,,,,,,,,
174127.0,,,,,,,,,,,,,,
174128.0,,,,,,,,,,,,,,
174129.0,,,,,,,,,,,,,,
174130.0,,,,,,,,,,,,,,
174131.0,,,,,,,,,,,,,,
174132.0,,,,,,,,,,,,,,
174133.0,,,,,,,,,,,,,,
174134.0,,,,,,,,,,,,,,
174135.0,,,,,,,,,,,,,,
174136.0,,,,,,,,,,,,,,
174137.0,,,,,,,,,,,,,,
174138.0,,,,,,,,,,,,,,
174139.0,,,,,,,,,,,,,,
174140.0,,,,,,,,,,,,,,
174141.0,,,,,,,,,,,,,,
174142.0,,,,,,,,,,,,,,
174143.0,,,,,,,,,,,,,,
174144.0,,,,,,,,,,,,,,
174145.0,,,,,,,,,,,,,,
174146.0,,,,,,,,,,,,,,
174147.0,,,,,,,,,,,,,,
174148.0,,,,,,,,,,,,,,
174149.0,,,,,,,,,,,,,,
174150.0,,,,,,,,,,,,,,
174151.0,,,,,,,,,,,,,,
174152.0,,,,,,,,,,,,,,
174153.0,,,,,,,,,,,,,,
174154.0,,,,,,,,,,,,,,
174155.0,,,,,,,,,,,,,,
174156.0,,,,,,,,,,,,,,
174157.0,,,,,,,,,,,,,,
174158.0,,,,,,,,,,,,,,
174159.0,,,,,,,,,,,,,,
174160.0,,,,,,,,,,,,,,
174161.0,,,,,,,,,,,,,,
174162.0,,,,,,,,,,,,,,
174163.0,,,,,,,,,,,,,,
174164.0,,,,,,,,,,,,,,
174165.0,,,,,,,,,,,,,,
174166.0,,,,,,,,,,,,,,
174167.0,,,,,,,,,,,,,,
174168.0,,,,,,,,,,,,,,
174169.0,,,,,,,,,,,,,,
174170.0,,,,,,,,,,,,,,
174171.0,,,,,,,,,,,,,,
174172.0,,,,,,,,,,,,,,
174173.0,,,,,,,,,,,,,,
174174.0,,,,,,,,,,,,,,
174175.0,,,,,,,,,,,,,,
174176.0,,,,,,,,,,,,,,
174177.0,,,,,,,,,,,,,,
174178.0,,,,,,,,,,,,,,
174179.0,,,,,,,,,,,,,,
174180.0,,,,,,,,,,,,,,
174181.0,,,,,,,,,,,,,,
174182.0,,,,,,,,,,,,,,
174183.0,,,,,,,,,,,,,,
174184.0,,,,,,,,,,,,,,
174185.0,,,,,,,,,,,,,,
174186.0,,,,,,,,,,,,,,
174187.0,,,,,,,,,,,,,,
174188.0,,,,,,,,,,,,,,
174189.0,,,,,,,,,,,,,,
174190.0,,,,,,,,,,,,,,
174191.0,,,,,,,,,,,,,,
174192.0,,,,,,,,,,,,,,
174193.0,,,,,,,,,,,,,,
174194.0,,,,,,,,,,,,,,
174195.0,,,,,,,,,,,,,,
174196.0,,,,,,,,,,,,,,
174197.0,,,,,,,,,,,,,,
174198.0,,,,,,,,,,,,,,
174199.0,,,,,,,,,,,,,,
174200.0,,,,,,,,,,,,,,
174201.0,,,,,,,,,,,,,,
174202.0,,,,,,,,,,,,,,
174203.0,,,,,,,,,,,,,,
174204.0,,,,,,,,,,,,,,
174205.0,,,,,,,,,,,,,,
174206.0,,,,,,,,,,,,,,
174207.0,,,,,,,,,,,,,,
174208.0,,,,,,,,,,,,,,
174209.0,,,,,,,,,,,,,,
174210.0,,,,,,,,,,,,,,
174211.0,,,,,,,,,,,,,,
174212.0,,,,,,,,,,,,,,
174213.0,,,,,,,,,,,,,,
174214.0,,,,,,,,,,,,,,
174215.0,,,,,,,,,,,,,,
174216.0,,,,,,,,,,,,,,
174217.0,,,,,,,,,,,,,,
174218.0,,,,,,,,,,,,,,
174219.0,,,,,,,,,,,,,,
174220.0,,,,,,,,,,,,,,
174221.0,,,,,,,,,,,,,,
174222.0,,,,,,,,,,,,,,
174223.0,,,,,,,,,,,,,,
174224.0,,,,,,,,,,,,,,
174225.0,,,,,,,,,,,,,,
174226.0,,,,,,,,,,,,,,
174227.0,,,,,,,,,,,,,,
174228.0,,,,,,,,,,,,,,
174229.0,,,,,,,,,,,,,,
174230.0,,,,,,,,,,,,,,
174231.0,,,,,,,,,,,,,,
174232.0,,,,,,,,,,,,,,
174233.0,,,,,,,,,,,,,,
174234.0,,,,,,,,,,,,,,
174235.0,,,,,,,,,,,,,,
174236.0,,,,,,,,,,,,,,
174237.0,,,,,,,,,,,,,,
174238.0,,,,,,,,,,,,,,
174239.0,,,,,,,,,,,,,,
174240.0,,,,,,,,,,,,,,
174241.0,,,,,,,,,,,,,,
174242.0,,,,,,,,,,,,,,
174243.0,,,,,,,,,,,,,,
174244.0,,,,,,,,,,,,,,
174245.0,,,,,,,,,,,,,,
174246.0,,,,,,,,,,,,,,
174247.0,,,,,,,,,,,,,,
174248.0,,,,,,,,,,,,,,
174249.0,,,,,,,,,,,,,,
174250.0,,,,,,,,,,,,,,
174251.0,,,,,,,,,,,,,,
174252.0,,,,,,,,,,,,,,
174253.0,,,,,,,,,,,,,,
174254.0,,,,,,,,,,,,,,
174255.0,,,,,,,,,,,,,,
174256.0,,,,,,,,,,,,,,
174257.0,,,,,,,,,,,,,,
174258.0,,,,,,,,,,,,,,
174259.0,,,,,,,,,,,,,,
174260.0,,,,,,,,,,,,,,
174261.0,,,,,,,,,,,,,,
174262.0,,,,,,,,,,,,,,
174263.0,,,,,,,,,,,,,,
174264.0,,,,,,,,,,,,,,
174265.0,,,,,,,,,,,,,,
174266.0,,,,,,,,,,,,,,
174267.0,,,,,,,,,,,,,,
174268.0,,,,,,,,,,,,,,
174269.0,,,,,,,,,,,,,,
174270.0,,,,,,,,,,,,,,
174271.0,,,,,,,,,,,,,,
174272.0,,,,,,,,,,,,,,
174273.0,,,,,,,,,,,,,,
174274.0,,,,,,,,,,,,,,
174275.0,,,,,,,,,,,,,,
174276.0,,,,,,,,,,,,,,
174277.0,,,,,,,,,,,,,,
174278.0,,,,,,,,,,,,,,
174279.0,,,,,,,,,,,,,,
174280.0,,,,,,,,,,,,,,
174281.0,,,,,,,,,,,,,,
174282.0,,,,,,,,,,,,,,
174283.0,,,,,,,,,,,,,,
174284.0,,,,,,,,,,,,,,
174285.0,,,,,,,,,,,,,,
174286.0,,,,,,,,,,,,,,
174287.0,,,,,,,,,,,,,,
174288.0,,,,,,,,,,,,,,
174289.0,,,,,,,,,,,,,,
174290.0,,,,,,,,,,,,,,
174291.0,,,,,,,,,,,,,,
174292.0,,,,,,,,,,,,,,
174293.0,,,,,,,,,,,,,,
174294.0,,,,,,,,,,,,,,
174295.0,,,,,,,,,,,,,,
174296.0,,,,,,,,,,,,,,
174297.0,,,,,,,,,,,,,,
174298.0,,,,,,,,,,,,,,
174299.0,,,,,,,,,,,,,,
174300.0,,,,,,,,,,,,,,
174301.0,,,,,,,,,,,,,,
174302.0,,,,,,,,,,,,,,
174303.0,,,,,,,,,,,,,,
174304.0,,,,,,,,,,,,,,
174305.0,,,,,,,,,,,,,,
174306.0,,,,,,,,,,,,,,
174307.0,,,,,,,,,,,,,,
174308.0,,,,,,,,,,,,,,
174309.0,,,,,,,,,,,,,,
174310.0,,,,,,,,,,,,,,
174311.0,,,,,,,,,,,,,,
174312.0,,,,,,,,,,,,,,
174313.0,,,,,,,,,,,,,,
174314.0,,,,,,,,,,,,,,
174315.0,,,,,,,,,,,,,,
174316.0,,,,,,,,,,,,,,
174317.0,,,,,,,,,,,,,,
174318.0,,,,,,,,,,,,,,
174319.0,,,,,,,,,,,,,,
174320.0,,,,,,,,,,,,,,
174321.0,,,,,,,,,,,,,,
174322.0,,,,,,,,,,,,,,
174323.0,,,,,,,,,,,,,,
174324.0,,,,,,,,,,,,,,
174325.0,,,,,,,,,,,,,,
174326.0,,,,,,,,,,,,,,
174327.0,,,,,,,,,,,,,,
174328.0,,,,,,,,,,,,,,
174329.0,,,,,,,,,,,,,,
174330.0,,,,,,,,,,,,,,
174331.0,,,,,,,,,,,,,,
174332.0,,,,,,,,,,,,,,
174333.0,,,,,,,,,,,,,,
174334.0,,,,,,,,,,,,,,
174335.0,,,,,,,,,,,,,,
174336.0,,,,,,,,,,,,,,
174337.0,,,,,,,,,,,,,,
174338.0,,,,,,,,,,,,,,
174339.0,,,,,,,,,,,,,,
174340.0,,,,,,,,,,,,,,
174341.0,,,,,,,,,,,,,,
174342.0,,,,,,,,,,,,,,
174343.0,,,,,,,,,,,,,,
174344.0,,,,,,,,,,,,,,
174345.0,,,,,,,,,,,,,,
174346.0,,,,,,,,,,,,,,
174347.0,,,,,,,,,,,,,,
174348.0,,,,,,,,,,,,,,
174349.0,,,,,,,,,,,,,,
174350.0,,,,,,,,,,,,,,
174351.0,,,,,,,,,,,,,,
174352.0,,,,,,,,,,,,,,
174353.0,,,,,,,,,,,,,,
174354.0,,,,,,,,,,,,,,
174355.0,,,,,,,,,,,,,,
174356.0,,,,,,,,,,,,,,
174357.0,,,,,,,,,,,,,,
174358.0,,,,,,,,,,,,,,
174359.0,,,,,,,,,,,,,,
174360.0,,,,,,,,,,,,,,
174361.0,,,,,,,,,,,,,,
174362.0,,,,,,,,,,,,,,
174363.0,,,,,,,,,,,,,,
174364.0,,,,,,,,,,,,,,
174365.0,,,,,,,,,,,,,,
174366.0,,,,,,,,,,,,,,
174367.0,,,,,,,,,,,,,,
174368.0,,,,,,,,,,,,,,
174369.0,,,,,,,,,,,,,,
174370.0,,,,,,,,,,,,,,
174371.0,,,,,,,,,,,,,,
174372.0,,,,,,,,,,,,,,
174373.0,,,,,,,,,,,,,,
174374.0,,,,,,,,,,,,,,
174375.0,,,,,,,,,,,,,,
174376.0,,,,,,,,,,,,,,
174377.0,,,,,,,,,,,,,,
174378.0,,,,,,,,,,,,,,
174379.0,,,,,,,,,,,,,,
174380.0,,,,,,,,,,,,,,
174381.0,,,,,,,,,,,,,,
174382.0,,,,,,,,,,,,,,
174383.0,,,,,,,,,,,,,,
174384.0,,,,,,,,,,,,,,
174385.0,,,,,,,,,,,,,,
174386.0,,,,,,,,,,,,,,
174387.0,,,,,,,,,,,,,,
174388.0,,,,,,,,,,,,,,
174389.0,,,,,,,,,,,,,,
174390.0,,,,,,,,,,,,,,
174391.0,,,,,,,,,,,,,,
174392.0,,,,,,,,,,,,,,
174393.0,,,,,,,,,,,,,,
174394.0,,,,,,,,,,,,,,
174395.0,,,,,,,,,,,,,,
174396.0,,,,,,,,,,,,,,
174397.0,,,,,,,,,,,,,,
174398.0,,,,,,,,,,,,,,
174399.0,,,,,,,,,,,,,,
174400.0,,,,,,,,,,,,,,
174401.0,,,,,,,,,,,,,,
174402.0,,,,,,,,,,,,,,
174403.0,,,,,,,,,,,,,,
174404.0,,,,,,,,,,,,,,
174405.0,,,,,,,,,,,,,,
174406.0,,,,,,,,,,,,,,
174407.0,,,,,,,,,,,,,,
174408.0,,,,,,,,,,,,,,
174409.0,,,,,,,,,,,,,,
174410.0,,,,,,,,,,,,,,
174411.0,,,,,,,,,,,,,,
174412.0,,,,,,,,,,,,,,
174413.0,,,,,,,,,,,,,,
174414.0,,,,,,,,,,,,,,
174415.0,,,,,,,,,,,,,,
174416.0,,,,,,,,,,,,,,
174417.0,,,,,,,,,,,,,,
174418.0,,,,,,,,,,,,,,
174419.0,,,,,,,,,,,,,,
174420.0,,,,,,,,,,,,,,
174421.0,,,,,,,,,,,,,,
174422.0,,,,,,,,,,,,,,
174423.0,,,,,,,,,,,,,,
174424.0,,,,,,,,,,,,,,
174425.0,,,,,,,,,,,,,,
174426.0,,,,,,,,,,,,,,
174427.0,,,,,,,,,,,,,,
174428.0,,,,,,,,,,,,,,
174429.0,,,,,,,,,,,,,,
174430.0,,,,,,,,,,,,,,
174431.0,,,,,,,,,,,,,,
174432.0,,,,,,,,,,,,,,
174433.0,,,,,,,,,,,,,,
174434.0,,,,,,,,,,,,,,
174435.0,,,,,,,,,,,,,,
174436.0,,,,,,,,,,,,,,
174437.0,,,,,,,,,,,,,,
174438.0,,,,,,,,,,,,,,
174439.0,,,,,,,,,,,,,,
174440.0,,,,,,,,,,,,,,
174441.0,,,,,,,,,,,,,,
174442.0,,,,,,,,,,,,,,
174443.0,,,,,,,,,,,,,,
174444.0,,,,,,,,,,,,,,
174445.0,,,,,,,,,,,,,,
174446.0,,,,,,,,,,,,,,
174447.0,,,,,,,,,,,,,,
174448.0,,,,,,,,,,,,,,
174449.0,,,,,,,,,,,,,,
174450.0,,,,,,,,,,,,,,
174451.0,,,,,,,,,,,,,,
174452.0,,,,,,,,,,,,,,
174453.0,,,,,,,,,,,,,,
174454.0,,,,,,,,,,,,,,
174455.0,,,,,,,,,,,,,,
174456.0,,,,,,,,,,,,,,
174457.0,,,,,,,,,,,,,,
174458.0,,,,,,,,,,,,,,
174459.0,,,,,,,,,,,,,,
174460.0,,,,,,,,,,,,,,
174461.0,,,,,,,,,,,,,,
174462.0,,,,,,,,,,,,,,
174463.0,,,,,,,,,,,,,,
174464.0,,,,,,,,,,,,,,
174465.0,,,,,,,,,,,,,,
174466.0,,,,,,,,,,,,,,
174467.0,,,,,,,,,,,,,,
174468.0,,,,,,,,,,,,,,
174469.0,,,,,,,,,,,,,,
174470.0,,,,,,,,,,,,,,
174471.0,,,,,,,,,,,,,,
174472.0,,,,,,,,,,,,,,
174473.0,,,,,,,,,,,,,,
174474.0,,,,,,,,,,,,,,
174475.0,,,,,,,,,,,,,,
174476.0,,,,,,,,,,,,,,
174477.0,,,,,,,,,,,,,,
174478.0,,,,,,,,,,,,,,
174479.0,,,,,,,,,,,,,,
174480.0,,,,,,,,,,,,,,
174481.0,,,,,,,,,,,,,,
174482.0,,,,,,,,,,,,,,
174483.0,,,,,,,,,,,,,,
174484.0,,,,,,,,,,,,,,
174485.0,,,,,,,,,,,,,,
174486.0,,,,,,,,,,,,,,
174487.0,,,,,,,,,,,,,,
174488.0,,,,,,,,,,,,,,
174489.0,,,,,,,,,,,,,,
174490.0,,,,,,,,,,,,,,
174491.0,,,,,,,,,,,,,,
174492.0,,,,,,,,,,,,,,
174493.0,,,,,,,,,,,,,,
174494.0,,,,,,,,,,,,,,
174495.0,,,,,,,,,,,,,,
174496.0,,,,,,,,,,,,,,
174497.0,,,,,,,,,,,,,,
174498.0,,,,,,,,,,,,,,
174499.0,,,,,,,,,,,,,,
174500.0,,,,,,,,,,,,,,
174501.0,,,,,,,,,,,,,,
174502.0,,,,,,,,,,,,,,
174503.0,,,,,,,,,,,,,,
174504.0,,,,,,,,,,,,,,
174505.0,,,,,,,,,,,,,,
174506.0,,,,,,,,,,,,,,
174507.0,,,,,,,,,,,,,,
174508.0,,,,,,,,,,,,,,
174509.0,,,,,,,,,,,,,,
174510.0,,,,,,,,,,,,,,
174511.0,,,,,,,,,,,,,,
174512.0,,,,,,,,,,,,,,
174513.0,,,,,,,,,,,,,,
174514.0,,,,,,,,,,,,,,
174515.0,,,,,,,,,,,,,,
174516.0,,,,,,,,,,,,,,
174517.0,,,,,,,,,,,,,,
174518.0,,,,,,,,,,,,,,
174519.0,,,,,,,,,,,,,,
174520.0,,,,,,,,,,,,,,
174521.0,,,,,,,,,,,,,,
174522.0,,,,,,,,,,,,,,
174523.0,,,,,,,,,,,,,,
174524.0,,,,,,,,,,,,,,
174525.0,,,,,,,,,,,,,,
174526.0,,,,,,,,,,,,,,
174527.0,,,,,,,,,,,,,,
174528.0,,,,,,,,,,,,,,
174529.0,,,,,,,,,,,,,,
174530.0,,,,,,,,,,,,,,
174531.0,,,,,,,,,,,,,,
174532.0,,,,,,,,,,,,,,
174533.0,,,,,,,,,,,,,,
174534.0,,,,,,,,,,,,,,
174535.0,,,,,,,,,,,,,,
174536.0,,,,,,,,,,,,,,
174537.0,,,,,,,,,,,,,,
174538.0,,,,,,,,,,,,,,
174539.0,,,,,,,,,,,,,,
174540.0,,,,,,,,,,,,,,
174541.0,,,,,,,,,,,,,,
174542.0,,,,,,,,,,,,,,
174543.0,,,,,,,,,,,,,,
174544.0,,,,,,,,,,,,,,
174545.0,,,,,,,,,,,,,,
174546.0,,,,,,,,,,,,,,
174547.0,,,,,,,,,,,,,,
174548.0,,,,,,,,,,,,,,
174549.0,,,,,,,,,,,,,,
174550.0,,,,,,,,,,,,,,
174551.0,,,,,,,,,,,,,,
174552.0,,,,,,,,,,,,,,
174553.0,,,,,,,,,,,,,,
174554.0,,,,,,,,,,,,,,
174555.0,,,,,,,,,,,,,,
174556.0,,,,,,,,,,,,,,
174557.0,,,,,,,,,,,,,,
174558.0,,,,,,,,,,,,,,
174559.0,,,,,,,,,,,,,,
174560.0,,,,,,,,,,,,,,
174561.0,,,,,,,,,,,,,,
174562.0,,,,,,,,,,,,,,
174563.0,,,,,,,,,,,,,,
174564.0,,,,,,,,,,,,,,
174565.0,,,,,,,,,,,,,,
174566.0,,,,,,,,,,,,,,
174567.0,,,,,,,,,,,,,,
174568.0,,,,,,,,,,,,,,
174569.0,,,,,,,,,,,,,,
174570.0,,,,,,,,,,,,,,
174571.0,,,,,,,,,,,,,,
174572.0,,,,,,,,,,,,,,
174573.0,,,,,,,,,,,,,,
174574.0,,,,,,,,,,,,,,
174575.0,,,,,,,,,,,,,,
174576.0,,,,,,,,,,,,,,
174577.0,,,,,,,,,,,,,,
174578.0,,,,,,,,,,,,,,
174579.0,,,,,,,,,,,,,,
174580.0,,,,,,,,,,,,,,
174581.0,,,,,,,,,,,,,,
174582.0,,,,,,,,,,,,,,
174583.0,,,,,,,,,,,,,,
174584.0,,,,,,,,,,,,,,
174585.0,,,,,,,,,,,,,,
174586.0,,,,,,,,,,,,,,
174587.0,,,,,,,,,,,,,,
174588.0,,,,,,,,,,,,,,
174589.0,,,,,,,,,,,,,,
174590.0,,,,,,,,,,,,,,
174591.0,,,,,,,,,,,,,,
174592.0,,,,,,,,,,,,,,
174593.0,,,,,,,,,,,,,,
174594.0,,,,,,,,,,,,,,
174595.0,,,,,,,,,,,,,,
174596.0,,,,,,,,,,,,,,
174597.0,,,,,,,,,,,,,,
174598.0,,,,,,,,,,,,,,
174599.0,,,,,,,,,,,,,,
174600.0,,,,,,,,,,,,,,
174601.0,,,,,,,,,,,,,,
174602.0,,,,,,,,,,,,,,
174603.0,,,,,,,,,,,,,,
174604.0,,,,,,,,,,,,,,
174605.0,,,,,,,,,,,,,,
174606.0,,,,,,,,,,,,,,
174607.0,,,,,,,,,,,,,,
174608.0,,,,,,,,,,,,,,
174609.0,,,,,,,,,,,,,,
174610.0,,,,,,,,,,,,,,
174611.0,,,,,,,,,,,,,,
174612.0,,,,,,,,,,,,,,
174613.0,,,,,,,,,,,,,,
174614.0,,,,,,,,,,,,,,
174615.0,,,,,,,,,,,,,,
174616.0,,,,,,,,,,,,,,
174617.0,,,,,,,,,,,,,,
174618.0,,,,,,,,,,,,,,
174619.0,,,,,,,,,,,,,,
174620.0,,,,,,,,,,,,,,
174621.0,,,,,,,,,,,,,,
174622.0,,,,,,,,,,,,,,
174623.0,,,,,,,,,,,,,,
174624.0,,,,,,,,,,,,,,
174625.0,,,,,,,,,,,,,,
174626.0,,,,,,,,,,,,,,
174627.0,,,,,,,,,,,,,,
174628.0,,,,,,,,,,,,,,
174629.0,,,,,,,,,,,,,,
174630.0,,,,,,,,,,,,,,
174631.0,,,,,,,,,,,,,,
174632.0,,,,,,,,,,,,,,
174633.0,,,,,,,,,,,,,,
174634.0,,,,,,,,,,,,,,
174635.0,,,,,,,,,,,,,,
174636.0,,,,,,,,,,,,,,
174637.0,,,,,,,,,,,,,,
174638.0,,,,,,,,,,,,,,
174639.0,,,,,,,,,,,,,,
174640.0,,,,,,,,,,,,,,
174641.0,,,,,,,,,,,,,,
174642.0,,,,,,,,,,,,,,
174643.0,,,,,,,,,,,,,,
174644.0,,,,,,,,,,,,,,
174645.0,,,,,,,,,,,,,,
174646.0,,,,,,,,,,,,,,
174647.0,,,,,,,,,,,,,,
174648.0,,,,,,,,,,,,,,
174649.0,,,,,,,,,,,,,,
174650.0,,,,,,,,,,,,,,
174651.0,,,,,,,,,,,,,,
174652.0,,,,,,,,,,,,,,
174653.0,,,,,,,,,,,,,,
174654.0,,,,,,,,,,,,,,
174655.0,,,,,,,,,,,,,,
174656.0,,,,,,,,,,,,,,
174657.0,,,,,,,,,,,,,,
174658.0,,,,,,,,,,,,,,
174659.0,,,,,,,,,,,,,,
174660.0,,,,,,,,,,,,,,
174661.0,,,,,,,,,,,,,,
174662.0,,,,,,,,,,,,,,
174663.0,,,,,,,,,,,,,,
174664.0,,,,,,,,,,,,,,
174665.0,,,,,,,,,,,,,,
174666.0,,,,,,,,,,,,,,
174667.0,,,,,,,,,,,,,,
174668.0,,,,,,,,,,,,,,
174669.0,,,,,,,,,,,,,,
174670.0,,,,,,,,,,,,,,
174671.0,,,,,,,,,,,,,,
174672.0,,,,,,,,,,,,,,
174673.0,,,,,,,,,,,,,,
174674.0,,,,,,,,,,,,,,
174675.0,,,,,,,,,,,,,,
174676.0,,,,,,,,,,,,,,
174677.0,,,,,,,,,,,,,,
174678.0,,,,,,,,,,,,,,
174679.0,,,,,,,,,,,,,,
174680.0,,,,,,,,,,,,,,
174681.0,,,,,,,,,,,,,,
174682.0,,,,,,,,,,,,,,
174683.0,,,,,,,,,,,,,,
174684.0,,,,,,,,,,,,,,
174685.0,,,,,,,,,,,,,,
174686.0,,,,,,,,,,,,,,
174687.0,,,,,,,,,,,,,,
174688.0,,,,,,,,,,,,,,
174689.0,,,,,,,,,,,,,,
174690.0,,,,,,,,,,,,,,
174691.0,,,,,,,,,,,,,,
174692.0,,,,,,,,,,,,,,
174693.0,,,,,,,,,,,,,,
174694.0,,,,,,,,,,,,,,
174695.0,,,,,,,,,,,,,,
174696.0,,,,,,,,,,,,,,
174697.0,,,,,,,,,,,,,,
174698.0,,,,,,,,,,,,,,
174699.0,,,,,,,,,,,,,,
174700.0,,,,,,,,,,,,,,
174701.0,,,,,,,,,,,,,,
174702.0,,,,,,,,,,,,,,
174703.0,,,,,,,,,,,,,,
174704.0,,,,,,,,,,,,,,
174705.0,,,,,,,,,,,,,,
174706.0,,,,,,,,,,,,,,
174707.0,,,,,,,,,,,,,,
174708.0,,,,,,,,,,,,,,
174709.0,,,,,,,,,,,,,,
174710.0,,,,,,,,,,,,,,
174711.0,,,,,,,,,,,,,,
174712.0,,,,,,,,,,,,,,
174713.0,,,,,,,,,,,,,,
174714.0,,,,,,,,,,,,,,
174715.0,,,,,,,,,,,,,,
174716.0,,,,,,,,,,,,,,
174717.0,,,,,,,,,,,,,,
174718.0,,,,,,,,,,,,,,
174719.0,,,,,,,,,,,,,,
174720.0,,,,,,,,,,,,,,
174721.0,,,,,,,,,,,,,,
174722.0,,,,,,,,,,,,,,
174723.0,,,,,,,,,,,,,,
174724.0,,,,,,,,,,,,,,
174725.0,,,,,,,,,,,,,,
174726.0,,,,,,,,,,,,,,
174727.0,,,,,,,,,,,,,,
174728.0,,,,,,,,,,,,,,
174729.0,,,,,,,,,,,,,,
174730.0,,,,,,,,,,,,,,
174731.0,,,,,,,,,,,,,,
174732.0,,,,,,,,,,,,,,
174733.0,,,,,,,,,,,,,,
174734.0,,,,,,,,,,,,,,
174735.0,,,,,,,,,,,,,,
174736.0,,,,,,,,,,,,,,
174737.0,,,,,,,,,,,,,,
174738.0,,,,,,,,,,,,,,
174739.0,,,,,,,,,,,,,,
174740.0,,,,,,,,,,,,,,
174741.0,,,,,,,,,,,,,,
174742.0,,,,,,,,,,,,,,
174743.0,,,,,,,,,,,,,,
174744.0,,,,,,,,,,,,,,
174745.0,,,,,,,,,,,,,,
174746.0,,,,,,,,,,,,,,
174747.0,,,,,,,,,,,,,,
174748.0,,,,,,,,,,,,,,
174749.0,,,,,,,,,,,,,,
174750.0,,,,,,,,,,,,,,
174751.0,,,,,,,,,,,,,,
174752.0,,,,,,,,,,,,,,
174753.0,,,,,,,,,,,,,,
174754.0,,,,,,,,,,,,,,
174755.0,,,,,,,,,,,,,,
174756.0,,,,,,,,,,,,,,
174757.0,,,,,,,,,,,,,,
174758.0,,,,,,,,,,,,,,
174759.0,,,,,,,,,,,,,,
174760.0,,,,,,,,,,,,,,
174761.0,,,,,,,,,,,,,,
174762.0,,,,,,,,,,,,,,
174763.0,,,,,,,,,,,,,,
174764.0,,,,,,,,,,,,,,
174765.0,,,,,,,,,,,,,,
174766.0,,,,,,,,,,,,,,
174767.0,,,,,,,,,,,,,,
174768.0,,,,,,,,,,,,,,
174769.0,,,,,,,,,,,,,,
174770.0,,,,,,,,,,,,,,
174771.0,,,,,,,,,,,,,,
174772.0,,,,,,,,,,,,,,
174773.0,,,,,,,,,,,,,,
174774.0,,,,,,,,,,,,,,
174775.0,,,,,,,,,,,,,,
174776.0,,,,,,,,,,,,,,
174777.0,,,,,,,,,,,,,,
174778.0,,,,,,,,,,,,,,
174779.0,,,,,,,,,,,,,,
174780.0,,,,,,,,,,,,,,
174781.0,,,,,,,,,,,,,,
174782.0,,,,,,,,,,,,,,
174783.0,,,,,,,,,,,,,,
174784.0,,,,,,,,,,,,,,
174785.0,,,,,,,,,,,,,,
174786.0,,,,,,,,,,,,,,
174787.0,,,,,,,,,,,,,,
174788.0,,,,,,,,,,,,,,
174789.0,,,,,,,,,,,,,,
174790.0,,,,,,,,,,,,,,
174791.0,,,,,,,,,,,,,,
174792.0,,,,,,,,,,,,,,
174793.0,,,,,,,,,,,,,,
174794.0,,,,,,,,,,,,,,
174795.0,,,,,,,,,,,,,,
174796.0,,,,,,,,,,,,,,
174797.0,,,,,,,,,,,,,,
174798.0,,,,,,,,,,,,,,
174799.0,,,,,,,,,,,,,,
174800.0,,,,,,,,,,,,,,
174801.0,,,,,,,,,,,,,,
174802.0,,,,,,,,,,,,,,
174803.0,,,,,,,,,,,,,,
174804.0,,,,,,,,,,,,,,
174805.0,,,,,,,,,,,,,,
174806.0,,,,,,,,,,,,,,
174807.0,,,,,,,,,,,,,,
174808.0,,,,,,,,,,,,,,
174809.0,,,,,,,,,,,,,,
174810.0,,,,,,,,,,,,,,
174811.0,,,,,,,,,,,,,,
174812.0,,,,,,,,,,,,,,
174813.0,,,,,,,,,,,,,,
174814.0,,,,,,,,,,,,,,
174815.0,,,,,,,,,,,,,,
174816.0,,,,,,,,,,,,,,
174817.0,,,,,,,,,,,,,,
174818.0,,,,,,,,,,,,,,
174819.0,,,,,,,,,,,,,,
174820.0,,,,,,,,,,,,,,
174821.0,,,,,,,,,,,,,,
174822.0,,,,,,,,,,,,,,
174823.0,,,,,,,,,,,,,,
174824.0,,,,,,,,,,,,,,
174825.0,,,,,,,,,,,,,,
174826.0,,,,,,,,,,,,,,
174827.0,,,,,,,,,,,,,,
174828.0,,,,,,,,,,,,,,
174829.0,,,,,,,,,,,,,,
174830.0,,,,,,,,,,,,,,
174831.0,,,,,,,,,,,,,,
174832.0,,,,,,,,,,,,,,
174833.0,,,,,,,,,,,,,,
174834.0,,,,,,,,,,,,,,
174835.0,,,,,,,,,,,,,,
174836.0,,,,,,,,,,,,,,
174837.0,,,,,,,,,,,,,,
174838.0,,,,,,,,,,,,,,
174839.0,,,,,,,,,,,,,,
174840.0,,,,,,,,,,,,,,
174841.0,,,,,,,,,,,,,,
174842.0,,,,,,,,,,,,,,
174843.0,,,,,,,,,,,,,,
174844.0,,,,,,,,,,,,,,
174845.0,,,,,,,,,,,,,,
174846.0,,,,,,,,,,,,,,
174847.0,,,,,,,,,,,,,,
174848.0,,,,,,,,,,,,,,
174849.0,,,,,,,,,,,,,,
174850.0,,,,,,,,,,,,,,
174851.0,,,,,,,,,,,,,,
174852.0,,,,,,,,,,,,,,
174853.0,,,,,,,,,,,,,,
174854.0,,,,,,,,,,,,,,
174855.0,,,,,,,,,,,,,,
174856.0,,,,,,,,,,,,,,
174857.0,,,,,,,,,,,,,,
174858.0,,,,,,,,,,,,,,
174859.0,,,,,,,,,,,,,,
174860.0,,,,,,,,,,,,,,
174861.0,,,,,,,,,,,,,,
174862.0,,,,,,,,,,,,,,
174863.0,,,,,,,,,,,,,,
174864.0,,,,,,,,,,,,,,
174865.0,,,,,,,,,,,,,,
174866.0,,,,,,,,,,,,,,
174867.0,,,,,,,,,,,,,,
174868.0,,,,,,,,,,,,,,
174869.0,,,,,,,,,,,,,,
174870.0,,,,,,,,,,,,,,
174871.0,,,,,,,,,,,,,,
174872.0,,,,,,,,,,,,,,
174873.0,,,,,,,,,,,,,,
174874.0,,,,,,,,,,,,,,
174875.0,,,,,,,,,,,,,,
174876.0,,,,,,,,,,,,,,
174877.0,,,,,,,,,,,,,,
174878.0,,,,,,,,,,,,,,
174879.0,,,,,,,,,,,,,,
174880.0,,,,,,,,,,,,,,
174881.0,,,,,,,,,,,,,,
174882.0,,,,,,,,,,,,,,
174883.0,,,,,,,,,,,,,,
174884.0,,,,,,,,,,,,,,
174885.0,,,,,,,,,,,,,,
174886.0,,,,,,,,,,,,,,
174887.0,,,,,,,,,,,,,,
174888.0,,,,,,,,,,,,,,
174889.0,,,,,,,,,,,,,,
174890.0,,,,,,,,,,,,,,
174891.0,,,,,,,,,,,,,,
174892.0,,,,,,,,,,,,,,
174893.0,,,,,,,,,,,,,,
174894.0,,,,,,,,,,,,,,
174895.0,,,,,,,,,,,,,,
174896.0,,,,,,,,,,,,,,
174897.0,,,,,,,,,,,,,,
174898.0,,,,,,,,,,,,,,
174899.0,,,,,,,,,,,,,,
174900.0,,,,,,,,,,,,,,
174901.0,,,,,,,,,,,,,,
174902.0,,,,,,,,,,,,,,
174903.0,,,,,,,,,,,,,,
174904.0,,,,,,,,,,,,,,
174905.0,,,,,,,,,,,,,,
174906.0,,,,,,,,,,,,,,
174907.0,,,,,,,,,,,,,,
174908.0,,,,,,,,,,,,,,
174909.0,,,,,,,,,,,,,,
174910.0,,,,,,,,,,,,,,
174911.0,,,,,,,,,,,,,,
174912.0,,,,,,,,,,,,,,
174913.0,,,,,,,,,,,,,,
174914.0,,,,,,,,,,,,,,
174915.0,,,,,,,,,,,,,,
174916.0,,,,,,,,,,,,,,
174917.0,,,,,,,,,,,,,,
174918.0,,,,,,,,,,,,,,
174919.0,,,,,,,,,,,,,,
174920.0,,,,,,,,,,,,,,
174921.0,,,,,,,,,,,,,,
174922.0,,,,,,,,,,,,,,
174923.0,,,,,,,,,,,,,,
174924.0,,,,,,,,,,,,,,
174925.0,,,,,,,,,,,,,,
174926.0,,,,,,,,,,,,,,
174927.0,,,,,,,,,,,,,,
174928.0,,,,,,,,,,,,,,
174929.0,,,,,,,,,,,,,,
174930.0,,,,,,,,,,,,,,
174931.0,,,,,,,,,,,,,,
174932.0,,,,,,,,,,,,,,
174933.0,,,,,,,,,,,,,,
174934.0,,,,,,,,,,,,,,
174935.0,,,,,,,,,,,,,,
174936.0,,,,,,,,,,,,,,
174937.0,,,,,,,,,,,,,,
174938.0,,,,,,,,,,,,,,
174939.0,,,,,,,,,,,,,,
174940.0,,,,,,,,,,,,,,
174941.0,,,,,,,,,,,,,,
174942.0,,,,,,,,,,,,,,
174943.0,,,,,,,,,,,,,,
174944.0,,,,,,,,,,,,,,
174945.0,,,,,,,,,,,,,,
174946.0,,,,,,,,,,,,,,
174947.0,,,,,,,,,,,,,,
174948.0,,,,,,,,,,,,,,
174949.0,,,,,,,,,,,,,,
174950.0,,,,,,,,,,,,,,
174951.0,,,,,,,,,,,,,,
174952.0,,,,,,,,,,,,,,
174953.0,,,,,,,,,,,,,,
174954.0,,,,,,,,,,,,,,
174955.0,,,,,,,,,,,,,,
174956.0,,,,,,,,,,,,,,
174957.0,,,,,,,,,,,,,,
174958.0,,,,,,,,,,,,,,
174959.0,,,,,,,,,,,,,,
174960.0,,,,,,,,,,,,,,
174961.0,,,,,,,,,,,,,,
174962.0,,,,,,,,,,,,,,
174963.0,,,,,,,,,,,,,,
174964.0,,,,,,,,,,,,,,
174965.0,,,,,,,,,,,,,,
174966.0,,,,,,,,,,,,,,
174967.0,,,,,,,,,,,,,,
174968.0,,,,,,,,,,,,,,
174969.0,,,,,,,,,,,,,,
174970.0,,,,,,,,,,,,,,
174971.0,,,,,,,,,,,,,,
174972.0,,,,,,,,,,,,,,
174973.0,,,,,,,,,,,,,,
174974.0,,,,,,,,,,,,,,
174975.0,,,,,,,,,,,,,,
174976.0,,,,,,,,,,,,,,
174977.0,,,,,,,,,,,,,,
174978.0,,,,,,,,,,,,,,
174979.0,,,,,,,,,,,,,,
174980.0,,,,,,,,,,,,,,
174981.0,,,,,,,,,,,,,,
174982.0,,,,,,,,,,,,,,
174983.0,,,,,,,,,,,,,,
174984.0,,,,,,,,,,,,,,
174985.0,,,,,,,,,,,,,,
174986.0,,,,,,,,,,,,,,
174987.0,,,,,,,,,,,,,,
174988.0,,,,,,,,,,,,,,
174989.0,,,,,,,,,,,,,,
174990.0,,,,,,,,,,,,,,
174991.0,,,,,,,,,,,,,,
174992.0,,,,,,,,,,,,,,
174993.0,,,,,,,,,,,,,,
174994.0,,,,,,,,,,,,,,
174995.0,,,,,,,,,,,,,,
174996.0,,,,,,,,,,,,,,
174997.0,,,,,,,,,,,,,,
174998.0,,,,,,,,,,,,,,
174999.0,,,,,,,,,,,,,,
175000.0,,,,,,,,,,,,,,
175001.0,,,,,,,,,,,,,,
175002.0,,,,,,,,,,,,,,
175003.0,,,,,,,,,,,,,,
175004.0,,,,,,,,,,,,,,
175005.0,,,,,,,,,,,,,,
175006.0,,,,,,,,,,,,,,
175007.0,,,,,,,,,,,,,,
175008.0,,,,,,,,,,,,,,
175009.0,,,,,,,,,,,,,,
175010.0,,,,,,,,,,,,,,
175011.0,,,,,,,,,,,,,,
175012.0,,,,,,,,,,,,,,
175013.0,,,,,,,,,,,,,,
175014.0,,,,,,,,,,,,,,
175015.0,,,,,,,,,,,,,,
175016.0,,,,,,,,,,,,,,
175017.0,,,,,,,,,,,,,,
175018.0,,,,,,,,,,,,,,
175019.0,,,,,,,,,,,,,,
175020.0,,,,,,,,,,,,,,
175021.0,,,,,,,,,,,,,,
175022.0,,,,,,,,,,,,,,
175023.0,,,,,,,,,,,,,,
175024.0,,,,,,,,,,,,,,
175025.0,,,,,,,,,,,,,,
175026.0,,,,,,,,,,,,,,
175027.0,,,,,,,,,,,,,,
175028.0,,,,,,,,,,,,,,
175029.0,,,,,,,,,,,,,,
175030.0,,,,,,,,,,,,,,
175031.0,,,,,,,,,,,,,,
175032.0,,,,,,,,,,,,,,
175033.0,,,,,,,,,,,,,,
175034.0,,,,,,,,,,,,,,
175035.0,,,,,,,,,,,,,,
175036.0,,,,,,,,,,,,,,
175037.0,,,,,,,,,,,,,,
175038.0,,,,,,,,,,,,,,
175039.0,,,,,,,,,,,,,,
175040.0,,,,,,,,,,,,,,
175041.0,,,,,,,,,,,,,,
175042.0,,,,,,,,,,,,,,
175043.0,,,,,,,,,,,,,,
175044.0,,,,,,,,,,,,,,
175045.0,,,,,,,,,,,,,,
175046.0,,,,,,,,,,,,,,
175047.0,,,,,,,,,,,,,,
175048.0,,,,,,,,,,,,,,
175049.0,,,,,,,,,,,,,,
175050.0,,,,,,,,,,,,,,
175051.0,,,,,,,,,,,,,,
175052.0,,,,,,,,,,,,,,
175053.0,,,,,,,,,,,,,,
175054.0,,,,,,,,,,,,,,
175055.0,,,,,,,,,,,,,,
175056.0,,,,,,,,,,,,,,
175057.0,,,,,,,,,,,,,,
175058.0,,,,,,,,,,,,,,
175059.0,,,,,,,,,,,,,,
175060.0,,,,,,,,,,,,,,
175061.0,,,,,,,,,,,,,,
175062.0,,,,,,,,,,,,,,
175063.0,,,,,,,,,,,,,,
175064.0,,,,,,,,,,,,,,
175065.0,,,,,,,,,,,,,,
175066.0,,,,,,,,,,,,,,
175067.0,,,,,,,,,,,,,,
175068.0,,,,,,,,,,,,,,
175069.0,,,,,,,,,,,,,,
175070.0,,,,,,,,,,,,,,
175071.0,,,,,,,,,,,,,,
175072.0,,,,,,,,,,,,,,
175073.0,,,,,,,,,,,,,,
175074.0,,,,,,,,,,,,,,
175075.0,,,,,,,,,,,,,,
175076.0,,,,,,,,,,,,,,
175077.0,,,,,,,,,,,,,,
175078.0,,,,,,,,,,,,,,
175079.0,,,,,,,,,,,,,,
175080.0,,,,,,,,,,,,,,
175081.0,,,,,,,,,,,,,,
175082.0,,,,,,,,,,,,,,
175083.0,,,,,,,,,,,,,,
175084.0,,,,,,,,,,,,,,
175085.0,,,,,,,,,,,,,,
175086.0,,,,,,,,,,,,,,
175087.0,,,,,,,,,,,,,,
175088.0,,,,,,,,,,,,,,
175089.0,,,,,,,,,,,,,,
175090.0,,,,,,,,,,,,,,
175091.0,,,,,,,,,,,,,,
175092.0,,,,,,,,,,,,,,
175093.0,,,,,,,,,,,,,,
175094.0,,,,,,,,,,,,,,
175095.0,,,,,,,,,,,,,,
175096.0,,,,,,,,,,,,,,
175097.0,,,,,,,,,,,,,,
175098.0,,,,,,,,,,,,,,
175099.0,,,,,,,,,,,,,,
175100.0,,,,,,,,,,,,,,
175101.0,,,,,,,,,,,,,,
175102.0,,,,,,,,,,,,,,
175103.0,,,,,,,,,,,,,,
175104.0,,,,,,,,,,,,,,
175105.0,,,,,,,,,,,,,,
175106.0,,,,,,,,,,,,,,
175107.0,,,,,,,,,,,,,,
175108.0,,,,,,,,,,,,,,
175109.0,,,,,,,,,,,,,,
175110.0,,,,,,,,,,,,,,
175111.0,,,,,,,,,,,,,,
175112.0,,,,,,,,,,,,,,
175113.0,,,,,,,,,,,,,,
175114.0,,,,,,,,,,,,,,
175115.0,,,,,,,,,,,,,,
175116.0,,,,,,,,,,,,,,
175117.0,,,,,,,,,,,,,,
175118.0,,,,,,,,,,,,,,
175119.0,,,,,,,,,,,,,,
175120.0,,,,,,,,,,,,,,
175121.0,,,,,,,,,,,,,,
175122.0,,,,,,,,,,,,,,
175123.0,,,,,,,,,,,,,,
175124.0,,,,,,,,,,,,,,
175125.0,,,,,,,,,,,,,,
175126.0,,,,,,,,,,,,,,
175127.0,,,,,,,,,,,,,,
175128.0,,,,,,,,,,,,,,
175129.0,,,,,,,,,,,,,,
175130.0,,,,,,,,,,,,,,
175131.0,,,,,,,,,,,,,,
175132.0,,,,,,,,,,,,,,
175133.0,,,,,,,,,,,,,,
175134.0,,,,,,,,,,,,,,
175135.0,,,,,,,,,,,,,,
175136.0,,,,,,,,,,,,,,
175137.0,,,,,,,,,,,,,,
175138.0,,,,,,,,,,,,,,
175139.0,,,,,,,,,,,,,,
175140.0,,,,,,,,,,,,,,
175141.0,,,,,,,,,,,,,,
175142.0,,,,,,,,,,,,,,
175143.0,,,,,,,,,,,,,,
175144.0,,,,,,,,,,,,,,
175145.0,,,,,,,,,,,,,,
175146.0,,,,,,,,,,,,,,
175147.0,,,,,,,,,,,,,,
175148.0,,,,,,,,,,,,,,
175149.0,,,,,,,,,,,,,,
175150.0,,,,,,,,,,,,,,
175151.0,,,,,,,,,,,,,,
175152.0,,,,,,,,,,,,,,
175153.0,,,,,,,,,,,,,,
175154.0,,,,,,,,,,,,,,
175155.0,,,,,,,,,,,,,,
175156.0,,,,,,,,,,,,,,
175157.0,,,,,,,,,,,,,,
175158.0,,,,,,,,,,,,,,
175159.0,,,,,,,,,,,,,,
175160.0,,,,,,,,,,,,,,
175161.0,,,,,,,,,,,,,,
175162.0,,,,,,,,,,,,,,
175163.0,,,,,,,,,,,,,,
175164.0,,,,,,,,,,,,,,
175165.0,,,,,,,,,,,,,,
175166.0,,,,,,,,,,,,,,
175167.0,,,,,,,,,,,,,,
175168.0,,,,,,,,,,,,,,
175169.0,,,,,,,,,,,,,,
175170.0,,,,,,,,,,,,,,
175171.0,,,,,,,,,,,,,,
175172.0,,,,,,,,,,,,,,
175173.0,,,,,,,,,,,,,,
175174.0,,,,,,,,,,,,,,
175175.0,,,,,,,,,,,,,,
175176.0,,,,,,,,,,,,,,
175177.0,,,,,,,,,,,,,,
175178.0,,,,,,,,,,,,,,
175179.0,,,,,,,,,,,,,,
175180.0,,,,,,,,,,,,,,
175181.0,,,,,,,,,,,,,,
175182.0,,,,,,,,,,,,,,
175183.0,,,,,,,,,,,,,,
175184.0,,,,,,,,,,,,,,
175185.0,,,,,,,,,,,,,,
175186.0,,,,,,,,,,,,,,
175187.0,,,,,,,,,,,,,,
175188.0,,,,,,,,,,,,,,
175189.0,,,,,,,,,,,,,,
175190.0,,,,,,,,,,,,,,
175191.0,,,,,,,,,,,,,,
175192.0,,,,,,,,,,,,,,
175193.0,,,,,,,,,,,,,,
175194.0,,,,,,,,,,,,,,
175195.0,,,,,,,,,,,,,,
175196.0,,,,,,,,,,,,,,
175197.0,,,,,,,,,,,,,,
175198.0,,,,,,,,,,,,,,
175199.0,,,,,,,,,,,,,,
175200.0,,,,,,,,,,,,,,
175201.0,,,,,,,,,,,,,,
175202.0,,,,,,,,,,,,,,
175203.0,,,,,,,,,,,,,,
175204.0,,,,,,,,,,,,,,
175205.0,,,,,,,,,,,,,,
175206.0,,,,,,,,,,,,,,
175207.0,,,,,,,,,,,,,,
175208.0,,,,,,,,,,,,,,
175209.0,,,,,,,,,,,,,,
175210.0,,,,,,,,,,,,,,
175211.0,,,,,,,,,,,,,,
175212.0,,,,,,,,,,,,,,
175213.0,,,,,,,,,,,,,,
175214.0,,,,,,,,,,,,,,
175215.0,,,,,,,,,,,,,,
175216.0,,,,,,,,,,,,,,
175217.0,,,,,,,,,,,,,,
175218.0,,,,,,,,,,,,,,
175219.0,,,,,,,,,,,,,,
175220.0,,,,,,,,,,,,,,
175221.0,,,,,,,,,,,,,,
175222.0,,,,,,,,,,,,,,
175223.0,,,,,,,,,,,,,,
175224.0,,,,,,,,,,,,,,
175225.0,,,,,,,,,,,,,,
175226.0,,,,,,,,,,,,,,
175227.0,,,,,,,,,,,,,,
175228.0,,,,,,,,,,,,,,
175229.0,,,,,,,,,,,,,,
175230.0,,,,,,,,,,,,,,
175231.0,,,,,,,,,,,,,,
175232.0,,,,,,,,,,,,,,
175233.0,,,,,,,,,,,,,,
175234.0,,,,,,,,,,,,,,
175235.0,,,,,,,,,,,,,,
175236.0,,,,,,,,,,,,,,
175237.0,,,,,,,,,,,,,,
175238.0,,,,,,,,,,,,,,
175239.0,,,,,,,,,,,,,,
175240.0,,,,,,,,,,,,,,
175241.0,,,,,,,,,,,,,,
175242.0,,,,,,,,,,,,,,
175243.0,,,,,,,,,,,,,,
175244.0,,,,,,,,,,,,,,
175245.0,,,,,,,,,,,,,,
175246.0,,,,,,,,,,,,,,
175247.0,,,,,,,,,,,,,,
175248.0,,,,,,,,,,,,,,
175249.0,,,,,,,,,,,,,,
175250.0,,,,,,,,,,,,,,
175251.0,,,,,,,,,,,,,,
175252.0,,,,,,,,,,,,,,
175253.0,,,,,,,,,,,,,,
175254.0,,,,,,,,,,,,,,
175255.0,,,,,,,,,,,,,,
175256.0,,,,,,,,,,,,,,
175257.0,,,,,,,,,,,,,,
175258.0,,,,,,,,,,,,,,
175259.0,,,,,,,,,,,,,,
175260.0,,,,,,,,,,,,,,
175261.0,,,,,,,,,,,,,,
175262.0,,,,,,,,,,,,,,
175263.0,,,,,,,,,,,,,,
175264.0,,,,,,,,,,,,,,
175265.0,,,,,,,,,,,,,,
175266.0,,,,,,,,,,,,,,
175267.0,,,,,,,,,,,,,,
175268.0,,,,,,,,,,,,,,
175269.0,,,,,,,,,,,,,,
175270.0,,,,,,,,,,,,,,
175271.0,,,,,,,,,,,,,,
175272.0,,,,,,,,,,,,,,
175273.0,,,,,,,,,,,,,,
175274.0,,,,,,,,,,,,,,
175275.0,,,,,,,,,,,,,,
175276.0,,,,,,,,,,,,,,
175277.0,,,,,,,,,,,,,,
175278.0,,,,,,,,,,,,,,
175279.0,,,,,,,,,,,,,,
175280.0,,,,,,,,,,,,,,
175281.0,,,,,,,,,,,,,,
175282.0,,,,,,,,,,,,,,
175283.0,,,,,,,,,,,,,,
175284.0,,,,,,,,,,,,,,
175285.0,,,,,,,,,,,,,,
175286.0,,,,,,,,,,,,,,
175287.0,,,,,,,,,,,,,,
175288.0,,,,,,,,,,,,,,
175289.0,,,,,,,,,,,,,,
175290.0,,,,,,,,,,,,,,
175291.0,,,,,,,,,,,,,,
175292.0,,,,,,,,,,,,,,
175293.0,,,,,,,,,,,,,,
175294.0,,,,,,,,,,,,,,
175295.0,,,,,,,,,,,,,,
175296.0,,,,,,,,,,,,,,
175297.0,,,,,,,,,,,,,,
175298.0,,,,,,,,,,,,,,
175299.0,,,,,,,,,,,,,,
175300.0,,,,,,,,,,,,,,
175301.0,,,,,,,,,,,,,,
175302.0,,,,,,,,,,,,,,
175303.0,,,,,,,,,,,,,,
175304.0,,,,,,,,,,,,,,
175305.0,,,,,,,,,,,,,,
175306.0,,,,,,,,,,,,,,
175307.0,,,,,,,,,,,,,,
175308.0,,,,,,,,,,,,,,
175309.0,,,,,,,,,,,,,,
175310.0,,,,,,,,,,,,,,
175311.0,,,,,,,,,,,,,,
175312.0,,,,,,,,,,,,,,
175313.0,,,,,,,,,,,,,,
175314.0,,,,,,,,,,,,,,
175315.0,,,,,,,,,,,,,,
175316.0,,,,,,,,,,,,,,
175317.0,,,,,,,,,,,,,,
